0x6a0002bc8b75393c01b3b9a6f1b1dd641535ca33,61
0x6a000c69156bf3fe546958cb12fc21dc46f239e2,14
0x6a001d62ee4c0e8c55eca1a9bffc925f981b841b,1
0x6a001e8d6230e3606d4a8f2cfd8aa4ce30e3eae5,58
0x6a001f5d03bd5cbd81bb28dda89c1316a40ffef4398cdb1703c9f7a15957c4b7,6
0x6a00214d1d9fa6e03bcfba88bde57095c12b30ca3695fbae119b67ebc637562d,9
0x6a0023f4dce599b779d469f8dda72d2811451105,45
0x6a00246da24066e69122e55e09a39698506778ee,1
0x6a00281c5a3fe6dd916f5e0013c7f34273fb798a664c34c164534a8eacf0ae05,1
0x6a002a170341110081f3cf6c383389a7eb5a3cf4,6
0x6a002ed64c4494607056b6f44d76dea69595fd85,30
0x6a002f686fe1b31b4867bb055982c66d1783d553,1
0x6a00319a1daebc4bd4e31c958f6374fa42c666f9f50d979d0873b59b692c9d9c,1
0x6a00326fe1096ba31a428b30ddd27405ca75b13a,41
0x6a00335746a40e1a6ed2847183e72f2bc6d2ceb6,118
0x6a0038a58421491105d6b859ae59ada0f0a05b4ab9ddd5acea4a2bb29d1ecaf8,1
0x6a0038cb75e295ab45fb1495e3f2efde20155d8d,47
0x6a003b00f799919c2998e5b07709744ebcd31cb3,169
0x6a003e636eb2d0c198834c5300474b6764b65868,12
0x6a0041dbb8b33007389572152c8445faf2dfd001,20
0x6a004b9008f531defcc3cf883f6cc02023062ff6,23
0x6a005052931cdd02bf67803aac02c08f71400a70,1
0x6a0056714efa86bbfb9c95cbcab2fb3a222a35fbe938c228558c8970ef05c35b,2
0x6a005704c0eda7179507ecd1ba9e3c55ddc261a5dcdeda733a577d404ebfaa8d,1
0x6a0058dff8239c1dcfd7dc0985d14745e111a0ef,1
0x6a005baaf4fc661ccc7924006b45721908aa553e,31
0x6a005bc9695c91b3c2b23a23f7a706bdfdb4522f,43
0x6a005c54f48f07a6aa2602d8426730c3e58b532a,6
0x6a00610e52cc8bf6d41aa913097cc611957587ae,1
0x6a00612f8719497028eb74bfba8ccf76015fc0d4,2
0x6a006153d579921c85ee91db0810af02f958c3bd,6
0x6a00622a41d578a29c3709c2481cfd25e77810a4abb70aa3e505a9b8a0d40bc8,2
0x6a0062957c3059f65b8213d51ee8dbae05906013f84c3176a57d1e263d8f1800,2
0x6a0069cc3bed0291756c221371449f55530dd4b6,8
0x6a006d857bfa8852b5edc614773d7f2ba15f4b27,48
0x6a006e4ce427dfd9d6146e3c44ed6091624a0033c4542b635295f2a916526c22,1
0x6a0071b94dfec23e8d7101f0ede7077591231ed8,40
0x6a0074d73e4663be53452ddf1fe3b0586fff6b12,79
0x6a0075ad995e1e4db2bbfe2445314f040cd13229,1
0x6a0076847653b00224f341824545e2193e8b41d8,1
0x6a00784899fbc93cfe1445f3985fc632465fa6ac,71
0x6a007a4e6f8aa3ad8dd25d538d118b6abdc3c136,1
0x6a007c43349f4f2582818a396770633cded1e222,1
0x6a00808558fae25eda9cec9175e85aeb2259f519,72
0x6a008ccb72626f3c7fb042e4971456dd10c98ab9,2
0x6a008db200c23247b4249b4bee3acea27b033e6d,1
0x6a008ec2ed7d3ef701820eea12709bdb5ba342c1,2
0x6a0093600f43fec3c0dc68b2b90bb5ee8e759789,47
0x6a0094dcb38a15015b61a1189057ef8ae5dcf1cf35025fbb6332ae477dbb2986,1
0x6a0094efdbe3f254bac7de1e934ec6dfe4f1366c,2
0x6a00978ab8e8fdd081dd1c59e7d402f6e3bb2ba6,48
0x6a00985d5af599c54246c3075f5a4712fd7b7788,1
0x6a0098c1aeb0dd18d964d1a4546fd26e131ad203,21
0x6a00999044a617f417c0a40f7e6c2d2d96b307083b71480a9f28dda06c75c5cc,5
0x6a009cea33ad972fc5ab6013cd7d3c6c21c351d1,1
0x6a009fc0aa373d361d3783cb58c6acf954d3a8e7,1
0x6a00a28fd9ec9a829fec1c23d0513480f4995a10,1
0x6a00a4d00862d453b4b178c20576e7151eb73f8d,23
0x6a00a4d644a979911c20889f530c44b650ac2e25,44
0x6a00a6273c988925ab1bc1c4b77f9844c70c3d9e,2
0x6a00a847eb55486a157efc443f36f6341535e9d5,44
0x6a00aafe2762e3f0b87f151420094c931483f951,1
0x6a00ac5b00c2ae6a919d23891114d7dd23a97ee4,1
0x6a00b40fe5fe0d14b0d0ffbb9bfb69de3f680c11,2
0x6a00b4a9b44a6640f2ecee1229c8251fd8c565c6,19
0x6a00b60ebfb68945e1fedff01251da7916e918e5,51
0x6a00b6fb59809e2515612af627ea0757f622bebd,37
0x6a00b78ef60b99d21830a6f4c6223a3e60af0cef,36
0x6a00bb9ba27a9a4a722ece8df8815e743a32f6e4,5
0x6a00bba8332a1b8ed251aa44320e3a844adc57b4,46
0x6a00bcae212cb08594493173a2332eb331a436ce,1
0x6a00bf14baa27980145f2e9596bec12464789dec,17
0x6a00c064a8698c4f2d79a1545eb748f7b0cbc674,2
0x6a00c477cbc94b9c3f56ab595393ede438f4abe8,4
0x6a00c647cadedbd581437f3e2f14f376691fa6ed,1
0x6a00d67dc7dc68e08a70874a83b6bf8c11d7f653f23a1c843d951e84940f8882,2
0x6a00db856eda51b16679c1e06d2849b7c8f2a10e,114
0x6a00dbb11c595fa325518200bf90932f2720f50459569d5ee3122df3c542b037,1
0x6a00dcc614a495766357e5a392ba57f46201a0a2,11
0x6a00de351dee841517fb4299a75182ae37deccff,36
0x6a00de7d23a8193a92a901ee8874b286d9608d59,3
0x6a00df0ef9d69dd04e4707dce5e560dc08a8cf1b,2
0x6a00e60d72adda4deeaba60131a3fba42778d028,1
0x6a00e632daf5b1cd8bdb140da2ada29974949418,81
0x6a00ede77d60eb8b669890ce94bd2a2830ac4fd3,22
0x6a00f100a63019930b1eff0a3e06bfc3a5a764e4,20
0x6a00f3874faf4f2941c416ac23c1932d1752c0b0,9
0x6a00f50f83f77fa5e23038f65467bd6de8c4cc20,14
0x6a00f60a99f5df4bb5b0f9abc0312dcc51b18c6e,21
0x6a00ff812cb473505951fa49d9dca1e1f98fa1a6,1
0x6a01002bab09e3ebcdc1098b09ccd0dc2d0b4064,30
0x6a010385c12bf674c5c31211b7bd57f0fa267b1b,1
0x6a0103af11a8c4ffb970ce7c7d20d29de295bbfd,58
0x6a0106811a3de7ce813d5ff0608161d0a6efb764,48
0x6a010f63196eeeaae7d15417912c1e6d128b9a27,4
0x6a01146daedd9adb7b2357431da96858effe560c,49
0x6a011936985006179775c021c38b98facd1c7a52,40
0x6a0119e4530b4d6c1938dfa6bed690ec7b69fc9443c07b48275b23bf6b9c456e,2
0x6a0120d953a5b695efbf022253fd18624d52823a,71
0x6a012682e575dbc40e96198d9eded5e0970b263a,22
0x6a01286f8d907ddc0b617a4349d6fee3ad31369b,1
0x6a01297b52643fa6d3f56f7a9d8efa0fd11a4daa,78
0x6a0129cee67778cd45df5a35a3802e4fd80b77b9,1
0x6a012a4855d640f87eb8d4c53f9f1cf2b83248c9,4
0x6a012d81f1825069033796c13bb3197739986432,6
0x6a012f3b654615d475318a7b4a760058da6ff390,15
0x6a0133034edb106c8f10aea1491a1f17c07c5f2c,3
0x6a013abda6c2e8912d3484e0896d7c7d73027a74,14
0x6a01406179e24a54e82f985d15f504d8eae0d459,42
0x6a0147bfe9b32921c92cd5c19e94421352eadd51,26
0x6a01483907c486db987aabba1429540133c52a33,5
0x6a014d1debe261892c38fdca0cd99ad4321d7bec,52
0x6a014f64ddb2628d428f9aac41c60453e83cdf74cbb131ddeee845e0450b2029,2
0x6a0150489cb04cbfeb72bedb28bd3b030725863e,12
0x6a01517b315623fb53e1ae7846d1fce36b542102,1
0x6a01559932df608d36dc9bc1e54cb88a1354aed4,24
0x6a01569f104872106eedf94971a3814db6d30596,14
0x6a015a75cff8862142bf3253fbd7c2e99d4b6cfc,16
0x6a015d5808dd36c1b7e04618f6405a4d3fe05ee9,1
0x6a016a11e7399355ef3911f234dd656d946619b2,1
0x6a016e066247eb761ec0159414524872419a5d182e77e7c06b3d1cb4296b3747,85
0x6a016e766b0387fe88cc092bd2edeace0510f890,18
0x6a0170ad143f94c6a5cce48a69c4c9b9bce6f135,69
0x6a0171d88058e6237a4a912150f3d7de1410f1f329946ef7cb76a85b17051dc2,3
0x6a01744b20646c95f32740476d1998ac80333f0be550f4767d81cf2791321e37,2
0x6a0176e793a67a95d9a75166b1afe1f4befc0586d3ac135a13a46a9b565ea023,1
0x6a01773178f39a49891ff7f268856f15f3cd9a0b,54
0x6a0178d2859dcccd459809b17a237de396dac40b,7
0x6a01793ff990ce1af2a1840951a09da55aff576e,2
0x6a0179f780897845d5e56be66d160b6adb7ae933,4
0x6a017aae7feb89963f9dc7debeaa55d6721ba700,45
0x6a017d3ad744b2a93fab3e55a1bf29ae5f78fede,2
0x6a017d5dd8306952e2077c327332df5953099997,2
0x6a017d8d0b09155250051e4e17194c15d2912f40,51
0x6a017fe51cbcc3902c09b761df2c8b37be1f4035,21
0x6a01804e355507722bffaf3c05cad1eb0bf6caff,6
0x6a0181a4f532e50796844e293cd0a5c5eca4312d,2
0x6a01827ac168cb0bd50931c3f19efbf929bc7dc0,2
0x6a01846a0215c2f6c83fdf249bb5e70d90d499afaa7d5d1f775da4385d674b38,1
0x6a01850f0002da51cb3c6b1973af20f3aba5e37e,27
0x6a018854b167d5d4d6944cb2f794bf59faf49b47,6
0x6a018ad51de844243ce7fb743c3e5f4481df6858,94
0x6a018df5fc9161467e74fcb5e2befa4d8b6a19b44bbda0e81bf4f223901e6755,3
0x6a01921d171b95a08e1c894403c5d8a350def390,1
0x6a019291d8ffb93ce6c25095d30bd7d177bb8f79,2
0x6a019399df7d0ed1bcce2161f872ee177b93536f,12
0x6a01954959e301efc5f53e7d27e89306b5e25995,49
0x6a0197b11448e550bf65591ccd2ac95a2f18b1e0865e70eb0559b2d225f9741,1
0x6a0197e37dcb588f0130ca683d8ecbeaec973fcf,8
0x6a01a3e1774d2663bfe70ae5c81d4ae4bba5c5bf,3
0x6a01a65938bad11b30fe6f979ecfb84b5adafd96,31
0x6a01a720bfe6e5292624835668e755364cf1ee8e,2
0x6a01a7c531771e60c23ccd6820c445b1e9333894,2
0x6a01a90bb1b929eaae405d092caa8c33c2205c2c,1
0x6a01acc9d292e04bd12b6cd79b7bb154bd4d9a42,1
0x6a01addc17bd8728c7f695d151a250a14be2436b,9
0x6a01adebd2bd7d5391826e5f39b8a7dddb5929f2,111
0x6a01ae3382c433f4aaaaf1d07599ab89059e3b8a,21
0x6a01af210dce01f44b5067fc688641384a8bce5b,4
0x6a01b17cc02e239eda13062455a9ff11c658912d,9
0x6a01b1a1262955d2172b9b660e517d3b6b598eeb1f14be70dbfd7db7cec1643d,11
0x6a01ba4046eb74d620b1cdfa8396da98718fe43c,1
0x6a01bca85db6aa706aadb55a9d1055691166d577,43
0x6a01be2fb5f82ca9d2c8977f9de0995849503c489770b94c8b86ab3bd0b803c,4
0x6a01be95dc9c83c8bac316669ae5f3b21e27e45e,106
0x6a01c20667ebc40c2655861081f1f5e70881cba6,1
0x6a01c3750b6ae86aab072ac3053258e1ddd3212d,19
0x6a01c392294e883c6af9bc86ee081fcb9e4ef94bd874ac23e28766b499bed551,5
0x6a01c54cfe5638af34b6abd5dfa338b48e21aaa4,60
0x6a01c668de196ae0a7796c755d15163a61a648c1,1
0x6a01c69349ac4ac6ecc08ff0f9016fce1ad8c961,33
0x6a01c998936061334e5c732ccac4d386fd6e7282,113
0x6a01ca9ee975624e3ff58a77ac15549791e56ef7,1
0x6a01cc50cf25fd2f7c905a12c12d7b785b5972d9,12
0x6a01cf156ef382698cc78f4027bd90e4e3068268852be9a645d07b0285062b83,3
0x6a01d0a05211076b44f7003651372420e3d9e13d,25
0x6a01d1569677d9411b9caa2560d2376f8e13397c788a3df85ee6e5fc0eda36a6,4
0x6a01d7726f31753f40de4004b7e9e0b2fdd9c058,16
0x6a01d84b49389b0147734f0ba18d7df9eb019c5a,32
0x6a01d9ef86697342d6ebb2625ac1997eca59571f,3
0x6a01db1a42b36525d4a770c6d8a0eeed328a70bf,11
0x6a01dbfd088e1e4cec0361335d87afbb43b2cb8d,208
0x6a01dd8e6384fe7835cb5cf124201bbd8a670056,38
0x6a01df9672b7f17dc62edb97b3bb09ad5766219e,1
0x6a01e0b1332afb2a47dcc4c91b7d2fb60534c857,104
0x6a01e23dc0adc8500e6015a6f1066a6b94087a10,22
0x6a01e4ee2ec5956162df7d4170182970e28291a6,28
0x6a01e52781827be524ebd36f0e1dbb053fa7cee85da911119c8fab416631f5bf,1
0x6a01ec6728f79c45be49610a04245180bae30f4c,11
0x6a01f7476063837c0f36727295b53168b85c4d00,1
0x6a01f989ddacbd467824b83bdaa5093769e9b314,47
0x6a01fb7addd6af6fbdb82705be075e8e2b6a1feb,32
0x6a01fefc12284a7db10fbc8f8fbb081a8fa73f72,2
0x6a020272844ae64aa56d2e4d4f2570a9f13f47cb,1
0x6a0202777845ba4c48d1cdb8733cdae47790356f,1
0x6a02042c1f439fdd60a04819dfd9b6cdb3c3b535,8
0x6a0206ce773fef21bc2b9634b0fbe27afbcac3a4,13
0x6a02085e2430780c07ff8c45c1b56dfe2352f9b1,25
0x6a020b2b773a788cf54f9ca804b1afa9d74f8fb2,116
0x6a020d2f01925f3096407e85939bb1ff2be212c8da19371f67aa7e3fd131bc10,1
0x6a020d872c983cfd09b45714f3e1183f52c25d16,17
0x6a020ff9a1bc3a4a4db609cb71f9a2123cb0f2fa,48
0x6a021048eb4767e5c984f490cd784091b7bac7ce,31
0x6a0212ccbcb49ef60ab50074d827abd3b986979d,7
0x6a0219622f9e64c4755aa67949c0db4f4339f36d,1
0x6a021a2b6323dd1ca587e1bf426ff41f1bdcf631a0ad5f3836afa64a71357553,10
0x6a021b079c4cc8a16caeba831b0c4e30eccff8ee,3
0x6a021f42822e045972c3defa701a43a5255aafa0,1
0x6a021f6c376d4dcef43fa0b2331a5e46d8c90655,59
0x6a0220c193de29f13cf0b00b66f527fbf3e93a55,24
0x6a0221239fa0fd04c3cd1bc0f83fd25db1f4c4f0,65
0x6a0223691a782c9da8a1a6d9aba1669b750bf7e8,4
0x6a02291ac2d90bbdda08f3771152545519bdea4a,6
0x6a022aa871a0736a6ded2363dccd1aad778e198c,1
0x6a022e3fac50da9ef5eaf7e52642d01fd97f31a68b520e90774920f115ed478,3
0x6a0231f1aedf3f7b232c44e8b6b284e16dd25d42,103
0x6a0234818f9a051928d07685dd180d91225dc53c,32
0x6a02359e48a165b864d4da13c76284a0cc1830af833dd0329de806725715a2b7,1
0x6a023899ac7f7137eafd3215d56f2d30b7c86542,56
0x6a023b248f1638be29431ca52cda7f73307125e0,2
0x6a023ca7d90152ab5c951703e170244409363243,25
0x6a023cd93ed7586696333ff67f4bbe24bfc92ce5,1
0x6a023f2dbac28e48ceda26a2bb39685e5644f159,57
0x6a02413ae50742a29f330b879e37d8eb04b136c22a118044b39ff385a5f61d91,1
0x6a02471548efe4e693ba922ef012bd0e24e4b5a6,3
0x6a02495e847fb9cf6feb3eadd50a54e1da3e8452125e3378da942b0dcb451f0d,1
0x6a02496ce2fa4f81b83b11c6d383733f2fe2d0f2850a2546285feb865e7e225f,1
0x6a02504d9d70d91a17a16d0fad209d950c63f9a9,103
0x6a0251c7744c23a6a02e58523a3b1a1b202cfdb7,70
0x6a025268df7d88db8aae95d3e0457642e2d648e7,1
0x6a0252e61a36909d3af805da94301732e6d109c7,1
0x6a0252ed65f3ee399eaafbdba70b73e90ceb8709b80a8ccbfe392c854b0eb5f6,2
0x6a02576b5340a76d8628f86b541ab58f0d5f63a6,1
0x6a025888684885e7d41ad6c5ec5669f93d270222,8
0x6a0259ab24e24e080961e6d77c3a9d7d3d2a5433,4
0x6a0259c10c9e8da98fdc641fb297beaf7a57bc06,30
0x6a0259ec8e548fdb8b1b784b81f8fa024b811eac,3
0x6a025c0b139bc87062aab1f25ee566d5b62ea0f6,138
0x6a025c8e763b667800bcff5c439c3f7d4aca157e,40
0x6a025ece5acf32922041392d14b3a9009bffec40,1
0x6a02604f3a2dc529848338471b2597907abd5ea2,1
0x6a02642a668987d57c332a695273cb427525b1e2,1
0x6a0264be96665bcf18569c6cbee53bea23ff75da,1
0x6a02687235884ef9161081d0a9f08db1ec7b2f3a,21
0x6a0268bc7359b08082bd9eefc87b26ffa58dc99d,1
0x6a026c175dbc47d74177bc7de8585e98f4a7f2dd,26
0x6a02709237a6944b249e8aaf210998b45cc8f8b9,4
0x6a027373bb26581992761ae0b03efebcfd7d37a9,1
0x6a0275a2a921861f01965e6a2c203fbca49d4308,66
0x6a0276219729db9305393a3ab30688a455200608,55
0x6a027c40cf9e778e02831fe6af6f16caad5f3d37,1
0x6a02805b2928833d47e02e879873e384cd6175ca,4
0x6a02820896e56cbe435a88aeb0d94adefc00583c,1
0x6a02872da0784193ed75a3b92a402e229e08abe3,1
0x6a02880767f520de221bdc8583a58118066a12a2,2
0x6a0288eae917ed24a11be887baf6b49f6be52849,4
0x6a0289912fb5c0561613634a34178513c8492be8,13
0x6a028bd50cbfc24e10b7dc80cea95ab177d05da1,15
0x6a028be69e2b3db13a0f3b90863f0fd53820c08e64ef97009d2ec1399459d3ee,2
0x6a02905190a9fbfe0a3094ee0741c15fe1f49361,1
0x6a0292408d3b8db3d9696e5685a320601ac34097,35
0x6a029295aa5189025c4c3722f0f079f2c9919e43,32
0x6a02929615996c9f07b026b012b51593e3fa19ad,1
0x6a02947b8f34e28a5266e8d693a8fbe2e7202466,68
0x6a02961d29c3a6115a2145bdddea0fd5285686f8,20
0x6a02987cb4ce709abdb6bc04ba198169660f409f,32
0x6a029a701c230863419aafb02fd4e663735b42eb,2
0x6a029cc4a00f41ef8acb3f41108585254a8e315c,4
0x6a029e40c597ba8cf4916f7436bee92ae59f4f82,1
0x6a02a270e917237085473b711457f384996fe0dd,1
0x6a02a60863f86e4a5e7631e11815b290c9910d40,3
0x6a02a71a32ca98e79ee4ce5cc270eea1b12f1ac6,42
0x6a02aac2847dfcb72dcccd7b0063e7437809ba2d,1
0x6a02ab83176c1dc425b627a90c6d188f3390e777,29
0x6a02acba9cb4e183519a3268c288a53f49aec66b,4
0x6a02ad6231b62dcad5cadbd697deab8e51b8a8c247a9e3b666ff38ec4da96743,4
0x6a02ae1ac7c2fc49e7db2f588ab7197dff1bd65b,1
0x6a02b34c26d53236fc50dcb540a186fd4472579723005b72b86043cae3323690,3
0x6a02b39527d96dfb0cce3ef20a17ef83cef37fc4,1
0x6a02b50a985941e7891a5e798df92314d3d17721,14
0x6a02b52eed130786dc9bbe9ca965c7766864766d,18
0x6a02b676ef68e7838c5c528babd011884f3f7309,76
0x6a02b68a841d01342058ed2aae0eca2c4aad1c74,9
0x6a02bda1023e267b32e6288322a2f44d85ab576c,15
0x6a02bfa93dcee926865ba52e3c91d476989ae802,10
0x6a02c1d4670f97b85ea56a29d097c01e354f90b8,49
0x6a02c2b4fdaa2e039484dedcf927341cb264c062e15b3e2a6071a84bbb24698b,7
0x6a02c6fa2d13bc6bb5860c809abe568509a27729,80
0x6a02ca43975e8857e6c81f094ab929cf0605a373,63
0x6a02cb59878c074d6d9ce372e5ad6b5a52a50217,2
0x6a02d3ed91104b260f5bad339b81b5d04c2e8e52,1
0x6a02d5eaa6263c94e32a3b9c0529b6a0f158f785,1
0x6a02d8e1cd51e525249525ae8ae45a668bba13bb,1
0x6a02deac27daebc4cc22b02a65a160b35d7737bd,38
0x6a02e04dbf6c9711fa6f77ba5558f8a851be2f12,142
0x6a02e398264408049ac23030f6c9f03c1bd4ece4,1
0x6a02ebabe5af52c82fd2ac9da055e4ce0651d49b,17
0x6a02ec52765650a79eacc602562707ba6a08ab83,2
0x6a02f4144296cd9b352394715bf07e8072c86753,2
0x6a02f5c9d313b4486798452055024923a66d92e35417391f1ed56cea8f0076ba,1
0x6a02f660b18b4ced66258957e3df6ce19c08c251,126
0x6a02f99c19189552e97299d9c04e22acb77e27f2,3
0x6a02fa916cc3611af6c2ef6b3d1e6c36742789fb,28
0x6a02fab5122219042a18f24756bb413ddf2bce1c,49
0x6a03011ebf9314745a49a511b149c8c5d069a22d,68
0x6a0302460f170a2d27e6f4d9e54d35496d8ad9ea,2
0x6a0305df1569114b0417eb01b5c57fc5bfc0a350,26
0x6a03081bbf915e7cf70377af3192580f5c81c076,48
0x6a0317b174e19916745cb6c57f0c1c447b148604,8
0x6a031961e4e5ffdabd7956d4feb4be63e89447ff,2
0x6a0319b0da693653b44db1d36ce30e4bf2c8d53d,2
0x6a031a931f60c9244faac94c1d2234c6de66d4ee,51
0x6a03226c18707c3bbceb00f92d5ded0335cacb25,15
0x6a0324923652cb6b36cfced3900cb972e6f3cfcb,1
0x6a03273df551360840ee560eb2ed91d41e8697ed01204974825220bae560c144,1
0x6a0328071b1a37d2d647eec83c4d7adcb4631917,18
0x6a032a7d78edf92815a9dabd225e8a1b868be0f8,1
0x6a032efea83f00879d7b8286819bb3e85552a97b,62
0x6a032f3ffec33b64216a91f7fb0ae4a88208e862,52
0x6a0330ef4dff0003c9047502f54996beb989e2b8,9
0x6a0333b2e51caaa5d25b34bdf8171bae5ac226b0,15
0x6a0333f8be7872f80b85e37c87e769b0b0806715,2
0x6a0339236eea3af194a90d56935972019875c231,56
0x6a033b394cebd14a7872e9584c73d70bcaf5a02f,7
0x6a033b3a15db128ae9252d5782295c4edd7f785b178ab5065370efb630efdce,2
0x6a033e3243e45e674a6ff2d62b301716ad3ebcbb,59
0x6a033e4181ce79a7b547a9ae25f885f704034e99dd19f8587c65a79313ddb2c5,6
0x6a03404a4af2d0c83dfaecb9a171f1b5aa85fb18,26
0x6a034256d89cae8165ae0f6f03ae8823f27214de,32
0x6a0343dfcdcde99cdb9627c528e3f59963a4636c,11
0x6a03447215df93a3e500e4e289ff3c00ed4c290c,24
0x6a034c9f5993b698353d53194759a5a72280f5d9,1
0x6a034fc9b6044e02bc39eebce73160fd7811359d,9
0x6a03509e06eddc1be9b1b74960d656b75a9886be,134
0x6a03525e45e7af0eac4414b1bfee3e3574d6dac9,1
0x6a0353f3d73ac3db49b3433dc14b07332a53acbd,29
0x6a0353f666771bb329fa827ec7232fb4a2f4024e,1
0x6a03554518558e887051feb6ca6d23113313a918,41
0x6a035a701c2a156e64a9c0fcd02054b4f587cbfe,1
0x6a035a7da7d4920552b2310d4081c5931ea66e2f,38
0x6a03634cfa83640e375cbd8a51c00c897add5471,8
0x6a036a4634f3c7bba94d9e2ef98f4fc722ca263b,142
0x6a036beff41974905a525bdf032c170de99c492f,37
0x6a036ed66b0e9ab50dc57d4064bd11f4ccee1046,1
0x6a0372b3fc2183780c5a7d0cdf53c0ba8b61f881,42
0x6a0375eafbcceaacc48b49ebca25c2170c7ec287,51
0x6a037af5d27176baef2e7ee3fc0b25532886b6a0,66
0x6a037d7dfad95441e7015d02464e4ed8ef0c3b76,52
0x6a037da47de5d1de211c5b5d6ff0c10c4e44fea2bab7768a1cb7e1c2d552fa78,9
0x6a037ef46892984a54ff99722b0a88ce9d739564,1
0x6a0381b0e79466783dfb958a6638eb9bb7052c65,3
0x6a0385eb022d16b03a63a77e09be185fc3988938ffb34ae6a44a524ec9fefe3a,10
0x6a03899ce68842b085ca3ed097d4d1a5cd2e4324,7
0x6a038c77e7cf9b987541727c3931a50e4ad3b25c,51
0x6a038d8f965765da2ed570d6e3df68f2cb2a110d,16
0x6a0393ce6dd271cd8c2242e9e31f74792177198b,99
0x6a0396751299538d39fbe46b8a86ae84a5d343edad4ceed0b48dbd974c7d2078,1
0x6a0397987d5b94fdd193a670a6d6bb8259846a0e,1
0x6a0398bd32404666a5fe769b0ed51bf773bfd15a,3
0x6a0399420e8af7db2501301be489e45272e94b6d,3
0x6a039cee27dfd0f9a300e4d942da2046251c3bf4,183
0x6a039e8ed6476fcfd25339f8f4fa4c946fee5c4c,64
0x6a039f2b4e9438f5439c4b6f069fde00fbbd9060,44
0x6a03a3148dfb654e1e19f5139525f36c842314eb,22
0x6a03a48411d50a3d0c067ad0913a7c1aff2c8fca,1
0x6a03a4bafd968e05f7c43ea136a6660d2ed02eb2,1
0x6a03a6466001ea4715a1bb7549c633c24a8930721311ba4c721575839e0d94d4,3
0x6a03a772a085909472c8b9a0ac9a6d2321b37bd8,15
0x6a03a7eb9e2f47fe79cfbbd305f07ded96d876c4,17
0x6a03a94dc1f4d645cf2db680067f65dfad1e2b99,84
0x6a03aa9f6032f9cd9adb51bd4a08a1a53dbf744aaab79a5a85d9a1d0dc1d1526,1
0x6a03ac92356b7c53590e3a18a90ab1bc4891514b,90
0x6a03b9855fdecc628f8c97f345760593df933a1b,3
0x6a03c0c02c191836262fdf775de6c15aa019f0a7c1180ea11db5ef5e64687c98,1
0x6a03c3d6cd797a825d834f9f117da9a836c2980b,38
0x6a03c63556b5c1a7e97d1bdf6346c7f3e83bedd6,34
0x6a03c80c04db97fbc60a25f5631e31b98d0a9e36,3
0x6a03cbc72dec6cdf458119d6fbc80df50dba84e7,17
0x6a03ce585a494f9c727065c97e87f41f66bf6072,8
0x6a03d1624addbdc586220e64e13ccfbf3b27fa20,12
0x6a03d1dfa11485b8388c9b5674c1d1ec77a78832,1
0x6a03d2154d60612feca8e69e042be4bb2e8ea9c4,2
0x6a03d58cb5d2dd8aed1f3ac5ccdd9fdd4d34b22c,56
0x6a03d923fbe0df50cacd6e5e771d7a5f21caa834,1
0x6a03dbd16d9520996dfbfa05f240da6bcd1bb2f5,65
0x6a03deaf5e121eba0761bf0d2722411e82d4b5d1,43
0x6a03defd3e075080261aab58a16dd8f7c0436176,58
0x6a03dfc8e924a67873e3d8ad8bc8bffdb74acc9a,9
0x6a03e70dc161f8f8832938fc8a4815df129670e3,12
0x6a03e77ce97c48f5f8825d4ae045af4dc3caa21cc01b0e9e51927bfac04ce50c,1
0x6a03e7d5db6b84f232c17c1978c61fa07e7ddc62,1
0x6a03e8ac3a30b3dfa781d52a3822b0277d0f4ee6,5
0x6a03eb2a0730740ae8eeee963dcadbcd7573f4b9,4
0x6a03ec17bb3b5b8bf2644c1620a53cb1638827fb,84
0x6a03ef6d33664cbd4c2bccbaf458cf448d7c6f5b,53
0x6a03f47a3913cf4535eb2d8dc16a19bf138e88a4a6a7b3be3898eeb2aa36eab1,1
0x6a03f64ff4440050d4331f7fde09c8c1e0284380,1
0x6a03ffed23112dbe9be2e4568d33604432d851c9,20
0x6a040068b6a2fd93a7413dafd0d13b4dfe6ac0a1bd756430a4ad0f61ebb840de,1
0x6a040210fd80caa3d7136ee666e6fbd46239d74c,2
0x6a0407bf9464c1a8493c630827e13f58654b8ded,41
0x6a04080582a9c941f320d95cd1bbba0dbbed9ae3,13
0x6a040f3eaff2e8627ab1322f54e2e96fadb730287d02243fa3d9830a331d65d6,2
0x6a0410e2dfd4af9692239a2e60fd5ec37b72d8a0,23
0x6a041231e10f14b7deefcd48025c6704afd6ce71,2
0x6a0412d022520955ee8768fce9655f1c2b510ec2,1
0x6a0415562ad249e614fd0cc2b2b3a04617bb9400,82
0x6a04161f43e8cf1598ddc4a3066813b0e5d40f5a,107
0x6a0419315875ea73ddcec510f6194bcd18aa2a5845f96aabce39ff3fe2e52a8f,4
0x6a041932fb4de7e30a3d472e7ab5af9a84691218,2
0x6a04196a089a0cb0841bf9146295b52913c1f488,1
0x6a041a97339ba9c7b877809d0345636c56b7d58a,11
0x6a041b7f8022a329b3c963fdcb78ace7a0e5c98d,10
0x6a041e61d884bcd37303cac7a5c743ec5bb4e305,1
0x6a04202ddac0857d611c2765502783ceab9e1930,3
0x6a0424bcba352288c70566d00cf964d4167aacbe,1
0x6a04282cf223f801778750eb1081e38c99024759a3929998e1b517bc9f9ae378,79
0x6a04298e7eb0e7a7d4dcac4232ab0c1b286bbdc1,66
0x6a042c987fbec0de69f9f9b1c0532d2f15a61c0f,18
0x6a042c995bb0bb17d64b697a153d19d57851014d,8
0x6a042e24bbfadef8e1eb479d05c598b8d589908d,7
0x6a042e58533a1dc66c22d5cba98bba2f8673749c,1
0x6a042f1e3e3be8ab4ad24d8b0959183146995efd,1
0x6a0433a9f4ea925eb490193856e5b19f9cf1f00f,1
0x6a0433b8ac3c5c9641d7a3d99c6a2547ddb42800,1
0x6a04340b6a8b0736c5790f86d758fb60c6d1b122,71
0x6a043516d6346f8a8c60b343fbc3fb89ea5905b2,48
0x6a04360202776cdf182e1fc74255ab9e92ad70dc0a295c5bb09db129f46bf2ec,1
0x6a04390ee88564561f81d18038c5a08e3a767f5426aa91b09f416eb03d170e36,4
0x6a04391e66a22cb253ef3daa7668fef58a73981d8d4e4fb1c175f8f1c65daf0a,1
0x6a043b5c55a51b1ccfbb9c12a3ebf8d84d15eaf85a8b4c6ed43fc0456c9d6834,10
0x6a043d2e6ac390e3eb43d09d8efdd8f2e35f8875,1
0x6a043d8868221aad85989256713dc40c4b36bdb5,123
0x6a0441bf0851af9872dead4ceab52fb0e77348d4,1
0x6a0444d27c0ba86465cc0fe68bbb45f27e8eba409358c26d41fca168746f1aef,2
0x6a0446763da62e321d8c56006ca5cc2e9071f368bc3a95928af4717cc1909666,1
0x6a044eb110e8333a14fd58e453d348ffdc92d911,1
0x6a044fcd322a110e66923d5f55e232fc8f55ef39,45
0x6a0452044bc01a8fb7a21929c9f49119c6969019,1
0x6a045362c39d87cc2793d2236ce3fb5453388649,11
0x6a045942250cd64d0df901f9159cef6398fd469a,20
0x6a04594248901a9683b6e194ca47f43a44ddd8af,1
0x6a045a022c42fac58c1dd87b6360f4ddb129aae9,15
0x6a045a8c8d8c3fc546d1cf6af99fe938c63de7c9,26
0x6a045d0d7d303a24d9a588c56747196b7b7b15ef,1
0x6a045ee44ae94854e70c18e23933ad50b7ac1c3a,1
0x6a045f380ed549c6ba4ab4c07b65d045065ae72a,1
0x6a046fcc07d608c0d5a4c839c9e3dc8592b1f8ac,58
0x6a047d473ac7ab1ecdf6fe7a24d39200a3e8a505e4aedd198771b7be3fff8889,1
0x6a047e7a6ccce2f99e52c7155cf855705f4ba91a,12
0x6a0482992e866487d200344b86032f7799f6a9dc,40
0x6a04872862a85a88f6520c85d167b30b89eea953,78
0x6a048a51dd4fea9c520821e2114680ecaaacc7fa,1
0x6a048b4911ad40b6623bf39a4d6a6d13ca11d5d3,56
0x6a048b8ee0eb64bc2a307f14d3db317567f36898,4
0x6a04921b0eb2555be1afd842969aec15c90d6333,27
0x6a0494e6e779e3bd52652a2a7b881c0f2dd07834,1
0x6a0497f357f9b14e6577d3c76ae36e3f88fbbbcc,1
0x6a04987305090af058b66eccc4515a973af84b22ea49ddaed58537032285b707,1
0x6a0499eae2f9c7b49a59ee7c93ecf4aa144e5ff1,90
0x6a049a02801caf65df28b765d9151462363e11b8,4
0x6a049d68048bc1e8505c397c3485554b6b36e96f,1
0x6a049e5b20798a4d8af4a0069db501d7b79db253,1
0x6a04a08ca4f8e653c8c7b2f76a4dfe5aa8e08ac0,1
0x6a04a25fb58e513afd9a54bbd0e221b5ece4f079,14
0x6a04a26a024108b2e3fd040ac2f31cf43fc5c1c9b1e3c4142010b4e9a797abed,1
0x6a04a415664f5d994ac54716b7521d3d3bf4bf255ad5c7825e281c0d2984c071,1
0x6a04aa70a463c3f6a418401ee1ff1e99ecbb1ffd,1
0x6a04aac1a211222cac9e5826903da26a877f5a00,38
0x6a04b2ae9c7ac9c6d762034c4d45aa859b2ebf537c07999ebb0f7d07844ea688,2
0x6a04b34206a8742d7678d34d4511c4d60a7dac3bb077abc5c8cf1895e7aaeb98,1
0x6a04b7b9c6f8ae5637d7274e752e54d7f6d5ae13,1
0x6a04ba4b63ec414c85de5e977901483ed4f461e2,1
0x6a04bb18dcec7688a2668ccf2a67c592f2039b69,6
0x6a04bc53b29cb718be85242ed2fa11714ded8641f9e3ed81341488d916833920,12
0x6a04be3cd6b7844cbce2906a7c41f5fd7b6f0816fb58ece4b13149a59fd7ba7f,2
0x6a04be5f2d841d54fc3cdbe478c0f4f2cb113b0a,2
0x6a04c1264a52ea01f3050d24eec1adeafa9110c1,50
0x6a04c22ab29422271d9e9164be1abf83fd030105,1
0x6a04c812ce043dcf29ea5410998f0cac8643aa22,16
0x6a04c8f762c191ddc750bdcc44eb5cf8044d2d0f,1
0x6a04c9da2f50b9cc6f26dcfa9ffa550bce2921a3,88
0x6a04ccbaebd27d6567e7b344dec9addda9dc5c75,19
0x6a04cdb07f54593266e50060084acd5bc051fab9,1
0x6a04cff6582ee05aa15fc296f4a4795a798b6f4c,34
0x6a04d10af4d0175913371c195a8ecc9199801dec,38
0x6a04d94ea9cbce237f6983bdcc86ff6aab96bd43,41
0x6a04db68b2c70d004aea367c54577fcf375494fb,61
0x6a04de1c23c2de0f6e2162c570ff6efddbbf772a,71
0x6a04e7e465a2ea6a61c6f542b80c47a678f208e6,1
0x6a04e9c9eaa910457f6e5831f49ded9c1c09b354,55
0x6a04eb2f0df3080665d3738b6b65403a3e61649e,3
0x6a04ecea8fa13176ec9950c1435868f295bd62bb80a56de4957fbe58c9e4140a,1
0x6a04ed259bb97cbf6a0031cf78b4ae2a8eacd3a4,130
0x6a04edb4313e217d424abd65953f27010a2efbde,88
0x6a04edce803b7aeb0a06e9466889b09b420f494f,20
0x6a04ee981831bfd2c64c51733c80a8b98ca8d8a86658cf8cbe400bedee94098f,3
0x6a04f060e0cb5e73e309715c2de7352451cd2ecf,28
0x6a04f703ea2d2d9d3be2245adcb57c5b48e711aa,1
0x6a04f861fdc20fd1c09f56be7139a3bb43b9eef6,51
0x6a04f9687abc360dc3544afc7a6907c0ce40e29d,2
0x6a04fd2cc19bdced59d2042cafbe683efc699901,58
0x6a04ffff17bbc4ba40663312c3580785dfadfcf5dfecccdce063defa7df9d475,4
0x6a05013ec7fa4ab2d1d5645db0da93301209dbc18a293474688fe5619261dde0,2
0x6a050543a78515572732fdfdc5ea7b419a2cd6d6,1
0x6a0509e5621f93f7ce1883be80f9199686b83a08,4
0x6a0510205507cbd9ac9547ebc549aad13291bf24,10
0x6a0513ffa8da162a388e1bb691e6d4b2653e6aaf,1
0x6a051738daaf09665ccacb11d77fc4b5c3919e8e,1
0x6a051ec1f6b6ca0b2037063d211b06e0e5eeb530,32
0x6a0522ccac69ee656328c5b91a8208b2b4b8b67b,1
0x6a05241a3d7fdf3cd78549b81eef2ac9eabb748a,28
0x6a0526ccf1148a0767d5953a1da8dd707a404bfa,19
0x6a052dbb4b9ffd25db161f1e5650bf6b6de3a5e6,5
0x6a0531228c89576644b8c5e4d1921e2b15fc4b1f,1
0x6a0531275e8403ce9c500fcc104a5024c974be62,27
0x6a053372a9e710c6c28a8e3c5cfb9ba7ee2e72be,3
0x6a0539432ad5c7295749c364f949023b7eb04ce4,2
0x6a053988ae9b65d408f9e846bc730d2888ad7588,72
0x6a053b8cd3a5fb88da90e08c1736199a51687315,12
0x6a053de9ef773005183f57431256e25f116b9cdb,29
0x6a053efd7e429c880c0c9bf8a15ead39b7ad9400,12
0x6a054929faab0ef6634c5657e71cbc574dea2b71,5
0x6a055015279fb7560b77286e96a00dadefb34847,65
0x6a0553a9aca70da9a33cd5109ee8b05bfde5ec981f9df62e3d0f91e9e90eebe4,1
0x6a055548f221c1f8f6210091bfa36e45bcf04580,152
0x6a05563f2e923e878fbce6bebb759b59c33bc353,2
0x6a055896158a08a2dc42a20ddc7e8943089561c5,1
0x6a0559522d11bd388103d69f35bef8f48a5e66dd,2
0x6a055b63ff4a290bc21fafc6cdb67cc956885f79,92
0x6a05606d2bf720ee2f166a62700ee6338dd9d680,11
0x6a0566cdc5e1bb0d9b945300d6f863c5d65558c1,20
0x6a056a659961cd2a9ac7659eeeb9ae07f843c22d,56
0x6a056e1f19a29c3298c860702498bce6489befc1,1
0x6a05722857dda506a9a7a166fec6abafbd52360e,1
0x6a0572742365528566549267076349ba692e5efd,39
0x6a05744e77686a41ad57f2afee9bf50aea110162,1
0x6a057495634985934d21f76fa26f742325041f05,17
0x6a057c61ab5a7135d30ed7018eca6fe3f85dac9c214402f59eb4d566f8d405e2,1
0x6a057dbef75a6a442d34a3b9717eaf892430b004,7
0x6a0582e41ccc46c443615abbbbd2754ed8f1450e,98
0x6a0584c1c323eaa1923c505a6f8d705b30fabeb1,10
0x6a0586bb3c78796ac2823ad946be588e1d86fa742a1ea35bef167d244f63b461,6
0x6a05885d25439dca9c560702dce980e818c7b8e5,30
0x6a058a0046ae082616371a706ec4cf9c77bb461e,1
0x6a058b66e86a8d92957b2b4f21f09c9d52168446,5
0x6a058d47599568bd4a287d0a19b321d29d778708,1
0x6a058e60c501f85f21259d09311bd3f7217bdf7cccc7575ee60501bd7a3b15c6,2
0x6a058f22111b6281d99f05b9ebd9139a8b16ce37,1
0x6a059539d93aebdd7d2841e19996bc1d4feee852,19
0x6a05996572976a67c9179a25924a1822e1498ec0,83
0x6a059dd45ea5f149266b420213ff3c6d7d0f2bdb,53
0x6a059f372f217d949ce021afb4da67469c0754f2,2
0x6a05a2e96eebd5febc5cb4b582e6572a1d724954,25
0x6a05a42c0ea14ab433873cf0fd3d6c782be7f509,37
0x6a05a52af62f88e88507b53ffb1c2d69dcdcaba5,1
0x6a05a957bb671c7e7b223370ec53deba84496b41,39
0x6a05a9c25f79d8089ca9863e6a327ba4c1c55b49,1
0x6a05aa463c70dd16fb7c86cdff2ca1def477b153a87d21026f326a090a2774ad,3
0x6a05b3829bfc0dc0e52ee4e237aac311c598c0cffd6f5c21b3eb2aa5f17a6662,1
0x6a05ba71fbc7dbb2753bf7426f199ddff098a701,1
0x6a05c1a999388aed6cb7647132bf0f5894759123,72
0x6a05c313aa69e7cf31da6eb7c3b10ef49204f779,4
0x6a05c35afdadf0a9e72569a7f3e1d686d60a22ff,2
0x6a05c59a0c868a451e6cc98d0514ed8c7c433910,46
0x6a05c7e92735015624b37e5f406ad29c7fde64ce,2
0x6a05ca4a05876ede446ef99afd4a12d5b42e18c8,4
0x6a05cc2f79af3c1143267a291b4b2d27f155509f,1
0x6a05cd04a59b0f35ddf1f1b153a93a119d12c667,16
0x6a05d203e2252fdc637042a3c8a0abb5327487c0,1
0x6a05d45f909212e700706a1fd2928d633b7b5e02,3
0x6a05d7d9c929f9f906451222c96fce41b83b8c0c,48
0x6a05d9a4b80e2150bb7e2ad7a26147159ae36064f9f464a91b1ea184e8b49759,1
0x6a05db465d5a578f4adb11829871f536f9cff416,12
0x6a05de16495b5189186c30a43afee7ea03055566,1
0x6a05df537319ac96f619d0ee3130d369338bd924,26
0x6a05e3cd39b2ea5dbb34bfd4d22f764de3439bab,1
0x6a05eb08dabc488759bb75504d15fd21b92bdf3d0db93acf61a01eac66b033dd,2
0x6a05ee41c9fbc7b203278beb331cffcb474ba4c1,2
0x6a05ef0b08897d834870b99ad78f89d345591f63ecc18da0367eb315cfd0e76e,2
0x6a05efd118647e1fdb213d5463d25402ad69f9d7,10
0x6a05f097a51d12f8e194811c67968fc5d8fe01c747dc41793bde8f6b325eb9f1,1
0x6a05f11f3c7145b649b8549e8784ae1d7cc9d819,2
0x6a05f1e07609b8d92826f8c2f1739aca690b05b5,3
0x6a05f6480dad26f6dabfcc0c3ac987a410edda7d,16
0x6a05fa964395768be50b536811ff5de1b5fed729,1
0x6a05ff764cb5ff0e04a4980119d3ddd70d6d5fe6,10
0x6a0600313d2ee7e64078c70b22b613f46ca621c33e7962a30737e1ab0b2ceee4,1
0x6a0601871b3451d41b7a4f0b23d405d8482c32e5c5c0529be90b4c28c8911fcd,8
0x6a0602edfe052669792a927fc8035867cf951c7a,25
0x6a06077a9e9636924947dc520f8cff628d8d0312,1
0x6a060a3442bc6aa7c16d2659b8683b69e57e9d0e,140
0x6a060ca55f935db1901567ee9eeefd376b17cbab,47
0x6a0614abe8eeeda55022340b85722d7c1de0b18b,28
0x6a06154462d2ab77ba22b8d7d8275c846e3f88ad,1
0x6a0615ed7d655ec735b06fa7ee56799eca25b05b,1
0x6a0621ae9b5ba618976c52aa7d97acb51cba03e0,2
0x6a0621d895d954177043831e377b615243cc6c11,10
0x6a0622887f8dec6f2098b3eca78d226f74d81a17,16
0x6a0622d4ab5e068fca0ebe575513710072be9044,2
0x6a0624e322ccb3a6f710c15aee5c6fc859be1407,47
0x6a0626da88ec1e215006f8a7801eb764243faad0,1
0x6a0628ff402591860c416ca4650913c66ac798e6,39
0x6a063130e1c769152fcd30243ec520c2517ac89c,35
0x6a0632769167c5e068aed508ec65f4c590ef50b3,21
0x6a0634005d677454e37b4c7ca001253c1ba16bb2,13
0x6a0634308bcb2e230254c238231ed368cfad5c36,59
0x6a0635efd1601b587700295ce8d0e93c5413558a,13
0x6a0636fd2ca3abb80619ecaacf26e1471a50f81e,62
0x6a0638612b3a22f926d8133b9a038472d1cd012d,7
0x6a063d8f308e36b2d0ac29fa569beb7f604a6813,53
0x6a0647dfc8c7b4747abef89990af533cc51a836b,17
0x6a064989fe933243081cdeb65af6995d7cb8c9ac,1
0x6a064f7d5a10eececd332113809717269ede1d86f00fca4704b8c772ebde8aa8,1
0x6a06570e7ed5a1dea37b6b44233668b1be442d3711355ad4ca26fc6266bd5d45,2
0x6a06574f6230e95574926171d3b0e0fed997b55f,1
0x6a065cc9fc1153f734538341f26d40f51aa50448,13
0x6a065e5128f281b544f4eec3d8dbf943907412b8,32
0x6a06622215bff1ac8a5ad69462bf4aee86bc995a,24
0x6a066282045cb3ce47446f082db97eb767b8a0e8,16
0x6a066307a288fd3cea9849369319420f85d21ccd,57
0x6a06650c02cfd7d9424bdd9fa8349b1dfe0738d84966a6d47af482146c80c426,1
0x6a066656bc96f0e19f4a41107b2f841e5a7b4433,16
0x6a0667ea3e5fa8bccb7e6568e4daa3b82b8295fc,32
0x6a066ac6bb9e1ecceece2b6aab7ff14d4b3de862,19
0x6a066e076b30759a8a95c410c8089d9831c4f0c2,46
0x6a066eb9a1b40efb70890d6a65ad5c6749716044f2068fed3049413a1fd9f11,8
0x6a0671292388e7a7cfd7c060d0f512636fb83b75,7
0x6a0672c43b978976e22c5d93209a1b09c79219fb,3
0x6a067424434b46128dd0c1705cc2a49c67830228,1
0x6a0675feebdd3f393715e9386ad4683fd27735286fcd510859458343acc3ab18,1
0x6a06774796af573920f3fd34890d41e6542c78c2,3
0x6a06809a7e0d3d2d3443e9d5377cd6c706d26dbd,1
0x6a0685d6aaf26b8c474e49c1f178b8f49f7d2e25,53
0x6a0685e70698847ce8e23820182ce22d8ce21ab1,1
0x6a068b654a82335f3f1d85681f40554c0db98cf283463e2516541c22e47a2ace,10
0x6a068ee748e8d3086935f060ccbc472fa4c18e1c,2
0x6a0693a553c5d0e851f65e3d78d902b1668fd1dc,40
0x6a0693f093602e6540bb42a03af86befad6670f0,3
0x6a06965a52d4343adc8aca64708e00609afab552,1
0x6a06983584510fae66eff7d95b3433aefc49c049,7
0x6a0699ffd7edd8ce3d98340cad62d45f5d97adde,76
0x6a069ced4e6c1045d428534395de285a2baf6f16,1
0x6a069db63b12b945da0ab7f8961531139e1c326e,49
0x6a06a174135e13cfe2827f019e95129e0f00c9ec,51
0x6a06a2e120137e42d2bf2ab3b591f82ae8c83db6,1
0x6a06ab85eea51c3a81f38cb963f64c5ab070368b,18
0x6a06ad2be7baafdfb79e8d970a45e69b55009ff8,1
0x6a06ad377a739c8c39851659392f203c3a1a6d1f,54
0x6a06af3246514420f278861d721468c7c0cda353,48
0x6a06bac79602f8d15051acf9784b1bebecfbc098,44
0x6a06bb16fed77eda785b476dd981b447bfb957b7,37
0x6a06bf9d8641355d9f2696b70d24d70afe67c286,41
0x6a06c2f5a97a698be745768bbe0c8adba89f6029f7ac20bc7ec4174d016dd042,4
0x6a06c3f8e7fc30162909daedbdf0ec51da3030f0,20
0x6a06c4c27c966add04d84adf616be302c31ff49b,115
0x6a06c986f656f17498701b52a8d3f35a1d4c4a7e,44
0x6a06cdf36e6fdec0362c800104f1b55567f8ba38,1
0x6a06cfe19d105faa166a74fb4c82e2731fcbff51,1
0x6a06d081e5a0c186ad11473ee7c020924782fb8e,35
0x6a06d5f94fc5ea53db72b2ff6c90f78a09fb030f,1
0x6a06d9883f58b44c0520b4ed6aca19ba88803e1b,53
0x6a06df562fdbf3c3180613b268659d2bd8be2c32,1
0x6a06e03141be2352d90f6382098a72cc0b0dbd94,354
0x6a06e06e38d4339d3bb447a8d9a0948f6894abfa,42
0x6a06e1a9d449c02f744ad2b9a44dbdc3e3cb9355,57
0x6a06e36e4d3cde0e11ef56fc39a7b92c6aac5ec0,29
0x6a06e38523578acacd67585f9d865785995e59897c7d4b9078db3c6bf0462b2c,2
0x6a06e663ae0383a4738772abe27948213066b6419a880931794f49b1afa2f4d,2
0x6a06ecc822c1d69b6ce059cd916fd758dfb5071d,40
0x6a06efd756dc29b585f980485270d1e360580685,41
0x6a06f68903b88fde421e283b83da1f9eff463b405f64e025f20e75ceaf8f6f93,1
0x6a06f70ea58c195adaeedce81d82331844eb669a,2
0x6a06fadfae505d858c23ca50f8c007e1d346e382,55
0x6a06fb2e8b1d2030a3388cebebee115e73319d33,10
0x6a06fe8d29be0cab467cdabbf345cd8e9e967caf,4
0x6a0702196f17347828fb57d3f4c437252343ab2ec1ca1588e9a4fb5136e60297,3
0x6a0704530b36dc84db6a9db5bbed81f66822c418,1
0x6a07075fc816b49738ce810e2817f0077624168b,29
0x6a070766fb6566a949dbd10188cf625092b0d151,39
0x6a070c60f1983741814b037fc0de38963c07b7aad5e7dabcf402cae62578baa5,10
0x6a070e9fb69c462be5525bdc1d5d8571da0be4a08373c41d61f192762143ac4b,1
0x6a070fbdd7973aa546819e32ae6266bcb6d5a742,43
0x6a0714922bbdef9cc0e7fb90a36576f76df7fcb7,16
0x6a071551b96250ec3df05273cdd74ae0c5b345d1,10
0x6a07157603b31502577ce0baf62ff4c2322d8305,54
0x6a071579e2ec1f6f071eafec18717a6a3c9e2550,1
0x6a071bfacbe97a24ba1ce4d9d7e6cc051a94218ea0060c16899ec5158c6e3a1f,1
0x6a071c540fda1601a514f0be523ccc8a68774457,4
0x6a071cf0b92bd1984040956b4f7eadb98933f0ef,1
0x6a071d0f3c8762eb95ae07e0c24cc3d9d4ae1efc,44
0x6a071faaeead7a7d00287f09c61d21df7c7a203a,17
0x6a07272c7349fefc101b54395122513683276576e0c11cb429cdeeba3b2aa0bf,1
0x6a0728ef5e9c761e7701376611da2f1bf5912c75,1
0x6a07294d6c45494d4b04d0b8b841e65336507104,42
0x6a072e9d39c30ebb9fc15cdeab77a205960c7e57,15
0x6a0730e1bb1291e8abd82711358bec7d36c82ed6,1
0x6a0730e9b12fd19f8ce0fe2815a087f836e25c9b,6
0x6a0731e5e2ca1b431f360023db994955013de332,2
0x6a073ed9b3f9ec6faf2cc9210543a5c0539b72f9,1
0x6a0741334ccbdf5b6de4c1b6bccc16feb396c098,1
0x6a074230f2da021ba03bb084c5eb59d9bba5a411,19
0x6a0745afeeb823ffcca16db0c95d3b625135761d,57
0x6a0746c7560b37ad8d3774ca664dee95e6e74ebb,1
0x6a0749150a5d74b5565d325edad9aa268ef4d7c3,15
0x6a074a51afb657c02146b0d0b4b22f4e34424849,36
0x6a074c4329b05382deafdfde2d18ae84b90f6255cb103a4e58d370e462e6f01a,3
0x6a074d9b5880859c7094939806e6aaf6dafbb882,1
0x6a074f007c670838935d698bc83ca2a9cf488d04,24
0x6a074fc3b51d4eca62505a3800d2d02ac8f7ba3d38804e9725b3037194a3e6f5,2
0x6a07529ad563691004c1b77772c24dde01894055310b8f0894bc6b8080265e1f,2
0x6a0754c27c0746cc762bfceb22c728337f2e149b,11
0x6a0764efc9b032ab41c662982138d25e12af0afd,5
0x6a07652327f31ae226244c38d0365938c6d12355,1
0x6a0766be68bd78fbc5aa5585c09b3dad3777946c,33
0x6a0766ce39ba9a91b9402e6d6056a0b3c13c5128,98
0x6a076ac0ff9bc1b5e2c6be894533d005583a4c52,6
0x6a077338aca3c4f0ac0480c664f21a800e21440e34c94e9b561f153b0dbc633f,2
0x6a077ab28347f9b170146a033b2ac31ee4874d4e,38
0x6a077cdc97581b85e2a2d9121ab75996bc490351,8
0x6a07822a66f83e03b97d32d4c26de4849218c8ed,3
0x6a078588e101c8b14fbdae8ed06d287349f06969,11
0x6a078838dd97ea3d3f36949e6c9742d06fd87c973789e47c9010bad3decdeb56,1
0x6a0789031f2ad9bb9d55a0efcab377f32f48ade21ae2033af618ea3c61bf8af8,1
0x6a0789ca98c6053e668cf4c4da1f040b888c006b,2
0x6a078a32f49ef1d49847a71f6edbef82c8f5a901,4
0x6a078f5967e93681462e4f95ac05768048882895,3
0x6a0791115fd33ed125bc5956708fc6af7563a924,1
0x6a079196d77816308839ba63f8304c69c26b71517a30b68374148855848a01e1,1
0x6a0791adc2eabcf0bf3b7c8f569d4263153f384c,2
0x6a0793f7d932512bf839c687d200b028be850bb2,23
0x6a0794ae4a820d9bec19521cafbd13074ad37d72,53
0x6a079b5f851e47b1125a66e6670bc0cc2f1eca85,5
0x6a079e5bfb95419f16f1fea3e65797f5c0c3b94c,60
0x6a079f4782ce6d48899f8230d04b94ed678d1505,2
0x6a07a2408933e7f52a324a901461a75bf6dba302,1
0x6a07a34214e1d63b78c9f6afcc927bcc21b3a38b,21
0x6a07a3767803076af22e857efc468923a756b969,74
0x6a07a5ea38e85e8e243bc69e5e658b68bcd975b7,31
0x6a07a85ea627b2fc7f21e4b75ea5923f37f933c1,83
0x6a07aa04aa2b1ab9324b1940558d8e4eb44c876ceab25a6f424309dd913bb75b,110
0x6a07ad1a5b08cd3ccfc0a6f5e5849ecded67765e70310a0f954f41f0dd2bf4d8,1
0x6a07b2a48311344607b7bb12976f481a10978b0f,14
0x6a07b974e593a8203b52722a26568fc27bd93ed3,19
0x6a07badd576d2bc2a4139f68be8d45f2164c7807,16
0x6a07c32407d608a5d7d81101653ba00390f6686d,32
0x6a07c32a8a6cf99c5b116efa9f0bed5adf509059,6
0x6a07c4289fab8c83216967add03fe60ec0d7852bdb343f0b161e6d47eb04dac0,2
0x6a07c5bed169464bda158e95b98db99700e8c30d,3
0x6a07c7dde7cadecd4ff3ac4c29c6bcb299c5a420,1
0x6a07ca05e32e426c94565ac1d94f0d5c0dd50e9991d43ddfa83e9d1b30d93819,30
0x6a07d60c61a3378b0343005e9fa67190f1f247f2,1
0x6a07d62254758978a5359ebc1175cc1386aec27dc7035b41cb839e25c8f569e4,1
0x6a07d764ef46de71082196220195574df51c8859,14
0x6a07ddf2ab59b2bb8cf1aea928496a4638b5164f228084e65be1c9b145b41f12,2
0x6a07de3b3a468fd99213160c4f6cca3a5b1d42d3,1
0x6a07e08a054d1cb7c1fb382a250bc13cc10e7621,3
0x6a07e0b8d1835685663d703c1526095ed834aad0,20
0x6a07e6fc869ed73635c7836b25711d2825ddb9db,1
0x6a07eaa312e243021c174b43e3f51520f30c4667,2
0x6a07ec56b7aaa6e2f67ca87242294cf809fb47f5,1
0x6a07ecd3b0a7982a0785094a1f651444cf63a841,21
0x6a07f15ef0c8ce5862bc07269006a3915a5bb23f,11
0x6a07f5cd2349a13d213a81abd3c5d44d7080d660,35
0x6a07f8dcd0ebde053df047aa9f0b3f7d43e9eb1caa80270efef152f3dbb3a43e,1
0x6a07f968a3cb98e0585d23887973211a89f4de58,1
0x6a07fd092ef733a22d6b1ea58bb59a83d39f3fe9,51
0x6a08006c2ed805e08a8796fde828ea8f6681983bf0fcc716aa43bf7e2bd16e35,2
0x6a08022f9ff3aad55eeaa4257b02375146f7909d,34
0x6a0805385ed6855d8696e3ada93affbe65509dd3,2
0x6a080592b877423e41861ca273c93fd14349e940,41
0x6a080c1279114d19fbd7e39b862c208045e9ca81,39
0x6a081055a8ba374715c8b3c01c60587e78f328d5,10
0x6a0815fe6701d027b69258031a80ac1d45b09474,3
0x6a081a651a81229b51749e781e4600ab34bd0764,37
0x6a0820f00a3fc2f3c2bc8e54e7fe5f261825e049,19
0x6a0822653599a5cc40457bf6182116eb6b154f9c,71
0x6a0826699ecdbc0471e8dbc9c4fcf05c25e16679,63
0x6a082896b27332978a4e408227e7d360125d44c7,9
0x6a082d403b2c45ecbfe38d6e35c6dc4f3cdc3737,3
0x6a082f22a7f38593b378c9ba12697c2ace4d6194,24
0x6a0831df5c5c6587cc53d7ff19b5f2e172bd7f574f010324d94077ff54dcaf1c,9
0x6a0836330594187684ee7cf42a7fd156527b4b929c4c45d0a97af07a926f25f2,1
0x6a083a5467d343e9c293b8c2ff98cad58eccaba2,10
0x6a083a61f1fb98e2e98c3f1628bd3b44c81341e4,1
0x6a083ae0d03669db55ce50ff1c691aed1feb1096,47
0x6a083c7ef30cef537b077b1cc26a2276fa2aac50,2
0x6a084018651305e6999ff0b45b0624bd7f3cb4c3,22
0x6a0842e407d3785ead259c5be94e4bc3de269a7f,4
0x6a084393d5ddb28a4862fa486cde1e19f1ac485a,6
0x6a0843c93d5a92ad29bc62a3f28a8c8548464c0f,50
0x6a08449940ce84b11a01454989214a5d1fec2752,1
0x6a084b33475e1bd56d21ebe077aa0afd4ba3655f,5
0x6a084f2e2b8657b489c22fc1c052df02425f947a,1
0x6a084f74e962d85c3f81249e6bcf5860fe0fb299,4
0x6a0864ae0c3bee738e3ca0bdda0f71212535bde7,17
0x6a08656bb0b01c0064257989facf82c56d836328,55
0x6a086b70d489eca0b8585c4964709f75f02838c1765713af32d66e8ce7372965,2
0x6a086d89ae8e0d2cbc21dfb39ad29deba7d09f7d,2
0x6a086dfc6c32e936a83da6fb408859b6b8473f40,23
0x6a0871e8553293faae3f38e356ec97ae96dac2896ba1f5be62ccbfc3c15c6073,1
0x6a087212b8b9fed39e0874bd37a5236236ee8acd,128
0x6a0873ca91ea66790ab7f94f49430e4794e06587,5
0x6a087788bde28a02d45606c354c1e29260783d3bd2b1ef2ebf3a002d23426d92,1
0x6a087e1608ca58c1cf4e0825176e616b80a93811,26
0x6a08813b04adbd44371e8d083243dc7ad26104c5,1
0x6a08838e799f9a100d9126768b3549842ccb74bbe17248a7b2edb252cfd68450,2
0x6a08856e9f34596118c0a7cd46e1c00c78fe982b,1
0x6a088b4f113a185b3f1ed7b290ff53707a483dc7,14
0x6a088c2869c875b199ef460cd5034c1173dd4e67,41
0x6a088cdc178be9ef7db1f832f7bc60c4ce6c9f9379a4186321bee9b635d2aba0,3
0x6a088d192659ab4e1af1a0624fab67605dacb8f7,1
0x6a088e96725cbdbda4687fb9d0f8acc7a3e510e0,1
0x6a08917de4000bb01b157c7fe1356b0a52c7b164,1
0x6a0894aa0941f166e3118b813dda16fe813ddf1e,62
0x6a08952342d7630052565ca8936d348409584127,31
0x6a0898f5582cc51c8657ef78a5fb275a5d55029b,25
0x6a089d63168c791f4fcf6b637e688caadb3ab667,2
0x6a089df4f165c656dac34de7e960681893671d9e,34
0x6a089ff9750db22ad168c7737a4a7ca43456f769,4
0x6a08a05c617852a43fea7e30a7ffeae36e735ab7,4
0x6a08ab5daa3efbdeb9d9b5c27c0a67b42b9c51ce,1
0x6a08ae9869d08a850f2819e3c2442f5df422fb38369fda55590bb35d0082d1,1
0x6a08af249944048c14228296a7902c237b05bd770d171101dbc937b0784d916a,1
0x6a08b31bd74655efba689c8f02b731ac9eac6761,1
0x6a08b4577cfce41ac07b1e460ff52f60826c0b75e4ffee2947f800804e0f1a20,3
0x6a08b523463202ed49ca7713e0f8d2df22c91aa8,1
0x6a08b7343fc3194aef9565db364422ae799ec4d1,10
0x6a08ba23a0770c26254cbdfc8b9613990d1d7d5671167e661f0bd272b69fbb46,1
0x6a08bb4047fd53a245bb7b221a01804ccbf422bc,1
0x6a08c5ab1eb3d0ebf5fb873fb97552efb326f1ce,4
0x6a08c7c22a1c541398b026774a08208bb4c902af580b81339d112c06eb871b75,1
0x6a08ca046b842ab9daaa1ede0e8e2b517431b164e18384ff8789046d16d15466,1
0x6a08ca93567d477c6699c50d3de6eaeb0307c8c0,14
0x6a08cce0d9802e778c4975d0097c043ab5e6a286261c3d901af4ea4f743ba24b,4
0x6a08ce856d224107876a7766cbbb0da93adf485d,35
0x6a08d1126bce7c773a0c12545adb8997afc88c60,1
0x6a08d1d672157cf44c7757b7edc75272022b16ae,1
0x6a08d63d96bc3c27e48f03cbe947a14d849ef658,63
0x6a08d75f4d1418b873d453512a34d185fcd350f3,4
0x6a08d8b82e574eb6fd440f7641ac8d2f3459ef3f6cd003bd42b7cf11d19d8498,3
0x6a08df895adc1cc8c31e9aa27459e807dac5c11a,91
0x6a08dfc2641824b7e2a1dc6b05130bc172d340cc,10
0x6a08e59f25303732a981ff2f05b47dd9eb72beee,3
0x6a08e994b4cf639eb0cfd6d07606accab82a8e69,36
0x6a08eda1672c4a8d9e7d9acb75bb9aa799bd54eb,41
0x6a08f1fc5149aa54bc648932aa473948938598e7,22
0x6a08f2a12a2b02e3ce11f9ef05f48b6777f05e8e,13
0x6a08f4503606586ce20e3df61d612fb050a07443053b247c3e2a439ffe0ea302,5
0x6a08fa6ffbefc4d7fc456972e18d5e463004d125,6
0x6a08faa7a5b102ee0dbb6fe901cf7ed90fcec062bea20a47e642495f5744a94,1
0x6a08fd6481bb925ce1d909587a0193f758692976,1
0x6a08fe8584b3689496f30352a4396ba6b5930015f3954891d3f5328c58a560ba,1
0x6a090132ea43e963d9ddf482519ad09c0e5ce3f8,55
0x6a0902ce436981d0f3d76f85bd94e77fe866d8c6,6
0x6a0903891edbb47a9aa80da8bb0dee541fb970d7,1
0x6a0904bc1dbf9237e6e42b402ad07eca3a4f4b29,1
0x6a090507120d2042d92bfb9015345e67338283e4c94406bfa1a1d493895b95b7,2
0x6a090a6ce9aaa54c734290b159670050613f684d,2
0x6a090b6ed456355cb633decddec4bc3d731df0be,100
0x6a090f5fccfa691a99b61401dd4d5732de4e9deb,28
0x6a0911e55662feda2101e4f666fe7f26424cf3f1,6
0x6a0914b7f4fccf784d6f55ca59ca70a66b90ebc1,22
0x6a0914daf873d099b43dcec67cca049048bcbafd,1
0x6a0916857002feceee21b90181064fe9ae40a527,27
0x6a09243a01233b12e49cd4172bdce0d57e0f944c,70
0x6a092831b31ab6ba1e4c76f09fc5e22f2cf3ece5,5
0x6a092dd6844f3b10dcb694f1203ebf1a06a9b990822131d89d368f2e5dac1550,1
0x6a092f19a13d2a4ec472feba3943486ccf40ade54a83c46284e2d17579550e31,2
0x6a09305d098eec56cfd67b248c20c13eeb499ed6,37
0x6a09320febc82b53ff4fa7a049adc6956557f08daf9e02be4f96b836481ca156,1
0x6a093247848b0887ddd99bba0673df8ad162a12e,1
0x6a09326eb5802e05d44694d9fc29446e402da849,1
0x6a0936ef598791b4904e1a02922b0be009873e3b,64
0x6a093749d7148a03d0fd70c17e8f50d34bd71e03,36
0x6a094360330909c5ee145ff1cd377d1685cdf66c,37
0x6a0943c565a8c23fc864d3e2569438c5eeb72f19,2
0x6a09442d34ca18f5dfa1b488a0790ba26de54163,31
0x6a094c865f78a4902fd2139ccd0681d26886ac91,108
0x6a094e1551c1039b53f9a61462d3745fc7564c7dadbe5538e34ba281d1634e9a,2
0x6a094f2280300125e799d6c38c874d934a5c4a32f54079eb387a0557681180af,1
0x6a09566501bc95dbdff872c61e5a8d13b89ef68a,13
0x6a0956bfd5ee601aad83dce93aa52ecd64a17725,31
0x6a095768fe42dc6ace4b9e758d26709c958a97c1,1
0x6a095969859e8716ad5fd19f4cccdea3db9656fd,2
0x6a0959ef3d4f7b9c30b361bcc302b15a4d2d308f,138
0x6a095c6995e8d955b7e3950b9866b32346eb1e76,1
0x6a09622fd8af1f202f0c707c3115021f23c0dbcb,22
0x6a0962a1be23ef3565aa0580521aa5865c25cc1e21afe29d312fb33c65c04cc5,1
0x6a0966c4f40b58aaca63590d78b4a277ed80101d,4
0x6a096c2b910f7f47a75989f2d381b9d85f411d1c59f8aeee5f9e32546369e99f,2
0x6a096df3c154e23ced32be4d59d5e1e3ff4f5cbb,23
0x6a096eff8178c9fc0f503018da37a1edcea0045b,70
0x6a096f171161cad9053f3362602955628dfa88ef49063a530c63844b005d505a,2
0x6a096fc442548dcbbfa3a0de4b01c125ba6b61ae,117
0x6a0971e82813be75e8b65ab4a8cc624af3127fed,30
0x6a09726ced36e871e83e17c291f17cd233714857,1
0x6a0978ecbc7d14ba44c22276f6f7500a2317d326,77
0x6a097f60a7c1be38b3911ab58a6e50b956d0d1f0,4
0x6a09802b8358b6c5b5a2b2aa0904bea3781b1137,3
0x6a098199e5a6eb476df2e171dd89e7821d0bdebc4ec9a800180193e8856fc5e4,6
0x6a0983a300e097ec42759d07581d8f5392ed09f6,1
0x6a09849fc83261f4a7fe91118725c7f5508c3997,1
0x6a0984d5c699f0735d83ef447b95708bee2c3a74,17
0x6a0985af937035e080fafa58c4727730b80f4be38f8010a01e14f425ec630696,3
0x6a098ce7dde301eb35e17b4de2e26135248f028a,1
0x6a098e82755070510a7804ae87c96d31f2efd705,4
0x6a09915c00ec28c5ca332e6a178d29da5e7cf573,2
0x6a099585c562264231e739c41b39a58fb9f861d2,23
0x6a099cec50fb32256886b23d99e6a3c623b04521,36
0x6a099ef9f1ce1e8a2dc566657abbd829f0170c54,18
0x6a09a421d0434793567202be20eef77153d42c31,36
0x6a09a4b369536fb5cf5a09fc1954ebb4bb435a0c,30
0x6a09a52aac5356589b8230ee51f2a315cc8cc910,20
0x6a09ab57a68b101663edfa0d83f878ac607a0fe0,23
0x6a09b78b8f1e230a4767da080576dfed93e0dd16,21
0x6a09b88f561c2bb56b4b2e7e70af3e3203baea51,1
0x6a09b9913d8ccf0bc76f64cf02bf2508be511427,36
0x6a09bf2f51b5e599de04b04b15e92ad0a7f245f4,97
0x6a09c3c9572795a4d7bd52147417ea6c6ab084d6,2
0x6a09c4f46c068ab7f21fe6fffb453603c29b9b52,22
0x6a09c7773df551536fe6e63c0c617d33e82521a6,1
0x6a09ca6460f81b25ce34ba0a74b1f98f1bf19a2e64284150cd173c1ca60a1d17,6
0x6a09cac6fbcad432444e2ba79bb6e2735d8427b9,31
0x6a09cd0e84f599e94aba3b6fad8a8280a3e3b703,1
0x6a09cebd8d22882c4a2fcecb3f0bbf5c147c8545,2
0x6a09cf90fc99db103df54fa5c98e855cfbc29f53,23
0x6a09cf9e27ee8ff8bf80c0c032d5bd2d70e0d86bf80d4872867f580a6feee846,13
0x6a09d1232da29edf7091c7317f72704411f1b021,2
0x6a09d1ce8a957b5c2056a06f834f259e0bfb287d49d769844f395f2ba78748a5,2
0x6a09d317843890e26b3666b66caf60b4872c0531,116
0x6a09d85ed0013548e41e539f5feaeed4d0ed1567,59
0x6a09de4730d25510063e7773b44165955a420fcd,5
0x6a09df8159fe3553b20c85125af4caa745f14f3d3e4a6ed07df9e11b206594f7,1
0x6a09e319783cab801590ad3e806fcef6277d6b3c,1
0x6a09e3fae17b1b49007fa872a27e3a419cfb4aa0,5
0x6a09ee7854d2246186cc5cc352c4c1d13bd3cc38,79
0x6a09ef7350f485d8842ead8ec01ea0faec909f05,36
0x6a09fec876667a260b9247a54b6881125f587eb0,7
0x6a0a01e25000ed04c5d768ea5b7a6dcf965650cc,84
0x6a0a0764dc57e51bf8fc3c3056961a79c4d55b02,1
0x6a0a077e6dcb84b288930f295058b7d10cc27cfd,1
0x6a0a079f7f8a30ba657e4872c2c5479d03e493dd,6
0x6a0a08e41df554f16e79d554ab783d824012f2b5,39
0x6a0a0aa993eb71e3573e6dd7fc86a768ca150c0b90a0277f00aced64966714ef,1
0x6a0a0ab1a4f61cd3a5098f6ccae2edaab16fd372,72
0x6a0a1025ea1557a738ce3baa67d9c37d14fee961d64a93699087d87f4937f0aa,1
0x6a0a18fe92118071518c187d12aff18d6c7e75ed,2
0x6a0a1f6489ed0b105e7e1f68d5abff96874f8cc7c133136ea80236de96895cab,2
0x6a0a21bc3e3876f32c7eea87eb1263deab667834,45
0x6a0a23a2978541965e63f38c5cc431be92313d9f,2
0x6a0a2887f2803464e2f34ab411263f0e7e98721b,20
0x6a0a31b230a37053a5b99227be8b0fc6215d43c3,44
0x6a0a3349f3ab7ac789f48e3bf932927c9b6916487c7e712a262edbc3e1d55b85,3
0x6a0a3529e62560279d7242ce59c962ead12d9c2a,5
0x6a0a35530a18106aefa9c2713bcee2835f4e07f3,53
0x6a0a36db6d425fe1bd21e199838d11a0b8cf8e87,66
0x6a0a38f58d318934e1a5e52e2157c4eb264a5f5d,22
0x6a0a3996448d180d5e2bf6e9fec9f6cf1d9935a3,1
0x6a0a410c8d2bcf87f44fa151a1e3ab3b3c853963,1
0x6a0a42d1e23fe5064f030d7f32eaf010a61be62f,31
0x6a0a451b1a6d6e0ca97087607ed12c970cc4f09b,1
0x6a0a455a046cc89116c5963a68e688686382c020,12
0x6a0a4663e9dbc554931369d1bdf84b7c84277d64,5
0x6a0a475bfbc73c27b14d0a755d7058edf93700a8,1
0x6a0a49a05c41ebe8b2de75259fb765b6c2302cd0,1
0x6a0a4a0506195f179b8ab3997769af9600d528b5,1
0x6a0a4d351d7a368a46b64eb1d12518c30b98cb34,123
0x6a0a4debc23ecf975f0a28f9d4ccd0e2e8143647,1
0x6a0a4efaa9e7f02ba6ebd44b647e1f68c46dd114f4e112c0f0e4cd51aed6c31,1
0x6a0a519df635609fedbdb0bcb017e22b02cfe7e9,1
0x6a0a535330879d37b6dbcd6963efa7a1be636fca,2
0x6a0a546148af778e970912bf5f128807e68adab2,97
0x6a0a57a5c123d47e81e12c581dc496297a1ac4ae,34
0x6a0a59815007efe61831fb3e5b0ce81c2076fb7d,3
0x6a0a5aff0657e2ea399e139c4632747560922c4a,2
0x6a0a5eecc9de63bf0b466062c8f14ba9dbe0813f,1
0x6a0a5fe699882bd5021ca4b731057235899c22a1,26
0x6a0a5ffd9637c4b97f12d26f523a1ed680650a755cbe5cc00e7981f35793c312,2
0x6a0a60305b92b8a7442c1c9c92f72507fb96d872,2
0x6a0a62eae051bacdd4ed02806ae6b5f34e44a611,108
0x6a0a66aa7f3e89a539423d347cd1ee0d31c5f813,1
0x6a0a71ef1ca60ba6e7cce186afb948cd43961cfd,44
0x6a0a72f6cddc53d83ed89aa0c586bfc24ab7d7afa9280408e1ba19c752847368,2
0x6a0a73455b3e9da5d939117dff3b494dc048b637,63
0x6a0a74fd2d4df8d9f9490b8b7acf6a3a12bb30bc,25
0x6a0a75456c6d386e18b6055e0bd329012c212a42,29
0x6a0a7988b91be772b9c8b69c9516ed50258b0650,2
0x6a0a7b28ebbb73118fb5719e0ee5c328f5758b91,21
0x6a0a84187cae7b446a0537d2db1f5198384dda5f,31
0x6a0a87f5b62ce4dac7464ef04ba9050cdc92d297,9
0x6a0a8b179a552bea1109e4fb1306c96e6bacabf8,3
0x6a0a915102934b2e43030f30a5c5f4ad24500d98,64
0x6a0a964f2d7d77c0a0df02ba74a8972daffb6c9b,1
0x6a0a97332bca6067b6ea370ba14bb4d349bb971d0e2e2d923c357c0dbd43bde4,2
0x6a0aa13e433ee4c23f60b4774fb44af150784cbd,1
0x6a0aa2513f77e7c600fc6bbdad723a2fe868bc84,114
0x6a0aa29c05e6c0a561b7e31ca18a37f6dbc39995,10
0x6a0aa49c26309ab257857ecd65ca364747eee55b,10
0x6a0aa5103aa971fe412fc5217a76f62ea8e3e458,2
0x6a0aa52f0cad98a7a563c7c04d3c3d323bfe3e0a,10
0x6a0aa52f8dd99dc4bcb38124ec9c35d8b09be5f3,28
0x6a0aa75277dcb5057cfde9ecc90f63fb55cf622f,1
0x6a0aa7e5f9fe8cc67c854652ab3de682925b3626,1
0x6a0aa8bc9cfc54feadff59d77758fb88f976bd1b,1
0x6a0aa9118c874455f2698bd287e5511724c533cb,4
0x6a0aaa264c05526a51b42b4e2a0806b023752a72,2
0x6a0aaafcd11923ed8510b054206f8a92dab3cd94,26
0x6a0aafc9545edd59af85d6bd90576efe0edc7fd6,60
0x6a0ab1f0416ea8d98d6f2b6ac6092bac92f04252,6
0x6a0ab371eea39b87acbc335b91aa65522c703ab0,10
0x6a0ab5349c8563d6f9f6e3e31f06e43456b22ac1,16
0x6a0ababc2672d1e30b2f18c6833b8dcf46f1f3b7a10dbe173ed3473be31e3afb,1
0x6a0ac5e365652a2c5aa975d7824eb5cd4186ce21,8
0x6a0ac68bd48f7be402a6fda40f761db7213b6891,30
0x6a0ad0597065eb3d2c888b7fbc2a19312cef3e4c,42
0x6a0ad5aa3d3611415c2a97c21afc78ae1fa1db4b,64
0x6a0ad7daa5dfff4db11a92289ed550ddb091e2f1,1
0x6a0adc500c5be79fe97ec309c85736f0b04184fe,1
0x6a0ae27172441a2ffbc35dfafb5e0ca0fec4a187f300d4235006597107e5def9,1
0x6a0ae378e62b9e1ebc451731fb0b6c948f4721a9,5
0x6a0ae725b1b72bce47b979b611712e879277bdaf,13
0x6a0ae8d1ad0a0193f7d5ec313f0146cc52256739,39
0x6a0ae99d765aeb8d9ab0e1248ca1bce09abeabb42139981377028cfea41108e2,1
0x6a0af20276fc7b327b96928064e824d432454f61,75
0x6a0af75abb51edecd4f567b66ea33391d4d52f58,26
0x6a0af8cfac584eebfc561c4bf7cac55a4c13e839,56
0x6a0afb3ac7fca75bda41095f8acc71737889ca31,3
0x6a0afcf72f04c52be25ec26f237a80b606c1e802,1
0x6a0b00b885e5c85277469c99ab2f8e658c05a0dd,41
0x6a0b02634e98b736701164bb5d3f476f3b2971e6,15
0x6a0b088b0567b63cbb67c3e62a1fd287e2da9cff6e788d6ee0dbe4c65168f857,1
0x6a0b0cd5102939c9b091e1722667ada0fb15d0b8,15
0x6a0b108765de8859e148b4812dbc338e97db581e,34
0x6a0b1729ee74d38115ae251fd15c4b567e6fdc5c,1
0x6a0b1cbbc576a4ae95d2810fd3d998193188570e,7
0x6a0b202343365f7bc310f3579779710c02144889,34
0x6a0b209c6122fc53c2825d47604d793e39a17c2b,15
0x6a0b24d4b9e604bbedc005e26341dbbdfd60d249,21
0x6a0b2954a1edd5f50b8754903729a782e6f916f5,27
0x6a0b29e877db25e65742ae3d2b26ac91ab211741,21
0x6a0b2a0afccbab1188f5b43a4db67fb63669866f3fe561d1b51366f0c7a29b25,1
0x6a0b2aec289ae15a85621a1dd3470189088293be,1
0x6a0b2ca4fa472a7c19dd20ad1a9ee06256ff5846,41
0x6a0b2cd59c5a3608b4b2c350f3cc09a2b7a9a32b,1
0x6a0b2d7f5c73f1d2a9a9ed71a187b6d2dd400d0a,37
0x6a0b3397ae434659a31eefc1c790aeeb66ed2dbd,29
0x6a0b378bed7e956cf2f499b52d522eec282c44bae91c935b38144df378ad13e5,2
0x6a0b3a9323c64aa91d8f017cc9c27c5bd32d15003192aa25ed592113a45bed6b,4
0x6a0b43812e7f38211d2e6bf7217f396b02f0261951de2fcaab313b995b2fa21b,9
0x6a0b43e29b273ffcadd2b8f95c2bb3c2b0db6e2d,57
0x6a0b4760cb3b559a6bb28cfd706f6884c1754db1,10
0x6a0b49a9f6f4d939dfd8e6fa61f03ab67b465222,1
0x6a0b4b38eb06943871e2423a3a82f51b972b953e,9
0x6a0b4d62777d48b02bdf4f9d45afcf743ede8ade,17
0x6a0b4fe232525e2e6e1f73538d547b51c8d508d4,1
0x6a0b55b607d3b2104e4a1ac1dc53be77d2a9e145,89
0x6a0b5b0aadab20feac99d52e2384c307d2eec80d,66
0x6a0b5d4ad3241753574d00b36415cf9cb7666c76,1
0x6a0b5f93755bef9d6bf519d12da2da1f31acf70d,17
0x6a0b609ec10b6a100c83ce048d1c85cae5e63e42,1
0x6a0b60a151f01f4297589c1cebaf70b15c484f4d,29
0x6a0b62fe51fb499518e66c907e8b6a3829ef46fd,35
0x6a0b63620f5f105cc39b22fda1a4a6742a0cc55c,1
0x6a0b64a16a424ee391877c6b8c7fbd89a9762881ad8a27c454b08dba4d7f9435,1
0x6a0b68e0bc40512fb439496ba25d2552345e4218,3
0x6a0b6bc1a2f4810255d38614bad49c9e773360dcfa4938eeea7a101acab5e7d3,2
0x6a0b715c68f92dde9eb3fee764b2b1c45344afa1,1
0x6a0b740ec7ce9df8476d4e23284f0141460b2a4b18ab2daff379e289f92e068e,1
0x6a0b749371227b950c7004ab03e696d4c4d3f523f3101f245e2d3a178c9a2a0,3
0x6a0b7c05b277b843089fc9c2e3a59c0cc4da42cd,27
0x6a0b7e9e6d1d0c3ad2a822fabd6f2d0d1dc2ac57,3
0x6a0b8a4c86f0fc7263ca123ae81fc4e663cb91db,1
0x6a0b8cf5c6c39b0a65bfe3453a3804e1f297bdad,2
0x6a0b94e9b04d78c88b3bece0a27b6de42393dca5,2
0x6a0b9c7d5d231fe2c337b9232e085b36598ca384,53
0x6a0ba154713b09bc05605201db5088c087417d4d,3
0x6a0ba6b336cac47608dcabf35ab1834d5bfbd599,30
0x6a0ba6d45a57776207516decb7d2511600330d70,26
0x6a0ba9b1f333b3e2a1c89d1a43dc3488b05db551,42
0x6a0baa74d656608c3ee7b85530697e95f1408be4,2
0x6a0bab53a72e59140046f1cff8e2732b9b950a12,1
0x6a0bac737ece32819fa3f3246410bf7e40685b039aa3a6663bc01dd33ad4946b,1
0x6a0bafd48dd8a4dd10731edf7289abbaa33735a0,2
0x6a0bb20dfd2a6786d53b28cba8a7aaacda93e37f,2
0x6a0bb318fe879201365bc21cb8a4bbc5768489ee,25
0x6a0bb71d5685066a7efece88b8e01aef81315e04,1
0x6a0bb8fd71ab45c520ba899b25f3a9e4b8a55264f985e7854de51e096b88b790,2
0x6a0bb98ac93137c83f7f87c8d3e59143104b3334,83
0x6a0bba21e69623d75568f0b1b91bf02850129508d732c2deb73eda75f7b9775e,2
0x6a0bba3bd2ae18517bee58797ac6f99dde6ae1b9,31
0x6a0bbd8e267f31fa155f66a8511c2671a6b74934360b8ba313044a78f159d155,2
0x6a0bc9b34e853d6f9837718f520c240ad8b0a740,67
0x6a0bca2c3f47e7e6bbbff0a0882f5bdfe2020df9,1
0x6a0bcae9ded3a66ae31de843ce5fe4afe851a2f8,18
0x6a0bcb37bacf482cfd5f8d4f3286de1ebf9a3351,11
0x6a0bccef38c390fce6479cd8cb81c9ac0239410d28813e64d3341f6833e8cfff,1
0x6a0bd1b179605181f398adb9c066d0e94ca894f1,1
0x6a0bd6c05e2336732912ae0b1abc67849a01b5a7,1
0x6a0bdbfa4ca938075684ec2c5deba03d767db60d,20
0x6a0be0f634bc20f81c85aeb71ec5396f4232b2c4,56
0x6a0be56c76640109032a75c40d43dfa167a5418e,6
0x6a0be7c51e81a49bbc8e8879c758c26ea94ee11c,5
0x6a0bec68ae00ed0618fd0afbfde953b8a68c7e62,1
0x6a0befab8178c33c27bafa25347ec11dfd6815e2,8
0x6a0bf02fe32499ef09e446a62030c249ffd13015,1
0x6a0bf1617ef6df86ae47406e55c8c82c8ed290cb,3
0x6a0bf28aef75680e44fb70e449411ebe37a7ba64ea9d6e928999a30cc5b7b485,1
0x6a0bf675525a848be8faedbc24fb6cae7cd2e03a1ac49a8773f99eb5940b04b1,1
0x6a0bfcef77fac4b559300494dee58e75ff3caaa1,5
0x6a0bffc76ddb1741e9f90e22183d9488675bdb87,52
0x6a0c064804be1446c182f578e4f2a70b095828e6,6
0x6a0c068dae1ba029a4ed6e453abd2cf4bafe29bc,28
0x6a0c09a91eccff27db0704b7cc74d8b7e8acb7f1,27
0x6a0c0c58d2a2eace4981f54837a84c15f33976d6,1
0x6a0c112cef0b954901b92424d13777ac5362db6b,3
0x6a0c1176c38855e060cb6cffad2d1bd18fb0cfff,187
0x6a0c1819f372c40d2aed329e2822d3dded8f4092,49
0x6a0c19ee601cccbaae855177dc091b2fbe55c079,112
0x6a0c1c720ee0abe750161edec25ea48ed2e0f726,8
0x6a0c1e67abdce8915078f91bbbaa5e0fb8f1332c,4
0x6a0c1f4bbd5b87e345ffcb3c2c013bcde28dcf0863369e76063dabc7ce354b2d,1
0x6a0c28a917589f822febcb781c126f2aa60dcbd3,2
0x6a0c29112ee16667d7e6e9e3a1f03ac679503c83,24
0x6a0c2be5d88e49a0e5535e64d6ff2d15e4ab4987,1
0x6a0c31ecbf7a632ad0791a4a861c21a9f7e68d25,3
0x6a0c37cd6a384e0bcc88165bb1121575fe75a3b9,21
0x6a0c37d1454436f21dfe7ebf5f2b3aeaabdd9f12529fb0de00d0147164ef8f27,3
0x6a0c382e209a5b904733fd419d1477be4373711b52c5bd923ca45513c129d345,5
0x6a0c3a1120e25d71dd7ddf96cf0147bfb8ee9af2,26
0x6a0c3ae25ef22fe1ff8e69e36932e50f819d93e2,81
0x6a0c3c60388cc8b3c45c12a7965e2f7ddbec3ce4,30
0x6a0c404702a5556fa7dcd9b47fdd44ec22ac164f,1
0x6a0c40a73d5d50605d516b2a97cffdc126e5a82d98aed9f5c6dbee9ad98208fa,1
0x6a0c41f0449266334dddd908e293a1313622dd74,30
0x6a0c45ae07436210ec0a0af18f0bec92df248fba,155
0x6a0c46a0e47c72694359b17108cef8f3c93be69e,24
0x6a0c4ad51979f0477959932e131e0ee303aec46c,30
0x6a0c5033f2b579775a83b43a890d2c64be26e57f,22
0x6a0c5130eec46e4cfbf6d3b79791298c7705b4ec,1
0x6a0c55533659e5d62a0c3b1b6512784d1922afb4beda6a5a3bd5207eff49b108,1
0x6a0c555f5651acae8a4e5ce2056dbce353818c71,1
0x6a0c56947800b691bc1fea97cf30e925162060e8,1
0x6a0c576e2371b1dff37b681cb60ac9c16a86729dbdd2d08d533a2b2c333be3e6,1
0x6a0c596fa12ab2810aa5daa600b5e569a138b1ec,81
0x6a0c5e268c022d141627dc75e321c26109ae70dd,1
0x6a0c60cc0ad28c895aae6b23d19a38047b1a17b7,1
0x6a0c61d5b95d2547697f0dbbef06627cc0944e6a,21
0x6a0c61e9c8171d613ced8dd66992ba1205c58921,22
0x6a0c624638373d0ca6bf9cf316e342a74f6a555b,81
0x6a0c68722e6ebe3ee0380598b2c6a8d7f194469b,30
0x6a0c69931bc325e3e07cc52fac8c2cda71390222,8
0x6a0c6d6c6d860897f657f7dcbb6ec8ea80db553cf6c9e2bf9e2deaf5df7f9dd8,7
0x6a0c6fabd443b58722060a6a10d689cd7b532714,2
0x6a0c704050ee1433ec0b16fe563cf3ac3547125b,9
0x6a0c70ad41fc9ae0228a8b28f4711a564f63209d,29
0x6a0c73b53846ef622d6fa0d0e3fe5c4997e07db7,8
0x6a0c777309ed8f502425ac106c5eac3a6245aaf6,2
0x6a0c7789e533d5f98d6af7bc8bd3f35cf5e402a1,37
0x6a0c79ae44b7371dfc1f7ee6ee66b274cc41894d,18
0x6a0c7bcb4bf327a5004292d014e4813abfbe59db796717fe5a980e4b1ebfaea3,1
0x6a0c7cc3aea5201b41995729b43cc2e4f2f82c8f,37
0x6a0c7f84b9900bb2e144356ab621d06ba7eab366,2
0x6a0c8451aa4472176bc35ddb266165c238503661,1
0x6a0c8923e29cb5038f0a39311344dbc22b4a2522,3
0x6a0c8bfe854dc56eff24c4f303232f4486e6f527,1
0x6a0c919a0aeeacecc0ac5a6fb79eac060cf7c659,2
0x6a0c91b5167290fd4ee453831902adbec161421a,75
0x6a0c91c915644961c04b6c53e07aa0905ed85cc0d96f9c0ba9d8a810a2338a4e,12
0x6a0c9260d55ee05f36baf9704ef89fd338db4741,12
0x6a0c939b355b700192315f24faa80270d33f1115,2
0x6a0c9c0acb787cd6fa6ec7e6c88c0fa14b24ff24,2
0x6a0c9c8828063154ae0139a94dc7b04afb72245d,3
0x6a0ca5444269a1697074d475455f5ca77f13916bdd8d00a37b54c7a98130101d,11
0x6a0ca9503bfda9cc477eb820731cd1bfa53fa0cd1f66fb160dc69b9ba9fb880a,1
0x6a0cab3fb8a45b2d5e896f21510083138f88ebfe,31
0x6a0cb22706debdea1ac0618528a770a6ce9c1815,1
0x6a0cb260aee947262862587a7f546e93a9a98d9e,58
0x6a0cb47718d7c17722d9e9524612534d33de30affc1c8edf500e0096030739d1,1
0x6a0cb75e016c616db086edcfd5bc8fa42e52b303,3
0x6a0cb92894aca26eb74ab1ce83553dfa44dfa6bc,1
0x6a0cb9c46a51c4843cf9181b0a8bf252616e0dcb,8
0x6a0cbc2b4d6938e48471a9118337031356f43b28,4
0x6a0cbc91f6ba76e7162cd476e607836e96c1f7d5,1
0x6a0cbd334afb62ba7f2145ffe9889d1e7665859d,42
0x6a0cbf880654040b85822ce283c2b4c5d5bf4fc0ef524eb31d0f28f6d4c4eef1,3
0x6a0cbfb4dfa70b090eac8541d6e43e0063deba4b,8
0x6a0cc281634f64b58a6d27c32793dfd1edb72299,4
0x6a0cceb06dfc892246ba7832aad3b8ed990c77b5,125
0x6a0ccf908e7bb516a17f33d08836623983402690,33
0x6a0cd15d4b5f415466cb2f9e4dd01a4487b0fc5fe17b3ddde66e201968573830,3
0x6a0cd3795a355c57c44c83c4afc0bd7bb69f4a80,131
0x6a0cd41a40b32e9284fddb067e8b6cb00a396f24,7
0x6a0cd4ba736841ae573cfa29b9c5be2284d7c9db,51
0x6a0cd54f2b96ed68c53e05c02cfdf502ea4bd06ed266e5c09768e6eee1351680,2
0x6a0cd7e41e1d92ae8fc35e731a2dd34f29e2a00c,1
0x6a0cdb31f99875db18390d66002037bf0784e868,66
0x6a0cdfd62fc9573e74d07baec0a0e1afedc95fdc,61
0x6a0ce1767312ed584806156d980c7350c22b444e18c432f1f216698a6ddee71f,3
0x6a0ce333ab3afbf57298e4571b785f3bf0eefec48f9df3bf579ef8be55082f81,3
0x6a0ce719e6c3e35ac323dca58662693ddd31d8c4,4
0x6a0ce90f8d11e43301be12658f17519de7501498,1
0x6a0cea2371e0e0cece9880c5ea2c90ed1cb5ae86,2
0x6a0ceacd84a2c808211275eb4a98d65d1f38ceb7dcb094adf23cea7db2b95779,1
0x6a0cecf67784f9988ea9bd7cc8cc2240a2949e2b,1
0x6a0cf28c6327842d95bb01413bd357b12a94e215,30
0x6a0cf5ea47fb5906364feff0519d33ab424cd5a5,53
0x6a0cf5ee9012d027dd85c1eb55929d7673e57e20,1
0x6a0cf69cc4ed85b7c34dec7c89e8e142712db095,44
0x6a0cf81230c378a0a8d3d3399e69c3ae9bef7f87,1
0x6a0cfe71bd549cc5bbc9bf54416a6919a1851d90,32
0x6a0cff9291ac74095a1a707e8744f368d2f86986,8
0x6a0d04c5df49ba0d43dc2f49ba43462a3468dd545d5457ad12b913e9c6d8c3b1,1
0x6a0d0582ebab95e5a66f7a0bf1546456898f8a22,2
0x6a0d078799f60c9a4a8c325e07800db05cc4e0ef,47
0x6a0d10d032ae8d2c4b55ed9dde81cc86e07f5b13,70
0x6a0d1109a2984d5f938f558c6428fc8322a8904f,5
0x6a0d180fe72cb5b304498e4dd108c0daf4866a5e,8
0x6a0d1b36fb6a81b7497bd85d83296f15a46ee10d,2
0x6a0d1ffacc9476c1bc4efbd12464b4374aa5cbf3bf46c82ef77573dc943d3fe5,1
0x6a0d22e25b9c12f28b5d36e715470b45ffcde6c7,1
0x6a0d239a797d0a965b98221d1116929b901e29e5,12
0x6a0d261dca78773cfafcd4c5227cdff0bd2f935d,13
0x6a0d2cfd33dfcae739682673b8c95faaa5482e48,1
0x6a0d2d5b67941bcba50acd329bec24dd871c685e,4
0x6a0d2de316b9f640a107da0a8d427f84ca316e02,1
0x6a0d32385b29b68200d5fa3b8d03c5192d16f57b4cebef6b51d930f9167552d7,2
0x6a0d32fd0e07d75b3ccc318b1ad1065851d12067d2508be0988d85a2dbb5c4ca,1
0x6a0d3543d41152e688392564ba692e0d6f5fe666,18
0x6a0d3751e0bbed92c7e6bb8f3f751676fca6ae02,1
0x6a0d376ec37f0be2f203f493bbc113cc9e1ca33e1d75f0bfcbd79cf0742af061,1
0x6a0d37ee31aead242e40352c33214948ff1dc6d1,37
0x6a0d40a4c95846861224ca61c2209e962d564bea,2
0x6a0d43ed6578fc58a4dbc92a1ca233ae66bb6bf5,38
0x6a0d47ac1388e45af3135e2448c78b4b7635bd3c,5
0x6a0d48239074989fa1b3fc72a688e3924a72ab04e21237851b76a6fc15cb007c,52
0x6a0d4c1c4a1ad90fd95c9539597d187d35ab1519,1
0x6a0d4c87b831d5fb41c71c36d82d46bfcc9b6726,7
0x6a0d4da9af3d8f075d17e3cb13b503f05cc95822,22
0x6a0d52762ddcf28f35889f15455785751c90af88,34
0x6a0d54048ff653343020629d353f4d8309366b16,18
0x6a0d579b887f17c49e39bf66016024719ac6f35a,73
0x6a0d5f75293b659381ad9a9bfa43da76f3c04138,4
0x6a0d6201f4c7510c9740f1b43d69bbe4b738a81f,56
0x6a0d62e3a8796c531fc2002b78fcfae28c5002062d47d822c93da649c95a926c,3
0x6a0d64a823ee0ad3bc30ec03f42b4b455ea0658b,4
0x6a0d655808d9ae8d23b6670672c4b547576cbf6ade07d62a6b971b5779fe755e,1
0x6a0d67c656170e671edaf470bc5247fbdcaaf56f,12
0x6a0d6985f6be56db25b669fc7c539cdc4d49a55e,6
0x6a0d6be70cfa56b465b5d43557d9327388de7a88,1
0x6a0d6d51daebf2ca4133e9fde8dc12d0c14c25d6,68
0x6a0d6e567dd7e4262bd8fdad29f594ccea2b340e,1
0x6a0d73d9d782cfaa9c246294cd546c84f39e3e28,1
0x6a0d7553956c09b79e7adb87d5d5fb922a24b503,1
0x6a0d773be94840498ac1f72947045a06a743bc70,27
0x6a0d775741c8620eeeaf16338bf3506369b0b5d3,1
0x6a0d7aa1481ff4c0a553813d5c46009448a522e4,1
0x6a0d8163478485dc4ba79d0f3454ff59007fe8fa,30
0x6a0d83fd51f3af1af6af322f2fbfaa3320bf03db0e95676a30a1fa3fe396541,1
0x6a0d87a3a862732520416b855f841e9034778a0d,10
0x6a0d896e1fe9e6cde7ce72f773e9b2c688eeb67b,1
0x6a0d8c804f8ddedd85ccd271b5ab9c55bebdbfeb,3
0x6a0d8f1a06e2275b2f6450ce1d9fa99561a15c7d,4
0x6a0d9f04cddf7c83ca81a2b19c5915bb7270eaf5e2fc44dabbb25e3adc99e444,3
0x6a0da082dd6eae4422e31683ac634076a75241bd,40
0x6a0da41d91cf13e060366d4b343b729f9f7c4aaf,1
0x6a0da5bdb2f54ab182e46abadbb7e9a88230c635ee15c3d1e1d6ac923956d4cb,1
0x6a0da8532bfb7b43349b244cfcb8e284fc4a0895b125f1adcf88bf9323881da4,1
0x6a0da92ee5262950bfe978fd1c30fab51505a6d1ddd4c4796a67102d6a80100e,7
0x6a0daa2d4e3a22a4599b4a3ecbd506b2d4a91372,1
0x6a0daafe5b877c2f3a32ab23a1e71eb8e4df8618,44
0x6a0daba140dc0f656adcffd493afe8452fbc69c8863a7581f65b458f7cdea024,2
0x6a0dabae998462fe11abb18e026dcb7a65694327ab763387dd1e396758c8a353,1
0x6a0daf4997e58a1e64fa536f8752a9ecee45b121,32
0x6a0db0d9beca49055d17283d19e45b70c5ec35e5,66
0x6a0db5ed0c24b18478127390f17f7493a81bba9c,32
0x6a0db6ef9cb83dff4ad41c19ab52fabd496ad7ed,110
0x6a0db7f78f44ef1cc6b3584eac7c28d107bd1175,58
0x6a0dbb93c62d8b4e0bf862ad0c441bad98c269d5,1
0x6a0dbc2abbf2b6ad3106f5939f03d81ec4fb942a,31
0x6a0dc12a4bc0e04abca323153171e5ab12f11117,9
0x6a0dc30a06cb2da68c9daed8beb79cebeb9a22ed675b48b5133b8456e7693211,4
0x6a0dc5a8350db510b6cbf81d34d5399ffd0bb27c,1
0x6a0dc6f4c6b6eca678b12d2f5c2dba0e75236258f09e84a78ccd1c9444e839de,2
0x6a0dcc8db1d1a2375cd1103ddb399309ce3fbedf,1
0x6a0dcd63cdd0e6737bfdec786b9471db9c12f8d7,1
0x6a0dce91f7893a836a65b0d0ef78d048a3c30d3e993995ccd60ef31d816936ce,1
0x6a0dcef12f267fcd89821d657273167b07f40b6a,41
0x6a0dd6a72166e6866ec917b621ce53a054f4eb23,1
0x6a0dd80ec439e4fd98bd5c8327065b68d1a7643de89cce7dd255b16e57c7f29c,10
0x6a0dd820a830153c6a7243f3147be832deb4f3d7,1
0x6a0dd8c4379ce34c67c6ace62482229f2a2a3d76,44
0x6a0dd95dabae9eb72e2723c4cedf939a6d9e07d3,1
0x6a0ddd062d2e55092415b783769aed628164257f,1
0x6a0ddd5a76a811b61feb448d76ea66debafb150d,17
0x6a0de03ef8f0167694bb5a60427338bb288a9283,25
0x6a0de15c3780b561a881d4e79e7fa558da6cc04b,53
0x6a0de2b16dc5be1c41f6f6c60fba4fc79c757da0,29
0x6a0de6a179a0f9efe939fa39edbb8cb6159e139a,36
0x6a0dea2697357135442c3372248d848949dfd192,2
0x6a0dea41e172423f9dbe18e8dcb2524323c972ea13659ee3ca1e1859f8c78498,1
0x6a0deda45e04340aaa0956a9957d7a83169f73586d446844d9c97b134dbc31f9,1
0x6a0def1cac34c6d483c0c5ab7388ac3f280a46c3,71
0x6a0df1023a145bac5578a18933e59773025dc71b,10
0x6a0df1bee616e283913425f40d8cba42375aa2e2,1
0x6a0df407369c6895fcc76ac9b7c189b8bab57e6f,2
0x6a0dfc03c22d6772026883bf394a169c1b271d51,112
0x6a0dfed912dd99dc0172c9ab44fd4c51ea43f105efd1bb62669dc29ddf89a568,3
0x6a0e08813af989baa32b5789846f99e75e6f2dce,24
0x6a0e09534b468e3e193c79820c9a5bc1b5e888fa,7
0x6a0e0b319417f365a866b650038d13657e49038a,1
0x6a0e0b8c5993e7180c5766fb105b4e11f0b659c2,81
0x6a0e0fb1367ba4bf5d8e07a9683b2dabeedc97d1fa662f82fdde969042daa928,3
0x6a0e10c4e906775a6441b88a1cf929f82568c31d,8
0x6a0e130f5993a200ca69f30701825fc650455647,5
0x6a0e18f71a3f09d5244aeb48e39fa375bbde9b65,1
0x6a0e1ccd769d4c26e4b9e4c48cf4ab82e637240d,1
0x6a0e1d8f60c6016789e1820889e3215d90206e75,4
0x6a0e23e16ae50ccb926c52e552a6719ed4d55f14,6
0x6a0e298d0e39031b15d6f756967833d815866a38,1
0x6a0e2b7302180731a24cf96ab477a74490917eae,1
0x6a0e2e8279408cb4f632986c8c99963beda2002d,3
0x6a0e2ed3c2fddf724a851a6db0089c5c0e52e53f,128
0x6a0e35adb6f574b5c7b1ed5661c238d2c7d535dd1233ef85aae6f472e4099047,1
0x6a0e377cbdd54bf81af5234b377fadca9cfeb89f,13
0x6a0e37e1c4fd87b867e2669bf12b1fbbb7ba135a,3
0x6a0e3a7345e155e98f1b86aebc286964be9ce9b4,23
0x6a0e3bf3878d2e102a0ab1ad1f83e0843a0a517d,1
0x6a0e3c6003653ac8728ab1f1792782ff39a71848,32
0x6a0e3d45ec4794351e02f2937efb72d6d18d62b4,1
0x6a0e3e69106f5c87786364d0a2180d2187da8df6,1
0x6a0e3eb1ab95d473b39dff53e277a694b580b87b,1
0x6a0e4352ba4955744a5ebe850e28d9f47b833b53,2
0x6a0e437e5e71555b288d28e7bd1db643aac9fbd0,2
0x6a0e466de2f2dbb8511f1b77b4cb9dfa84c066dd,85
0x6a0e4a1a9af41df3658f97de2a804664628bcbd0,69
0x6a0e4dfacf9b85c45c0d7e298af0e0b851433e5c,1
0x6a0e5317e1b9b42662d008608bab33fd637b654a,10
0x6a0e566ba555a23fc99544014e24868c6cd057fb,5
0x6a0e567324191787044a1cf491769f8fbfead510,1
0x6a0e578ee920cbd6e0d584733ed067281d41deee,16
0x6a0e57ece85da338dd7a24442f463304765c95d43f868e86cd56884ac1cf0d23,3
0x6a0e581dc6332d2706f3e7489676bf0aea193859,2
0x6a0e5ef6f5d832440f4168e165c9a547db9a3f5d94ca4fece1efab7eb39ac27a,1
0x6a0e6339518d5623dfa85667d5095fb9b0b11164,3
0x6a0e652aa66cdec1bc3b5d8d73d78f7cdc8720cd,10
0x6a0e6b3e934a8c638263d3889f68266d5ce1a4e8,1
0x6a0e6f305284b8e83e7415cc2e195c49d06ff28a,1
0x6a0e72da63fa43cec681d805af608deb2bf81240,5
0x6a0e7538a1f145b5f37f45b1a3dd259e7b9c7e2c,1
0x6a0e75db8d92b1210303aa1edc141b2bccb51a44ace553f331b8a40fc6ff9bf9,1
0x6a0e77ad94b08f27a52bd766ec3dc9d03c2c714c1d8263a24201180596da1c8f,28
0x6a0e77eba841aebc0ce7bc71d9447d84f629bb59,60
0x6a0e7b7b18798e09f94c25e9d8a1ab70dd71a256,21
0x6a0e7d4b80eaf68f0ae5d3ee532e2ac98072a324,1
0x6a0e7d4e2ec8b8118f1b13ea12597547a49cd10a,2
0x6a0e8441b599c1ddef26cab0e0220faf6546af47,1
0x6a0e8d80a1eff7c5bf486803e4fdeabaf1521d2b,34
0x6a0e8dd2a8b6f79f15dedfd48429438e0b24631f,52
0x6a0e8dd5de05913e72b90f3d80dce8f7abe43c26,6
0x6a0e90f06dd20fb5f16e66ee34b043c1e455803c,4
0x6a0e910029abfb40b0b2e32876168c5a9ea10ff9,43
0x6a0e9158570361b3da1ead899862ae08e42e0f81,2
0x6a0e921b41fc802971d69abeb5433bac9ffd4e70,1
0x6a0e92ff36b6da96344c756a343da5736a9140364c568ff545d3f791376d5f80,4
0x6a0e9343f46a60dd0511612326c268537c0dd8b3,5
0x6a0e9c12068e571f045777b2f62d5df5db41f579,20
0x6a0eb168a0c5fde9297670cedf0d6adc945931b5,157
0x6a0eb245afb0effbe7799a9f413863cadc259039,118
0x6a0eb3d8267648184a5397426c86feff1980105e,1
0x6a0eb9ad1f58e707d7c35ef09ed12cbfd5446df24ba089c08f49200298077036,2
0x6a0ebc49e4bbc7b0079b52f49671b532da8511b5,1
0x6a0ebea105a72023b8091197e3dc4474b49338d4,20
0x6a0ec1fa200a4ad32b52864381b6a4db093da4ef,68
0x6a0ec78acf7dce051ad8b5aeae4c1e1af74b7cc6,10
0x6a0ece6f0fda9f185dcc7db7379896c3727b123e,59
0x6a0ed6a60b6e479de048db7b3d0b9fd5250da2f1,1
0x6a0eda32a2aa7ffebbdb27eaf11ce1e5a5ff3d21,4
0x6a0edda83da66cde155f0da618112aa54362a4dc,3
0x6a0ede5643d65f51fc49a9542761d8eb1031864c,4
0x6a0ede6ceaa8cb415d3a46b0323efdef3a07f985,1
0x6a0edf6b4c34ac3e8540cd97eba306ab2858b0e8,3
0x6a0ee2c2ae7ccc1e0b4e4eaee6fd6bdcc7d946dc49c895253cdad0392d2a8210,1
0x6a0ee60b29431e7c785afe41bb0a82d6379e2f9eca97827536eb471af68e1cb1,1
0x6a0ee650e7b4175ebc0a03743d69ecb6143605ffd103626601cf88d95e3cb9d,2
0x6a0ee6a84b15dee2e401fd849e75fad95fe128f2,40
0x6a0ee7b45e362fc01db178b439ac0c64ef453fc8,1
0x6a0ee9b12731fe06cd2dbaa935c538dc1408515a1a46e2d175f8801bc2facb30,1
0x6a0eea86ab78a96b37a6c067b9308561bbc0f2ea,69
0x6a0eeeff6bf8a23ca2b92fe3c2ac0672f2b7d5bb,30
0x6a0eef3292e3fcfeaf82125d094ec3c120a271b2,1
0x6a0ef198365edd386b84a37bda9c7c3be0791e0e,1
0x6a0ef4263ed718e1f5948d2ff41733dacf67c41c,1
0x6a0ef42c2ed622df186d96650f323fdddbcc21d7,36
0x6a0ef4b62cab023bcf0f03485fe43d45ff56fc1b,30
0x6a0ef74cf49eebb912baccbb5a614c9b8dc6c6e2,32
0x6a0ef795338fdfc035caea4b40665a8bbf398dc6,89
0x6a0efd8446b4440635e675602e2fed284691ada6,4
0x6a0f02275a8a020355dd51215c4cd7402374653f,1
0x6a0f036f9d5d3d24f0089cc8a1c05d2d2ba9c1b1,5
0x6a0f07e3ecec55314cb05ba35562b07401c4ce0b,2
0x6a0f081ec3d8690b38f8678679e7f712386bfd81a82a43d16d1994654c636f7e,1
0x6a0f08eb3603a079feb0c30966b8de6d205a80d8,36
0x6a0f09a5dded3a951f2cab46b116ed9bc31dbc84,1
0x6a0f0ca971b6d6dcf6adfce642462b3ba41061ac,62
0x6a0f140adb5eda763a9f00fdd527581506739271,26
0x6a0f141c89d5434888243c80e7b01a5a1404f661,2
0x6a0f142d0cf0eebac1dba72d424dd76d9f8de2fa,1
0x6a0f161ec76ce99bf4e63cde0f03b7293f16de76,2
0x6a0f17cc399f881c6fc137ced36f9fbcad5dfca1,25
0x6a0f182447ef17e3ffc7a15568ad47c127945577,1
0x6a0f1e8475864503e24ac0008863ad1869f8c60a,83
0x6a0f1ef4cc6491d6d8b60ceaa55fffcf43ca63d6c1557d28dac530a5e5c2ec0d,1
0x6a0f26bc950b7a77138f08869becb2d745a55c05,37
0x6a0f352bb21b6e9f40dc2a9e36b85eee7f8750d1,136
0x6a0f395130c7b18405044fa31c46c08ba38daa74,8
0x6a0f3c31f5de03aee344ea4a3faa6eb400323335,4
0x6a0f3fe73405bde7cecd68a34b3977450934e79d,22
0x6a0f402f9b57ec3078b1a0a90882f8ba06f90692,165
0x6a0f4200ba32481a16d182454817e52588653d5c,13
0x6a0f4275058b34b908d012e74fed453224e696d7,67
0x6a0f461a075ca5ace97b9e9d711ef6aea5d5fb5c,1
0x6a0f4865a96fbf8e9fb34ae0b19e0c4af64838ea03bbdda400795f739e867b71,2
0x6a0f4b247a754d26490573fa02559e1558294bd9,1
0x6a0f4f7a9ed1e10b4cd6ec447da46510f180214b,2
0x6a0f54e5dec0266808773e04419a25d02805fc6b,12
0x6a0f54e82bbb4e6218d20e9995ec54c4ac40db17,99
0x6a0f57cd2857246dcabf07be35c9b0484b946be8b19ebe1be6f7cafe30934be,1
0x6a0f593996fe2dd15ed1806466084a59d6e7be12,1
0x6a0f59de9f9d47d82b79c368383850d91aee18e1e676a2aadcbc4cb4aedf2d77,1
0x6a0f5a308b839e5f0671ecac72ca5f3ce9e5db5a,1
0x6a0f5d86e14fa7669a4d661e2408c941462f7467,1
0x6a0f60ea65d35e2913126eba5f46dcf32bd93c7b,99
0x6a0f64da66d526bdf846eb875ef9380ba4f213c4,2
0x6a0f66e1d69e56c1a5a212ada15bf08c34562806,62
0x6a0f676b18ac6ccb880e49a50c209aa3387d8c17,6
0x6a0f68e789d7ec9b09325678d29b5580655a43c770ac61c89b37b0ee52b59a9f,1
0x6a0f6bd9c678b02ce36476e804af4eca9c93d180,27
0x6a0f6c740af42f19336bee6fce65c6d05145dac7,4
0x6a0f6cfc16d589862d41d1e859171dad211847cf,1
0x6a0f6f017cfd966a0e1782f6691b58f782293009,1
0x6a0f72fdd8e9fad37ecd3ad079c06088d1453383,139
0x6a0f735006d49708885cf6626714d497bc1b7c68,31
0x6a0f758834b4cc970f103dd8196d41f7da01d3b8,39
0x6a0f770837bd0845f0f353ed91209f7e0325950e,54
0x6a0f770ed1eccc7565231c80042a2670d957a557,1
0x6a0f7d87a861600988d695b645de7d03021a4e26,2
0x6a0f7fa2fd538425932f89b9cde56e542fb3efab,29
0x6a0f812305b26ef09709149d8efa03f9f32fed80,1
0x6a0f81b763e291fbbafdf70ff93a99a0397fc047,61
0x6a0f8286d695e8356add95377b0aca96b64e2f5b,9
0x6a0f848e30f53d5edfee1525f7f7cfdd267a8d03,1
0x6a0f850e824b5c06f761b5221ecf998325cdfbf4,1
0x6a0f8a63e884c2980a25549c88e4ef851a9f4786,42
0x6a0f8e77361c43259fd449af78792bc03fd27640,35
0x6a0f9546dfdc2643f62ae486d21369b70f92ce37,1
0x6a0f9c6e66b486ec95957f0946434f00476274f6,22
0x6a0fa04b4aa849113e0253e6a1bd6e8f10bcfea8,56
0x6a0fa3d6135e23285023c41061c7754f64201a1a,71
0x6a0fa552b50bf6ec3a498fbeea02f77255a331f1633889acb16c91e9d16b6faf,13
0x6a0fa9cbaf41bf7904a8d6c5c2b758c3c532d2b5,20
0x6a0fa9d0a428613bd689024550b128656885420b,62
0x6a0fafc65b3ec3994242028177d38b8d978ded04,1
0x6a0fb636baf9b62b6442d9e2c3f14b75726c83b198778dfad039b36387d7290,1
0x6a0fb6601db09d7131f4d8fef909b02ad8da36a5,85
0x6a0fb79589b3fd76ccbe2873cff6f2797fa406ad,1
0x6a0fb81f16fe702f53a7ba591000b2f9e9069c31,18
0x6a0fb961cc699b7515f9344406f1b485a3da9b41,71
0x6a0fbb47c65b2c888983b25a7d32c3a6a5b1dedd7fc0fd54a32e7731138b6eea,10
0x6a0fc01613dab11a32c58bbcd2462afdf0849710,3
0x6a0fc09f846576f5a83e61e6e9b2b8efa02c0407,113
0x6a0fc3a2f1e50fc697f6700d48971ff2d0677263,56
0x6a0fc41202062d033802a7ee78ee31782e89daf3,2
0x6a0fc56bcf799e803b9ccc9c09909ed80faea465,29
0x6a0fc5d6f464f5c58afe00cd145364e618ce6fdd,1
0x6a0fd46d646a8ffef3d18ed90029d26e65ccfc98,1
0x6a0fd92d96e73e761a19d830ac492f05f7ee0ec4a4ce2c5eef3a447909435074,2
0x6a0fe12cb0b2143e217b0392de5f27f3737f1744,1
0x6a0fe33818f44781329cc43d596756fef54dffbec1815decfd7c384023e054b8,1
0x6a0fe35cf5e09c90227722fb1bfcca0d9700c5a3de1101317b4317bf4a09a567,1
0x6a0fe43950c528909541a632387f0403816e49e3,4
0x6a0fe89025938d582305cd8ef262521344552579,1
0x6a0febc88ef12b448c762ced79795fd804323aba,61
0x6a0ff103a17eff300b0bd6dee986108acc096910,31
0x6a0ff6be57ddabf9f5248a13d3d52e377e310c5d,2
0x6a10001a0f19bea3bf257f3df2331b681b931a28,1
0x6a100052af268a676a195c0633d2e832ee0fe132,13
0x6a1002162658f9d84adf27e890b6da1fad665004,36
0x6a1007d98ab200cb05c21e7cdcc95bf5ef068ec42e105510a58fdab41cccaf65,1
0x6a1008ad54639ac7192ff2cbeb21322ce3bf3bea,19
0x6a1008e239baedff41c93597c95fd99a832c6969,22
0x6a100ad76cc8b38475a72f3128a1bf34e0ab357b,20
0x6a100e2eddb5862efe3eb71d837ccf364e4a599e040b1b7cf7887818a2eb27ca,1
0x6a100e62adc239f0f8603a06ec28651c55552fadab08c20458bb8cff6685d609,1
0x6a101180db7fec08ea5f180bdeb9f169a5ab38b0,27
0x6a101252544e36f743893899bf30230ed43a8ab8,1
0x6a1014fac5f4286111a7076b6b77b16731fb0748b0d9d8fba1b41f0d4d47426e,3
0x6a1015c1167c8f2992501b65941d725a28729a7b,2
0x6a1019ae74a7c93faee4c2da36877f25f5c44e12,5
0x6a101bf5221fa71afca195bf98167321a532ea67,34
0x6a101c917d6b8f5eac42e6418780c7fa923825ea,3
0x6a101cbff6a8614b57cc640ce48a23cb508653e8,1
0x6a101e88cadc3aaaf5b9332885028fd2b2753c8c,7
0x6a101fef8ba97a6e9014c167312dcc75ec6fad53,1
0x6a10253302dcb0c20a8274bd16584dbd7f341263,11
0x6a1026f5a6eb2434bfe076a1e2384a721f2359834f18327f1e7d7656520598ea,2
0x6a1028625f7edcb1d0d16fbda277907c02a4da027fae1809159a1353c83ed848,1
0x6a10298c1668a3534a4003728583e3845d89684a,12
0x6a102a3626e2ed4006d2b19f1144c4bb24b78ffe,61
0x6a102a3bae119418d434c028cf41f3dd73aabd9d,28
0x6a102be4e2b7d05d61de630e7a9af5d747820cde1f8d1f1b13976d367c5b4cf4,3
0x6a1035c802f70df2dfd7f99a33b9087590d9324c,1
0x6a103780290b8c7f8ca7876522451d3ef3943930ae63ea832c0332bf83ce1197,1
0x6a103c4fc69369a60c9079de8719dffcf3628dc5,54
0x6a104097a5051b7447c7f3b1d30c1e5699623b6577e3a35a062f2a2337bb67d4,2
0x6a10442d7d11ba1ae4d802e5be3bfcff8dc0f6de71414f04576065824489ee23,1
0x6a1048805311c639da79065d2c807c6690fcbe22,5
0x6a10493f3082fe64043a0e7283b85056da6b39b1,13
0x6a104d55ebc2cea43e1688e7b75881fe81e0ff34,4
0x6a1051755ff8dafbe4bc601d77ba69c64126e8f40defa680420345052106a4ae,1
0x6a1054694c6dc8ede5b763fa89c887f2a3859118,25
0x6a105cdb1bae9e7c04c766ccbc48878a09cbf2c0659aec5af7c7519845bf420f,2
0x6a105feb65e18601b446259b66edfa688a7c37a2,5
0x6a106064bf39efe091f25814a500e2707581599bd76b3a2f55b04d88ce5d0c59,1
0x6a106120b6d0a6774642d2f3e22fae13449dc7db,43
0x6a1063a4178f1da77c63b57aded90749a0f90e62,1
0x6a1064fb8925916f6242c9f3ccd5ab23d2a4ede8,10
0x6a1065c39a97b72f04f98c25888afd9458e1a318,19
0x6a106b5cb03df1a20d9d922efd324ad85d6a1d25,33
0x6a106e1ab72eb28402eb97090ca8b8a032870361,1
0x6a10775fd8ce00170576b42233c6b57632f3f155,1
0x6a107c716dfca8624d318d5e3800a4ab20462a73,3
0x6a1082019bee6d90c20b1c0c0fe9a05f94b1932f,1
0x6a1082357595762a9487619a5c95ef7769679825,65
0x6a1083fe242460f0f1197ee10d9ed3f0054aa7d1,30
0x6a108f45e2da1e0da455f2070dfd92af97ac2017,5
0x6a1092c4bc9c99eb7c4e2424d3435b41c9828a7d,12
0x6a10981cd7dc68a32aad04e98ea8183cf69000d1,57
0x6a109d1c58453258b0cf039d4dc431deaa031f9f,80
0x6a10a162dbad692dea4d7d55e81d60755f6fa047,23
0x6a10a1d516e748def8bbb53064d8c4d465aaa94d,2
0x6a10a4bc152da34f70743bc0348cc88e9e93b0d9df96c234d0d107b7e476af2b,1
0x6a10a4e0818bb981f62bad70607c08a6fa38c23d,47
0x6a10a5e77a9bb5450263080a189c09ea49a3668cdcc950502b137436231f9b0d,3
0x6a10a6ded6aca06dcee622a54260c9f077242d10,1
0x6a10a867bd6d2c40dfad6f70fcb30e70ca110361,31
0x6a10ab3e27e31d7d55d5f674d1621ecf1de0d74c6d1d44eeaa555369e63d90c3,1
0x6a10ac1d5534a175054abf274e399ef528eb9d4a,1
0x6a10b762441080b0e999333c3dd629110afb1e43,17
0x6a10b873054f0f4fcab6ad1a70eb9d240ceea879,34
0x6a10b9338c96649a183b6fb7f8adad3e3e8939a3,1
0x6a10bbca9a62e98ae7c0aeab26db9188e2911668,1
0x6a10c052b397e633cbc17ec3781004f7d131745d,3
0x6a10c4a1489fa007f59bcd99f0646a5fac630d9b170b9209b1b69473028a230,4
0x6a10c663b3d55fdd525afc2f61255b151e4252ba,55
0x6a10ca358d89deecdabcaa1c11df9fc9ef267ebb,14
0x6a10cba401f37cf108fb587052dd7a6799c541e4,65
0x6a10d353f747747107514e932f4fd80443bdf8a1,2
0x6a10d5c66b5c3ea758293bb3eae62fde438fc02b,7
0x6a10d88e07159452ee6438bbbb208c6bb3dd59d8,15
0x6a10dbebe39219af7fd3924b722babf2e67846a1,37
0x6a10e406fba14a1ce3e5ec3ff42f1e8b84d37e9f,5
0x6a10e446e17a8e5379a73d6b88260978a4e4a5e547bf368f665289caf61098b2,2
0x6a10e4d71f4d58ad7c118aabe2704bac79db6257,78
0x6a10e8cfe49dff9745f26f37e46a2714ce751756dbad0bbdd087b75bbeb699c1,1
0x6a10ee25f1c0dc0a94352c9538f9eca43cce5f89,1
0x6a10efe21e9e86ad07bda13092e7593632a5a17a,4
0x6a10f1f19cc118decbbf2358ca8519e4e1d0eb51,14
0x6a10f29374db04641b7977c3e280ef70bcf5bbe1c6d22f31578639ef63ecb54e,1
0x6a10f53264efd78878e8a5d52822f0cd1d784c7c,1
0x6a10f8f3cfbf8969da767e012659c104fbb89fe4,16
0x6a10fa5ade5a7a2eab7f505fc4a242380d05034c,7
0x6a10fd71e12d69553080c67777f42cf0f2989a8784aaac0d7b57be7e2a3842d3,1
0x6a11010216690a740a6db47842117ce2ce1139fc,3
0x6a1106cbf71db3f481559d7853eeee60c4fd07a4,18
0x6a110769f74085066913a48e1b229ac95203c9bc,1
0x6a1109ded93ca1818172ea3e4ddbfcb189d012b3,25
0x6a110ab9ca3366f2fdf935dfb95608743034ba72,42
0x6a110c45c5efc543292bed2f8da8c293aac873d0,29
0x6a11138a69e91999dc01a2c594991082c3d1b1bb,115
0x6a1115712d244866f6b01c5916025a63b288e5c7,5
0x6a1115c34b0827ac0c6ae5430afc066cdb404181,130
0x6a111a4e8342d79afcd8d438293d923a4f8dc974,4
0x6a111af5ee7696ee232039da8ce473259078df69,1
0x6a111e0f9a9d3fe2914df8e523a4cbe57172c8c6,36
0x6a11215bb5cac246fbebcd525a49a9f18d404946,22
0x6a11249562db18a62309ee8f7f72904c215d7a12,102
0x6a1132db460a6fa179931a56ccc01933ede760ba,1
0x6a1132fc5f4d11d98ea31b367b55ca32e9ab28e6,3
0x6a1139fc183bcd25ff90332dd6962dc7929e1e23,7
0x6a113e2f87a7ca0118fb21e135537bba16c95a48,36
0x6a114025ecee9d676c6821f179af32d6adcb08aa,22
0x6a1148bc0cb97f159ac69fcc47911b1fcb15343b,1
0x6a114b09b33608dbbc1466b222aebcb3339819b2872d14307903f968a69ef808,2
0x6a1150a139b6683c941358d521cead190422f4fd,13
0x6a11578dd34af2240dd7eadf3f8f02353f5b91d3,1
0x6a115a59467cc9af60e3c013815cd4e3effa3f24,1
0x6a1161cdf75ce832e6b9debc88f7d76cfd8e7116,2
0x6a1163c4acfa7ef19745e7615140f7966116d3b5,69
0x6a11669ee3c5ff81b8a21c0e5b2858d565428f53,6
0x6a116a1e42b2be0fd5b554c77f47a87269f77089,1
0x6a116cba1b824f642c2e2bee780924a3c82cde70,98
0x6a116d309c5603a502c6460fc74cb46451c32dd2,63
0x6a116d494b04811c19c890b97096191ea26828d4,1
0x6a117095713249a3c956be3823b2a34cbdc57678,1
0x6a1173e407dd3a0258920e9b838e7d7521d8b4076a134c7ff0ccf92fbb5f5830,1
0x6a117639662a974232855683d619ecadb8e1c5a5,133
0x6a117675e4743373119b69c6d2655ac7db01ecb3,3
0x6a1177a237204e18544646a061464981f4081459,29
0x6a1178131d64ce28704833f0b8df75d5d4102b02,14
0x6a117aab2cd57e3d1ca7e556038549d5afafa3ab,3
0x6a117e6a92fc0578f781571c3704957c46180859,47
0x6a117e9e36991b8a83a717347d3af9dbf2b54f9bcdf1bc6eb3b694bd968598aa,2
0x6a1189123c6f2a8a291025048a033ac749fabe11,3
0x6a118b131c6ecd70e450c6f2671ac879603cd1f1,19
0x6a118b3a5acf282511f54c9b458bb8cb346cfa06,19
0x6a118fd0c66024da70a956204245149fcabc5491,2
0x6a1190bcf6f7c80604389fbded40dc504ed81da9,1
0x6a119d44d381149194a15814011847d72c6b442e,1
0x6a11a3bdf83bad6d588b1c9c9157d142c1827664,23
0x6a11a49b5d1490a3087024cb43f0c98a38cec73d,66
0x6a11a7a71ce4277468d8736436bddf01b4d39a7a,5
0x6a11abbd198e13ecba6491a4559d97c2f9535c7d,66
0x6a11ace50aab5b26510462fe906a6d91eb5d8c64,8
0x6a11b537b52da8f9a8a6a8afda65af956436f583,25
0x6a11b8e0058bd27b21067f3f5c4f66d25d12db24,4
0x6a11c1433a85bafa6498bde35a16c328b61c956637e22fea188dfb3742ac8fa6,2
0x6a11c28f4c5ca91ca37f60bd603465bf4a4f4ec7,1
0x6a11c3c972d7a0fd15299bddf04d56b7424068e0,1
0x6a11c52f000a04241747f90e05aff110d74cac59,116
0x6a11cb8907640721079037a1fe0913a3cce44f50,1
0x6a11ccb2df5de555e7ed26aba2750ce439cdd016,22
0x6a11d008e368423c5e1fb1240b2122c6b2e1e536f27892c5fca6242529af8c74,2
0x6a11d264ee3d13d9456ccb2ea6b0aff0c94b41ce,93
0x6a11d4dd4da2b9e73af7319dad912fd0901705b3,5
0x6a11d630c45938a34b409cadedf1c1e52753b4f6,1
0x6a11d925def8c771eba4cac085de1cc8cae6f753,12
0x6a11daaa9867567b1e6f7b1abaa49a1c520eb8f1a86cd4ba6e921a75bf45d131,3
0x6a11dbb173c50e390185bc3b61d45497baef5e7e,98
0x6a11dcfb5fe89f13b7964ab675ea516d93d8e4bf,29
0x6a11e3a1199b45a8e000ba6eba5f4c96bb8986cb,2
0x6a11ea301fa0d7aea74749c408ebdcc09d638b47,84
0x6a11efff6d80b5a769b7161a1689ad4d29e229dd,7
0x6a11f36671ff0ee487d711e6ffb909e2d005f9d6,1
0x6a11f5a4f95222bd63a93c77ae53b7211c1ef8c4,3
0x6a11f70f86dcd7379440926191306cf6273c44a8,58
0x6a11fdd7c474f7477dd3b96a65ce192991761b8c,1
0x6a11ffef0c8ec75d65e09d647ca56a828de24705,15
0x6a1204a279e7e01acad8447478db47f96a878749,22
0x6a120619ab045ef4facd395af82f94ad88ed8ffc,1
0x6a1209f75625df3ea65d794e54dfc974dce8f935,121
0x6a120afeb403e85d90a3a17a2b2293d4c4a919da,1
0x6a120d4a611daed18f9dde1a6a6b4b2a514ed138,1
0x6a120d80ab56eef4e29a5913019e92f5d75423ad,3
0x6a120da1ffeab1a159a88af651b721f47841c8c1,37
0x6a12179fa358154f1f8b02fa79f6a24cfd6f6dee,1
0x6a121bef45f29fe09a2d7b07bcefbdbb9ac37b38,3
0x6a12260a65f071ed622e4b36b6afc724655b85d9,1
0x6a122bfe93c8ca73b909427748baba2bc09452a73ef7353ca9566530648e16ef,2
0x6a12316f9e83699356dadc64d079db0e537df530,8
0x6a12323679cb16eb07f3b7549c7641bdb4747e43,2
0x6a123395206d7ea908d5d10056ff51e4a18a76dd,36
0x6a1236b2f6d60a24df53e3a7684f9447e5aa3bc1,3
0x6a123e0e124186c39e447282cd3fe68a78bd33b3,1
0x6a124404a0d563786b542de490a6a0709719382f,2
0x6a1245bbfb31d7bf6e94167d1b1bb3e14244c08a,38
0x6a124b0cc17933d72667efcac4b68b2284e052ca,1
0x6a124b1f44c3b910569532264136a531191c2da0,52
0x6a124b7500d9debd1f152bbfa59802dc2b9cc4aa,47
0x6a12514e71175fda4e21b167e4da8a3c6a50050e,8
0x6a1255bde34963016f38e5b714406595c92d0f61,5
0x6a125979faa6a5b5e3b3c0a3b0f1ad4d0043b9c9,2
0x6a125cb4d65d5e9f350a7d1dbed3d2a81b2bd3ef,2
0x6a125d489850acb5857863902d72e5c380dfa1c1,4
0x6a125df7c961660e14a23ba320cd78509b1ff1bb,3
0x6a125eb72cb051d18428ff163890dbe2e3341afa,6
0x6a12639fe8be94f9ab34e7075179c0b816bc6abb,115
0x6a12647614471ac1495b1c3aa8b89d7660fe2a89,1
0x6a126632097984ee3dd5ff4b3363c6457d41f567,1
0x6a1271695b19709cf5d403dc9c0ccee227332b8e,150
0x6a1277348cf377c544bf5d0b9d627e10ecb64e61,12
0x6a12779e1546882670c8cb9cd119daa17c8d5a47b90fa8920e70cbee986013f,1
0x6a12784483b873f3b5676239f86fc816ee1bc5fb,13
0x6a127b312590e9618fc1ea37ca2aedea34ee247d,130
0x6a127d0675f993ce712d840c5fb0ae3e3f7e5343,17
0x6a127e8ba50a512819863d61960a1843f67836f375b679cbd2cee7532370b89e,3
0x6a127f3b81a491031fc6e2670a1c676f85c8d9772d51781a3513fbfb9662494e,2
0x6a127f67eef75b493b2344490f771a4630b1eb08,1
0x6a1284e1b34ae58e7864b19ed0ccb1a15702923c,10
0x6a128b979a48171aefd0cf29b1022f24b5db182522df280226611ade59dc2419,5
0x6a128fae6d3f08ecf72b248e8341c5a965e77b54,2
0x6a1290efe0b94fbe14cd6c08b0b77baec14b75cd5bdc7ed0bd6aa6211c066fbd,1
0x6a1296c37dfa04977918e4f10088018ed470df18,1
0x6a12972dbaa35b84438cae2417f527953a1cca6c858b163a56367d3d37e81ccb,1
0x6a1298872ec7f3276081b144da94e0d7e953ff28,49
0x6a129a3c6e1d3683f04dc6802a0072822ce5ea32,10
0x6a129a674d8a137db2e0d8366eceeb4d8dfe3cdf,22
0x6a129d0e54f89bac17920aa3fb48457c4b9a3d18,4
0x6a129d8a6fea02ff04ea48c028d90b672143354f,2
0x6a129db6e534c98f43a2ba0c5fb92e6b3847d4eb,2
0x6a12a2e83c094d6f196e690ab3ae20005c052fea,7
0x6a12a62e6009d220c57e3f5a7aaaa5e38baeb35e,123
0x6a12ab5a1bcbbd87f623327a35b75f5aeafadca8,1
0x6a12b13955e61af74311ad9b32698dd1cc1b0a4d,53
0x6a12b8683b900577ab7c1045e25a622190e6b974,1
0x6a12b9788229b0f3a40b9bed936cb7c32fcfe2e892139b22c366f6944d9a80f8,2
0x6a12be2ccdd6f3bf86cebbc147c407c7551076d4,17
0x6a12bf64dde652dabb93738bb7c5aa25624f9f6d,8
0x6a12c4582294f445e2561fd99dee72162085c105608def8a59ffc2bb49cf4dbf,1
0x6a12c54dcb7b301c330c4a4ce59265d3c90f0c0d,1
0x6a12c8594c5c850d57612ca58810abb8aebbc04b,12
0x6a12c901fc8d59c599b3eeaac1e3fc78961a4e5fe1a38e75d4c966ab9431f41,3
0x6a12c9594b95e3f0f1b710b9801272f1ec9a48fe,1
0x6a12cc71f2a6cde16213ff3887ea0c675c6bd538,1
0x6a12ccf2c56631406b3307258d1fa63f8dad6bd8,1
0x6a12cdede34c2dd519705714cf88dff89c99b4a4,3
0x6a12cfdc4b35533c60932871f6dc57a35a4b6250,7
0x6a12d05fbb5920af121cb5b4ec06aba20c714660,2
0x6a12d15409a83778654935990be3f4758cd994f2,56
0x6a12d15837068dda142a5de13e8a85c177838a29,1
0x6a12d2bd671efc1b9a5db08f30d03918bdf61693,271
0x6a12d35e16e72636884d254c9b849c8c464d245ce9a28958b659fa4beb25051e,1
0x6a12d690655b3d89c09b03157568325cac21042b,1
0x6a12da20a72f7ce0e0e744bab7610a8da872a7e3,32
0x6a12db37dfa207c215413929135a0282081754bd252d674f5ffead1ec75d060,1
0x6a12db689e85c1160caccaed02322d2f7f832e81,4
0x6a12dd0f548c46eee1a872e4a0375ea395704f72,1
0x6a12ddaa92a778fef0a225b62857d070d21dbecbfff0ff735cb82755302b5697,3
0x6a12e2d9dc04c84c2a0c99c1c01bb8d720e03a69,19
0x6a12e31b0d446ee79849d98dd56d6cdd3ec34bc9,4
0x6a12f2b25c9cc8e8bd047db5185b5e49ffcfa8bd,43
0x6a12f48a1b763f57803bffe991480d7a0f8a1d44,48
0x6a12f879e32e74cbf3649a1657f5418b488f45a8,3
0x6a12fa94cd4d697ee73f2c9e8e1ca343aec3655f9acd8754696637931a8ae366,1
0x6a12fc88ba22f1192eb24a38adff7fc8f4d68214,33
0x6a12fcfc18eb469a8a7fa7e2eb4f1f354ffb48cc,1
0x6a1302184382100164531dc0b1f81ec0e3b5d41e6902a58e811d445add1d9ed5,3
0x6a13040e2b7803decd39b7f742a76274e7bc530e,69
0x6a1305656aade566b05c9cbea865645d017de27c,1
0x6a1306fca5db5110ad7732de84d6b1743d7cdad65691757ceef44fd9a43d781c,8
0x6a130e8665757529cd9bb3c4f59af0749d733675,66
0x6a131159f7fd8da8991492d6f50630bfdf1adb78,6
0x6a13138cbffa23b483edc739f69472fc3afa24aa,1
0x6a131420965207f9e8d7c19052097ab319f582da,1
0x6a131538d099954a4496634265ca67cce2d1c3cb881bc621458aedd69c90b8d1,1
0x6a131c2ad314e4e77d88b4a7c5ff2a8cdd9695ab,32
0x6a1320e3bb539e2ef7f4be78a24575385fc61fbb,1
0x6a13227b39310300527622dfc759eb825b040c21,1
0x6a1322a6759ba7bb791c06180acb57b1248d754e,12
0x6a1324fd4bb20a99d8c8805cc746372f926fba02,27
0x6a13260a3f01daa2484bf827198bbc8d06552a20,45
0x6a132ad3d93ec8f7ca275d9d09433454859cc008,84
0x6a132c2d027e6827a15181aefa980c271fa9e820,1
0x6a132da1250d0612dd1f4391ab055503e39046c95671c4af50bd71fea23fa6a6,7
0x6a133048d4c4f1262138c4e9ff6a56e9e59d52e9,3
0x6a13320a9fadba0f785e9112532b6c15f3024946,2
0x6a133554bbe8dfc7b94f8b5eec549473e45496ce,4
0x6a13377b60c148aad7b8888ba86ab50fc61aebbc,52
0x6a13385002443ca3f9be7092d278cc3eb124e1d8,7
0x6a133d23b2758e6ac004480e765086e7de9c120051655cdb3cc85f6f34e23490,1
0x6a1341601c8a588b427fc56080a361b05d35914d,59
0x6a1347500965c17ef5b34c6e8e108996e189704e,15
0x6a1348e165426f1413c164b0d88fc69c41eaade7,84
0x6a134f61d3907b554d231d4134b13f88d353291b,7
0x6a1350e5f3c6deeb181964287985ee9882b3a421,59
0x6a135316e70f6b6bd54c902edb7611ff3c3ce3e9,1
0x6a1353d50729cee0a147f5ff0339be9348e7fe03,22
0x6a1355c1233d55d938646b8a4d851ad8d3b071a8,1
0x6a135817e63e66112917d8cd3f955a30c32da5b8,1
0x6a135cafb0a0f9322f2777ad9088edde284d5736c3301194a77eb6c9ed380d4b,1
0x6a135f9da192138e86f7c6e86e5e2048549ed2be,47
0x6a136295400affc349c648eb9eec580a478b4025,53
0x6a136493a46fb9c5efe19f136e48d0f7d7e65477,34
0x6a13662646ed5dfe6113a316e4de95566e48fc6e,74
0x6a136e40f872436e94eabdf62fb36a887691f769,60
0x6a136f47ad8b1e9530bc05cbad720d74c91d51aa,42
0x6a136fd7343aa8db8fa214463cd520bba419684b,2
0x6a13710e1cd79d9586bfb8d86381571801fabf6c,1
0x6a13724b33b2907393b632a95e48c3693f4df80d,2
0x6a1372b4fb791a50f58f0249cf82ebbc69b1a6ac,101
0x6a1372fe6c9e754307c0acb2dfdbbd77b8541555,1
0x6a137556c6519f749e9cc0f580ce88adbf4ae3c3956ce7fbb5881984fb55f7c7,3
0x6a13782269d3c522c23bc0eed40545cf642e5c131b6b311f48f38ce0ab64f99f,1
0x6a137996687c250d579555c6b81def00fe7f65a66c02297c8d4bb802bb54d379,3
0x6a137ee563c2533ee932fbb14d9004c3e6e72198,193
0x6a13884902af02d9c22d9a444bde024fbd1cfa6a,11
0x6a1389538622647ec7fedc44bfd73b5160eb2927,64
0x6a1389c3fd848e7acdc3cd91e8b6ec82ca7ec5d8,125
0x6a138d568adc27b69a39a1461d7198610e288d13,34
0x6a13956b2e3235a01ee3cb37face2d20e154c8df,20
0x6a1396d688391cbe750d39ef7d8d4d6dbb4d65e6,1
0x6a139857eac8d6842641316c11fac3b1c57e7c3c,1
0x6a139a4f49998ed788052e84069eeb25e23eb07d,33
0x6a139c25e36d7e85e599ab98195bc1d7e23501ba,31
0x6a139c4adb8adcd239e0415503052820a6a9e05e,4
0x6a139d7c08fa02ab28f5e8c5f09646a2f380088f9115ed3c31406dd68fe1e382,2
0x6a13a1485c0e3fc244cc6b94f882e3a8f215264a,3
0x6a13a1dfcbba4170d529060a6fcfa8e4a509f942,17
0x6a13a453c8e1482e4bc1695f2872a03fc4e58e67,51
0x6a13ac230a289c60fde793040d5057495276a9789ce940ceee9a0f40872c2d67,4
0x6a13ad7049f763842eeccf074f9494739459404c,29
0x6a13ae7e94798caf3a5a07fd402252616b0efba9,47
0x6a13af02fa0da0f381a671c055cef73a3055d6c2,1
0x6a13b10292b4f9c39249bb24dc0dd29b5156c237,89
0x6a13b399b1ca647befef260bcad393d2af7b5cef804d6e40127698fd7e800c4e,1
0x6a13b3d30e1342e087c483d46ee396ff87c1254d,47
0x6a13b3da2d9d4f427697aaadfe771edf9f2da53e,70
0x6a13b5d08d010274f6b3be58cbd5cf991ddfdd56,6
0x6a13b6e49a10497dc410946480d2cb09c244d542,10
0x6a13b86b7a98cb08a60b08373de9162b8b6dd69cd232bb4695afd65682509a0c,1
0x6a13bdaf65d6c48df81baf1261ffa0aaa8759ce0,5
0x6a13c093ebdc5e9fb41a847479b3e02f9aae9ba7,81
0x6a13c5edbe4f48507dcdcc28466d79b519b049b7,64
0x6a13c5f5f98cc953acea6a6eb039628cf91576bb,8
0x6a13c95dda03e86c83f74dcaf6361981665a6b2e,95
0x6a13c9dca45425d220b937172452c16f29511ef44d14a18195e215d0d03dc031,8
0x6a13cb0a462552b2a637b6383102934383c5b6af04badc3812c79c137fe40ea8,2
0x6a13ce4b4dbf6c15e38f6cd9312cb6110d70f6b5,15
0x6a13d1b35487329fc495e08e4879cfd55e9dc3d6,16
0x6a13d3680bb4b05ba7a2630d533095e0344524c3,1
0x6a13d3f51a4d373d7a2f63841b949c2c8074eefe256d0a268d069ef37e116a95,5
0x6a13d465eb779ab4a26586b94d2874887a540e14,58
0x6a13d5c35960567006112b020006a6b9e8f3cf66,99
0x6a13d7e2117403f0110cb161435879bb70d55cc6d8fc982f31f45e36c2658ebe,1
0x6a13d84365432959bd70d6c842d50ec05b0ed329,32
0x6a13d91c69bee04536e6fee77917f6cd24ba627f,34
0x6a13dd488b2dab9379b02000739dc820cd4d2191,11
0x6a13e231ef4d82c24249e8a4f1d0b908b345d4548706191dbb76b521bf73c5c9,2
0x6a13e29404fd40d5e4213dd4b971ebc8a44b3fb5,1
0x6a13e39e9cac9eb690dcb56bf0f20235de3cab29,1
0x6a13e87ac60663d20bc16360e3b90d58630851d3,1
0x6a13e8dbf5412f94b8eb4fd57909a08d038965712a956fa4c18b9836fac51f,1
0x6a13ececc0af019db5bf8091ea960bf1e2732203,13
0x6a13f0412102fc51c0ed3c7c06b39b593938f88b,69
0x6a13f2f6da6a4c736fda620f1d86701c0e8341a3c9f06d4969c3725f246ab581,5
0x6a13fa5ec15e6cf1768703215ecdd54338f2d9d4,8
0x6a13fa8d88f1253f9ffb72736787a2ca94e5191b,1
0x6a13fbe20260c123bec94a46407b6c18f440139c,56
0x6a13fc6f01ef7c9f45a0fa240b7ed12f24689b7c,30
0x6a13fe46c1dbf37446f873754c1338ab204a1c063a3a7f8d0fc2268fb97b1871,2
0x6a13feb98bb462a5a7e95f5eed9fc769299c1961c6d3c679da324d6cf8871a1,1
0x6a140051c7d8b441ead0cc6f10f2e2bb1ba37994,1
0x6a1401e5fa581f93ca84a375cffc8f611cc14c93,199
0x6a1402624e1cc3e3e36c41495cc70e29fa8226b7,123
0x6a1407d3ce8e19287eaddef0f3350645d76079a4,8
0x6a14086778ffc1d4cb3efbbbf062cc86ee87a57d,2
0x6a140d9ea4f584806a9bee12ace1acc419b68310,79
0x6a140fca2b2baf817d9632aa1992a55f40aa1451,1
0x6a140fd0ced20bdd127759975a2f3e5467bc2afc,1
0x6a1411a306bce771aea43e9e3d93e8106906fca6,1
0x6a14130777c1f162ea56f142726612cde030789961f5f53b0ee36392bae29c69,1
0x6a1414b46749940a3cd9b06962ddd73a22e9eabc,5
0x6a1414e3ee166460a4db0cfc13738375c2cbc000,16
0x6a141c36235ef2c2aaa3328037f4146c61f74928,219
0x6a142061f05f3809a11d627bf24398155932fdeb,51
0x6a14231b94f08a5da699c2fde16314bde761e924,60
0x6a142982194f47babe717d365392bc3f832b28f3,65
0x6a142a23ca18c5eb1e8c576ae25532535587568b,10
0x6a142ca2564b4dec87d7bea98a08d79aab64f491,107
0x6a1434b4bc61be2ec0fa9faab25e8d1bf5b583aa,2
0x6a1434b62ad9ed4d01de7413f54ffd0cc4a9e85c,1
0x6a143db4da2b78595024cdfdde91a0c53934c8a5,4
0x6a143e89e88bf8b6c14044c2d3ed92318f046729,10
0x6a1442e2eb34de5ed80ad8c41dd8bf7b67ee1d68,17
0x6a1446a93973bdc1c4de32e35acfb2fab83c482a,101
0x6a144e7fe5cd004ad58b131c15ecfc4be6861bb4,4
0x6a1450f8287f33ca776c197a8abd3711ff25065c,14
0x6a14527445bce89b91aba916d778a1e963b91f774968f3ac5c70eed47fa52d7e,1
0x6a14551ee790188ff4e008913c379ad38b7c2821,17
0x6a1455ee7877166ca3257128df1ef8d8a8afe47c,1
0x6a14591fe43bfedd1d067d4d13b59f09543f4103fa9cb791383326cbea51e161,1
0x6a145a5dd02e0626104209dd6abcd5df2fe804f4,33
0x6a1462bc96bd8c50a5516bd67107f27c8ebb5b67,1
0x6a14633f02a4231d50b9b490d7d4bcca77f10b30,138
0x6a1464c75f4d7a2acc711d115fbd9fbfc6ffa9c5,19
0x6a14659ff2572e24aa4a09d242e28666154b9a9b,1
0x6a146773328cf65dc8c6943e10a8a1b05e9a830b,20
0x6a146f3a47a0e33d480701ce5b1c8e2a5448f8b2c7dd78878f6171fb23451323,2
0x6a146fc86cb680231fd6667af0b754b8a7cf3827,45
0x6a147068e2759fd19fd27afeedd3bb139ed90615,1
0x6a14723a4f5aa692ec9d50a163cad2366fe9f2ac671eb78a5b550064ae0df4c6,1
0x6a1473914c1543fcf603848c05a63a8c6f98c35a,31
0x6a14760f1a0adaf3fe4b8b4ef6c03c4e35638a25,3
0x6a14839ef21859d1154a7d1c06af22a119b81454ce34f174ad0c5f4d876a15be,2
0x6a14843832f87657d21f45b3566f70ae8e815a92,2
0x6a14867c9dbf675e0f77b39dc4dbc859e78ccade,19
0x6a148fcc4da9f82c0d24ceb40e4f1d36d302d4a0,73
0x6a14908771026ca296b0c77450acd159af18ee59,22
0x6a1491035ef1bf71670ce09acbb5b6c374c3fe8e,5
0x6a14929d6a2ea7f5cda84558040ff1b85f438f0e,15
0x6a1492c6e8cb7554931cf651cdbe792c604a8d1c,1
0x6a149502a291616974c438b61751aafa1b9e32e29685cbaf10f82179b9b791fc,1
0x6a14997e52619eff88027076eaf5b81dd4d40dc0,11
0x6a149a2445ce519eabbed94ab82b0d9be396bca5,26
0x6a149d01b011a34cd1158b5bde0ada7aa07a5e5b,1
0x6a14a3df86687d73f430d2e382df6e232872ace10230fd077ff39b584c1eb7fd,2
0x6a14ada5b122d257df72f600e0adff2fc6c38455,1
0x6a14b228eecc7718fe042f031c2ad8b2a1724820,1
0x6a14b2c0cdb411b568998cca3cedf6bfe6087e27,2
0x6a14b81d3c8ed2040ae1f893c2917e8db661a0cc,47
0x6a14ba038cef62ce1bb60ab13311295684f85b4c,1
0x6a14be7ecfe9b433c3561bc86d6a68f489703046,65
0x6a14bee6ecc4bf1d20106ace3766c072fb025557e7c99d8261b24c697356c5fb,1
0x6a14c07ffd7553811025544c7bf2d126d884c9fa,38
0x6a14c16d5acc779fa65333ba41e885350f648ec7,11
0x6a14c427497482b3c3786da5c27cf025ee61676d43b0342d2e16de186c0222,3
0x6a14c76e4943ea47a0bb04f268a18e800b7fafda,11
0x6a14cc4c1faeac796eb30f3aa5e9bbd3cc0536e4,1
0x6a14d002813285e1123f5b59135e152d2c61d502,12
0x6a14d3134f56061fe8875c3874c4529cdf9af395,78
0x6a14d3d7da279e160aebd8d95d13aa3dcb7b8eed,34
0x6a14d4c303b301c95a4386a865417efb708bbcd1,9
0x6a14d59e462166089d00175ca54694e7c704cb05,12
0x6a14da8cb259a5d150177a99d1b00af5baa1476e,5
0x6a14e19554738d1ae375e5d97b6a692747c5591d,31
0x6a14e1d1a073666954e48e59fdda1a792758107f,2
0x6a14e628e67e2ec14a6fa2b1e8e58b9f542be927,53
0x6a14e94a38fceb291e94a29bc3aa50082168f33c279032d5326380427cb0a767,8
0x6a14ec78f754fe21b94705d9e57cb0d91bf4ba6d,1
0x6a14eef8db7af28bf372a238a0b5a7c7ad511121ff40c156d492ec37c0af9542,6
0x6a14f0b40c64735fc44e79b9ec10acbe7ad625b5,31
0x6a14f334d8ae0d4d30eacade2c18f484dea8e829,10
0x6a14f4f82cfa16f84bde36dbb27fa0edf2dfb626,78
0x6a14f6cbf1a0bb8da146e22ee397788a9f79116a67bca814503bfeeb3a9ee121,2
0x6a14fbc0528fa2873b711f94f19bf43dac4f4272,43
0x6a1507fbd94c5fcd5d937660bfc615dab7da8bc3,4
0x6a1514e2c66a96041b6c1a626d043f84dc289a57,27
0x6a1517c002e8579826e40bbe1edbae78b6b0638d,6
0x6a1518c84892e6708c782421d60aa3a1b08109fc,4
0x6a1519a66ac3ae87c236699a5218f2c88e64ccfb,1
0x6a15236039376501da2f462c6c51e542a61e3dd5df70a5e146b749eaedba7c8d,7
0x6a15251da588c713242c21188a45c099b74da028fbdb0363fd1c0dcb662c0141,2
0x6a15261e9ad2756fbe9d7fd0746d13afe7e978ae,58
0x6a1527c8f20b02b862d2159c129200a0de7a768a,40
0x6a152f0c1168e33df0c813e32d423a65f5bf7549,31
0x6a152f5a95c812492f82d925a395198530f6d73d,4
0x6a153154359c9f444804ef3c562a742c43ce8d19,2
0x6a15327cca85420987a386d7ac9bdf7dbafb53be,13
0x6a1532dec920e7eb3bfbf130fe5cd9f3361fa5e22923e8087d7e3f7f68ab2d49,1
0x6a15351c2daa3c572a05f24acd2264c1394d891c,21
0x6a15361d8999ebb9a68dce9a0a36525a12070a79,27
0x6a153713885128499c77d4b2a163862dba8e9280,4
0x6a1539bdf89645f1270dfb4a4c439ac0c9321c90,1
0x6a153b7f7b9ee634c7de9c295f5b5789f966ba74,40
0x6a153d75f91e1cd7058f0122108a977031d95705,3
0x6a153eb50636a52ac91476c22b996abf6be1f15c,11
0x6a154688e2c463a7551dbded297c918d0ed6be57,33
0x6a1546ab02e3ce3eea1ebd811945bd87a0a8092a,1
0x6a15490f3fa2366dbc11dec66e26ab805a2a55e1,37
0x6a154fda994d801bf4131bed2d1ab93f641f111d,15
0x6a15545646ec4c095dee98d261cba495733e872a,6
0x6a1555a2c3eaf9e97ebd1d77cdb1e3a4ea186965,28
0x6a155c927512e72b1e073086a6feb589b5d8c9db,4
0x6a1562aa00d01a89f07ec29afe7709565c5f7156bd247cc0b0a67b5583a10cfb,2
0x6a156515e12b4e912b1ac1d31fee2f53d33377fb,9
0x6a15705a9fa94d95ae18ec6e53f0e30be4e0096f,2
0x6a157227f4703c54c93375124eb543d9141ec94d8828b834311e809ce2501813,9
0x6a157431bb6f48954eb20f8d4c5f6bb087ae97d1,6
0x6a1576fe5501392c21322af29974ee314bc2abe5,16
0x6a1577352b438c318b3090f3422ddb30d9c83ac6,49
0x6a1577388fa3fbecf1000286a27fefab0288e554,106
0x6a157c2969cbf4cf0e596fb21b6b7e64e5c672f8,33
0x6a1583c574d71349c523f37590d20872397fce441c0c94393e7fedcd913fb014,1
0x6a1583d675aa058c2e944a44c0a10087e7af3cd1,196
0x6a1588c07da2a6ddb54c1e5a1b4e9a89bcbc30f9,5
0x6a1589d141d0b35008bb744351a4eef4795e428c,30
0x6a158a61542fe7faaa868eb6e1a8d4772e9d9c32de1436aa1916467258101ca3,1
0x6a1590f73a9c6dc77215cd9cfb70a41fe3cc57f351840d5abc98c4c89b8ed375,9
0x6a1591fabf041905d2aaa529f3f5d7078c1484d1,62
0x6a1597b61d0c583cc40123dc6857d3f701bd3f35,1
0x6a159a3616da32dbc9604303e26eaa05c9ec13db,110
0x6a159b36b99767ec3a54e7033b83d0ec1b5f50eb,20
0x6a159d55b1400922ec86a0b69c6d61c9881f9121,16
0x6a15a1d11a605d4d9415359446b277d54c2d64a1,27
0x6a15a3520ca4094e70f46560a821aab47dd654ae,16
0x6a15a49e5fd3d3727898dc5d266cba795ef9abd3,26
0x6a15b50281426c9546cb6d3b0e937bf4e03ae9dd,21
0x6a15b6860ec569c8f566281dce5602c5141cfde548442b909eb85c621b987851,2
0x6a15b71b7af49905acd8c7cece329d0cb977c219,30
0x6a15bb9a00ca748842ecc4b9a28e13e210e5861c,38
0x6a15bc6aa62e383d0f031d9ab313c50d17d6853d88cbc61fe666e093361d2031,1
0x6a15c7ed014cff024579603813c3cc6bdd2c55c8,3
0x6a15cad58e1d8fbc43304efd87361e5a3b8583b6,1
0x6a15ce4d1b584c83875df9935977cf8365ee2766,1
0x6a15ce72d32a88bde55be0ae6837b494b00018610ce7873cd8bea6b7b6f5f6ec,2
0x6a15dba04a205ed233aa237593f852c9ba10da87,14
0x6a15e79b31eddae4730b3041f22b2db876ee6a36,60
0x6a15e9b1bfc56b0b702c48c000d5b4bc4ca0558d,5
0x6a15ea1b26034e06ecddd47982d4ecb4707c878e,1
0x6a15eb6f50ab69d1bf4e124c3f938c965e095ed0,1
0x6a15edefdf45e6b89ef26110d22221909d7c155b,1
0x6a15ef30dcbcbaacf35cb5fdc872ec36c04475c2,52
0x6a15f51724e745830fe56f9c5880e27dda8518d2,1
0x6a15f74b34353e79a7ac12a9249727b0443b285c,15
0x6a15fb64868b526f5d1977d55a77e68d35f852cb,50
0x6a15fc15e3130158c20e81f7c9fc1bdc18a75e68,1
0x6a15fc7b2043b1e3851f97f81693cd9bf3a9de71641803669933d73e09e832aa,3
0x6a15febeed98b2ca23ee52256e55d41acd7ae1bb,23
0x6a16081d20011eee84de04f812a92bff8df629a5,54
0x6a160d5b2601f9127dcc39f70b71e84f7ab471d6,19
0x6a160f0958d257d1acac54d640738c807b706bc5,10
0x6a1611f9971f2b174325f38a064d78afe3747c51,1
0x6a1614c0212e0b791194a66a725b30b4f629eb9f,1
0x6a161cb44e64a8fe5f2d60f7b2548e1c698578b0,1
0x6a161f75697f52878cb7eae77f260a6896217b5d,23
0x6a1626dee450292acc4a843ba7956d275f534263,53
0x6a162c1e29da143f953ddab6ee8667e4c425b8e95b1abb017e247d01534d593a,2
0x6a162e64798b56503c4b4a1cea22e101bd95387e,8
0x6a162f370bc58d1132b548d03df7438d4423d625,36
0x6a16305ac0dc2eea021e354e35da61de0d9d79cb,1
0x6a1633154e9b4b4b78c7ad8f9a9182418b0a2d22,36
0x6a163578e0aca1b3c14386f4962d2b3de818883d,65
0x6a16369ceec83c64f6b7f2afc5beb42aa27d6fee,130
0x6a1637c9110c8ca2efac224290fb2b6aab15a98b,25
0x6a163a294747552907f4b660e6c760c7b0f9ab45ca0df98ad982c0cc1ed7c8b4,1
0x6a163e02a5de8618cd147d4d332ad228f39c3078,29
0x6a163f43ad96632a7284ac23673fc531e4346548,1
0x6a1643fcb0072f95616d960e680b571fef642346,127
0x6a164a037ac3fe0e14f8a755108bee649c58454e,3
0x6a164a6861378d1a8295e83cbc0f08a8c5fa5a41,3
0x6a1651c53391f92ce335124e90d9d90e22e43203,19
0x6a1654150967e1b59ec09fff9eba9203ed6dcf95,25
0x6a165577f55b58c0fb5c19d360e3ff31f01e0ff3,81
0x6a16590fc5b74426369d28af5990899a6d8f12cde7d593fcae9844d1029ff55b,1
0x6a1659b6cea79ca668707d33b0807b976329e758,72
0x6a1661490cbd86320c6dcaf73a85c3d71728d5d9,77
0x6a16624c54d6b851018cac24a578410f833af708,1
0x6a1662e12baab2a3faeaf2ca27192b98ebfb4dc0,10
0x6a166467dbbc9176e3cda3da8d77c54ba60a51c5d7d73aa07c6ca07eb678afc4,1
0x6a16660fd08a6b41a33afba667de0fca970c8835,80
0x6a16662c8e7407c14f29d30b447b6fd0a43c5291,1
0x6a16683bb8654433d67f6a9e0dc9eb563456823e,21
0x6a16684f0ede9d97aa90a74a04e7b3bb333876a4,4
0x6a166fe0e01e9da5710c82d77c5c6e2ff6fe9b7b,44
0x6a1674dbb855842636f25df9060fa0861b38a5e5,6
0x6a1675a43f35e1b9cdd88b6a86cf8d340ec2b29f,2
0x6a1678a2e37c3a129de00c3c3918367bc2def6b1,10
0x6a167bc8b04b0c7b144f969be19402c15dfe080e,2
0x6a167c20b2e664b0726419f64bd0f4ab4dd6dd56,14
0x6a16820f3ca93880e78e5858e316eabdde012db59d2d0c3a01216472cf43d228,1
0x6a1684756420dfc7a63d2fd2dc43a13c789310d8,39
0x6a1686cbbdea53b54ce5baf6c69cc7f00483c3ef,67
0x6a1688fce22b1a75476ef1ff97a94d8e2f54fb0130b732621401d62da200384c,2
0x6a1689e2c4a7b4f6dc5842318f561e82a46a825d7deb919f2d53de8a4b80a988,4
0x6a168aa43ca6bdef8bc6c036600480e55b35a82f,1
0x6a16939f839655446fad0f3f0d748dce1950da05,1
0x6a169995fbabec75f0c16473bed70959f197bd40,25
0x6a169e36d6edd88f8db8705146494c641ba966a9,10
0x6a16a220e2fc438c504b9cabcb7ca013a49acdd7,87
0x6a16ab04e44bfbd7fa6f74626e78d8e3a5074764,60
0x6a16aca9d93dd8a6f6349d52eb0eb341a7d6b791786377011bd3b260df1f4a80,1
0x6a16ad2edf1c7286352912a6cab414c083ca5126,53
0x6a16aef89cd3c3754652cf9fa34f8743d8e3c326,1
0x6a16afe8a2b56c6935b876ba633e88679fdf71bd,61
0x6a16b00049919d3dbbfc266b20287bfdfd382495,56
0x6a16b00b3db417ab9172665aba0679ba8e16ddeb,2
0x6a16b1cf8f39d4ba4fd77bbd5e417a56b0634343,12
0x6a16b39ef8c5e03d0ad76c5a038a9bef31c73978,2
0x6a16b608204c28be332a48db2bef5a1dc247e31c,47
0x6a16b6b234cbfdd53aba928d9f83e69f344cb0efb070325fd5cfb972f7cc7166,2
0x6a16b845733c141dfc0af0392fa2119a831ead33,62
0x6a16b84d1755dbbde422c2f4033f09462cf37440c1b1dd44def1707879f254b1,48
0x6a16bc9afd4b739874063c7f92c5da8532c0a762,1
0x6a16be8ba4405680572c6e8c4c3e104e6540a352,6
0x6a16c71640c67951fbb2dd51a747d0d27028bb86,67
0x6a16c7dc4be5c5303539f25ad65c245a57c2b04b,1
0x6a16c9141dbda30e88b67dbcc7ea48c3f2df8077,3
0x6a16d0ec43fddde380e9acb5d2844a45ccf2914c,1
0x6a16d0f91a1e02b0593bb0608c5f18b30ab3538e,1
0x6a16d109ead1ef25457b3ce0eac35ff38dabf11f,2
0x6a16d520ec9c8f6934cdfafce7372252e954d48f,125
0x6a16d5649e07f11fb7d6eff01442b35db4916f12,1
0x6a16d794b3c5312fe3e59fde13a3b8627792eccb,74
0x6a16deca912a35733dd889b3423ae186a988313c,39
0x6a16e4458a3a7c0691d88e7e5d082d0bd397af94,17
0x6a16e6e71fcebaaea9a9bd603d51fb19a017e3eb,7
0x6a16ec3deb619940863d76c8790f02f381ee3b6a,6
0x6a16eefad32bec58994d87d92b9aba301ed779f7,1
0x6a16f28b9d7f850b50ac271cd138e5f829d4a673,1
0x6a16f2c885160b380e8b83af84cee7ad05e53c37,692
0x6a16f7a1af3f40e0290fd7bd9bf7d01a69e21ede,3
0x6a16f9d75945102ba19705a39aa1424f22bd76bd,1
0x6a16ff01eb184896cb8d87b0eec8fe93124aa32f,2
0x6a17036c474332763327c8e1b150aa5c35caf9b5,25
0x6a1704327e6a4a4b22061ba73b5ed33da977f5cf,7
0x6a1704b41a8c557e6c0e8a83cd46892c847f1d8c,2
0x6a1707d3ab8a335428c88e8ad86547dacb48346a,4
0x6a170a3af0e0c5daeec3afa98fbb542b40d60ba8,24
0x6a170bff44c91361aba9338003cf10d0990ac91a,1
0x6a170cda72687e9f96e441dc8a8971de4b2996aa9f5bfa7260fe4e661167ee99,2
0x6a170e95a3f776c99cb9f6138be6a05c3bfbd6da,12
0x6a171a57a7f5c1a9f2f3a3180770819e930bd4f1,3
0x6a171cc6bbca6f19e47588651f3b843b8edd6161,57
0x6a171db96583416a8694d4b6733253a40bcbf755,1
0x6a171f6fdafe16fd3b70ef8eee9443ba0970d9c7,1
0x6a171fe64ea953eb4021249b9e98837ee8b06cdc,22
0x6a1721d15351aa38c64c53ce1d37093f5a474302,1
0x6a1722300413719a3ab1ee7952a72bd3da0f95c6,20
0x6a17261b808491a8444e1bf11b5f863ed61d8d3a42ce59e21e1a2f2db7743419,1
0x6a172862f37928f61f140237f4ddd3bfa73b42de,9
0x6a172d842c1d49efd9b3885dd8f792cb419f9d9e,12
0x6a172df3bc2ff8fbf17e63ab67e9a751ab79f88c,6
0x6a1733c06dc1cc4a25d25599a98f6e7eb030d27d,9
0x6a1734097428dd360b7452e237f1b21e4a9def69,10
0x6a1734f9c1d476c817d5c4a2e2ebf69110d7074c,1
0x6a17358aab51cf6bfb7a77984f52cedc85ece4be,1
0x6a173bf7fd60768c2dc609a2f050d015850caaaacb975326207d02cd3b967278,1
0x6a173e5cd630b80ee70cf5d823a5a6fc510dc7c4,1
0x6a173f23e429c1b97e5544067db6cd90006206f2,13
0x6a174026b04b04ebf912435c02d46cbc195881a3,12
0x6a17418663df38113ba25d7f54b6283cd0e23069,16
0x6a1745d68e9bec14bdc2785684730e485dcb2cf1,107
0x6a174884131536efff4bdd3c4130c52fa98919f1,25
0x6a17488dbd074c56b98e296f721e8fe7069194cd,68
0x6a174c165e39f670bd3ab58ca32e57cd462a0e1c,8
0x6a1760141bc0d7aef9fb50325b2f9b413c63e7d9,1
0x6a1760fa801dd800209dfb96809dbd971e40a474,58
0x6a1761f0d20aa52faa7b862654b1b851ad32dbbc6dfe0a8b935d2f09af01cbd2,1
0x6a1764899f89100ad0df374b4799519a1e11e4b0,1
0x6a176660edf20a9ed5ce9d64d14882ded79a0a7c,46
0x6a1766dd401ad309c8d691fd66e9ed7cf79bfc2bd55390de5d44aa159b261c56,2
0x6a176792fadf992244f4cb9c9aab6304991b190c,6
0x6a17681c3342ed25c334dc5cbe03929ba6d896e9,3
0x6a176836ae2f4db0728caff2111fd1f38e24aabe,2
0x6a176a1f4f2979c8b14a132b86b1c9d645c36d11,1
0x6a176abc0d92ba3e2ef5c6a97fab8f9e3a6dcb91,30
0x6a176cbb283ffe85bdd1997f76c9621604d9357d,1
0x6a176d604374dd4573584578f610569093019915,1
0x6a177260e8520dcc5d1f29a7572261bcf8d40ea1,169
0x6a177261c926e7e0bbcb95c8ff28e198e8f5568eb35a492a17371a8907e20db2,2
0x6a177293e22ee1610f6f5835ba1315b151dc2e77,4
0x6a177a0e8281ff4a81b1852394b72d2dcef7250a,23
0x6a177a6496aa0f6ec1b8dc27eae26486b53f8b43,29
0x6a177d70099b14f20886e3f5fee41566a7b5a3fd,33
0x6a177e519dde477100c8420164345704b679f02d,35
0x6a177f851042ec039dfeb2630aa62f1b6447f7c0,73
0x6a177f9eafff7edca3d6de977a0c7df010cf28d8,7
0x6a178239ba370c707a9f29513e1bff88bfbd1292,1
0x6a178252191e5cdb1cdce43d4370ef30a048cf0e,1
0x6a1787cd4ee8dfb23f6677c3a1d9e37684d375c7,2
0x6a178aa1a37877f344f3de2de912f4d60832e882,1
0x6a178e8ddf07697f040b838eaf6c1bcb8e649c06,2
0x6a17957be9fe041308bd000be9720a00d0dfdf8d,1
0x6a179ca04c65805a79f5298445a93fcb07589f80,93
0x6a179f9f9bb30890ed38fdf49d0d0fe6b866bf8d,65
0x6a17a10b778618e37fc356375a68ee76fd14b258,49
0x6a17a3203af15956e5f3fe8529f4e6d72bc6efc1,4
0x6a17a83eddcb4510927be334e5103534229a2896,33
0x6a17a988b5695abea721a331794dde8914b2e560,2
0x6a17ae2a6f0e0315f3d955dd3ea83881c7efd699,6
0x6a17aeb5b4d7bbc402096b78c2cb45aa70cb4ea4c18b84099b77afb149304967,1
0x6a17af535be90b341548e22371c9977ee9c476ec,98
0x6a17b07ba472c21564cc81194d6c8e192317539e,2
0x6a17b4bc099bbf64729520951e0caf159df0c235,3
0x6a17b943eed277f708f334c646d8dce41b175a47,1
0x6a17cea2f18d4123d329ee4763a420b9177c6605,12
0x6a17cf19739390041ad4784e97bfe3d3277b37c9,171
0x6a17db6522e0a2b4e90d3db34badaa1b4d76259b,4
0x6a17dd911e27571a73db9cebe0be0c4bd3ea1d5c,3
0x6a17e1119fcaaadcf18cd767b942db89b775853118811b07983c6097d779a9a,1
0x6a17e253d7c114d98a4666630aa42f5566c68dc1,77
0x6a17e2dd7f599057f7cd5c63bcebaf1d80d29bff,57
0x6a17ed8de3fc3bea6165cca9c5a298cb4e95efe0,20
0x6a17eec8117b0bb89ec5b888bc71b003f394e1df,1
0x6a17f0edcd75d3341010d02e8c34a782653ed659,200
0x6a17f0fd804fe2a80ad73b8d97e788ad29b70cbf,1
0x6a17f2312ed07a83e6f20ccc67e60c437d465b1500e97504936baeffee51169,1
0x6a17f739c9c5ddbe93c4db829cfc60814e98c9f0,237
0x6a17fd5232c4501b49d543bb27e58905126315a7,69
0x6a17fef84b570d68eea02d17498b6c44006ef764c5aa9f19c61224977db91b84,1
0x6a18029535bbdcadba4c1cdaa8aaeeac6e58be2a,11
0x6a1809c7cbfb6ff18487c184c6963df590147de4,34
0x6a180a27242de47c054a63f6df6b858d929aa89c,7
0x6a180a62e6b6bd8a476c0d851360bfd96c2eec78,1
0x6a180ab6ab99e902e864a38088e5dc74dcd6e5e64f0ad5b49cc4d838b2864841,1
0x6a180b63c9223fc050db814f7579a30c4861b1ac,7
0x6a180bf31ececa3a2b53d32fc5977d83c98e0fdb,37
0x6a18102337e7b26f85d658841a9c7dc76fbf4dc9,13
0x6a18133dd256342eab782fe92086d01ac91158a6,78
0x6a1813eb293c797904fbca41d7a1dbb7292de50a,4
0x6a181a917d6c69276253aa900f0fd6d0b47a99b5,27
0x6a181e7b5ce491f4c964e8280b4ceb5b143d7d45,27
0x6a18222a757d8f612a0427d06a9cdd4dce785105,3
0x6a18291356186ad0c7153a6af1feeb1d7cf95709,1
0x6a1829ae12e737e2843195734af9c342a8fc7aae,2
0x6a182de33fd0bbf849e5afa916bbf1afc910c8b1,7
0x6a182ef886c2f8841ebbdedb49a2f857e47f5ecd,1
0x6a1832521e93d5afa9e20d680a83ce75b37d97ca,1
0x6a1832839275a96a59d1e26cf95599d8da1d146f49eb7841009b53a714936374,2
0x6a183902598cf9faa917b8af67484d66e2a235c2,1
0x6a18397c063b3fd6efda9bcf6f432da0bab954ab,2
0x6a183df07aabb8d12f9188f868c092b97f4c1beb,42
0x6a1844a43a07fb71c2a85078acaf337a68a0d359,49
0x6a184537c9e6d2ce84fb7aee7b2f7ecb8d413c01,40
0x6a184856afdfcee9edd10993ebc059f161d379da,22
0x6a18542eb23ac6c72a04c8ca8872c3e67c955c0c,1
0x6a18573ae54cd71b1918dc7500deab01186ddaa4,160
0x6a1857695a61045d8dc955a2729311801b7c4a5d,93
0x6a185889ac512dc14c06fce0686d073733051a80503eb4d413a9a4bb6722b89a,1
0x6a18610afca25b2d3202522fa6129a9947a6a4156fd52629fb3ac78f6b2c3bcd,5
0x6a1861ad39f632e48f4668dec4845614e581b8b9,7
0x6a1865d74991fe4124227a0a2eddf211b1069287,3
0x6a186960c33d8704f54965d18c3edcbb51dbf0233a6e106e29db27c0640430be,8
0x6a186bbf145756d9b8ea1802afa851801e3b019f,1
0x6a186c3e272eb4e7ba3be5ec3b99f6f893012a81,5
0x6a186e8950fa1ef30792a38d61cef29a3c009ef2,1
0x6a1870325a07d0d499acfde82c138eab361679fd,1
0x6a18706afff08320f49a1de099847030e161a010,1
0x6a1871876ad2703232a6a4bb9e43ad1b2e6c9021,32
0x6a1871acff051b391da27d50647818a5529c935bbe338eae278f41b940e51a66,1
0x6a1873bed47192bacfe3738b26b271f90d66c813,11
0x6a1873e7aa3d430bb07a2be5c7373ea105238f91,1
0x6a18743df2a00ea8112d399ff0bf0075b61e4c2c,3
0x6a1875a0231d68c7dc6fce320959b8a6e3092f9471f9f21177b760bd9052f2a3,1
0x6a187630f68ef4937c95bb8e2a484d4a894f9248,19
0x6a18765055665d3082835bd4bcd1088ab5624201,85
0x6a18765df02097790178f7d73974f7fa6b58503b,1
0x6a1876a368d17d98b249d03d24a1dffcfd891b30,28
0x6a18787a7e1298f3a682f5d6d549f00a07ad5e5f,2
0x6a187a648163a1ee0e674d1ceff5f454aa1be3bb,1
0x6a187c7e8e6e6414de7ab1391ea00cda2ec4eaf3,2
0x6a187ec61cf09ce49a05c6807c0dbe35ef3ec084,1
0x6a1880511385cf82bb47ee9924007364f19a6607,4
0x6a1880b667949663cada16e47eaf140ef29f42fd,3
0x6a1881be14380e9450eb78ac86c0471c95b659a4,55
0x6a18853c97b5d952e6f00dfa90c043f102c7e57e,1
0x6a1885b75227f52685b9f015f6abc4671f5fe1d829e8edd8aabdba0ec40a989c,1
0x6a18878cd3c07378d91a882dd5fd5e78128375c4,12
0x6a1887f5a8349739fcd0b2e8602a687c53dd313a,74
0x6a188ad4d349362c834e2338aede05da0844f23d,1
0x6a188ba3fd2490c59a91fe7f02990cb4b5e92c85,1
0x6a188f591e9a073464b08ea48ec365e1f596d88a,1
0x6a18915a4362b50d8796d1aea1a389944c453e11,1
0x6a189160ea3375b305767e5f5411a77d186756a7,36
0x6a1891ef071f03fd615734994e9d0528da3054ab,18
0x6a18922dbfaabfd763ea29fb15606132a99dee0f,1
0x6a18934490c1381dcf101e07d6d1b6cce35c8277,48
0x6a189346d9940e36c835ce84eed477996b448596,55
0x6a1893987c4e0736462ef906c0851b44a49e9c7f,12
0x6a1896a09aa9fe9c28db9fa82efa573766dd89f5162f52f17e0251df903368d3,1
0x6a1898bf26f30c733ea586fb6351dab07b06bd6e,223
0x6a189b1cfa71967ff9644fd7be4efc03f3b8d802,7
0x6a189bdf71a6a2d88dbaf2ffd7d10c895c598d71,19
0x6a189cb16d90bd11dd7383a419b712042c190df0,1
0x6a18a0df243a9d6bd2ecf92c0eb89a4809957dea,2
0x6a18a6a42403cb671e5c2d81d989964644d0b660,5
0x6a18a9e361973580c9969f573dd09d06905e8ed2,3
0x6a18b0a77f97cea92dc0eb8f4d01c90aeae60312,108
0x6a18b5ce410fe43d5943f95c88df05100c540a57,105
0x6a18b9a56e966fadf93d5e81af6b10aa741801fb,1
0x6a18c20157c09dfc7f01ffbd4cf77e8fb9c7a1dfed39c3155718d53623014941,1
0x6a18c29efcaa6651bebd89148d80616477053457,186
0x6a18c3127dd1c547458ae5ec2bb87b52f4274995,22
0x6a18c5b897b535cfd4f4f0b2ef6a9b2ac1cb8a9050301f92ae57a7b5bf95d1b5,1
0x6a18c9f5920ae0b6eba6f61aa618d3fb03c25c51,52
0x6a18cbd6ea2f6edc5892bfc8e6e2c40838291504,3
0x6a18cdfbaac682e0fbef2e0a4a55a75e076a2426,1
0x6a18d0ffb92559d687ba4efbca25590d4bb6f21c,2
0x6a18d550cae450c62c0ab7f1368deaa3b3a64f40,11
0x6a18d72402d6ae3257423399219315e21396a9fb,9
0x6a18dc7e725b613e53dfa0067328f260b832e112,1
0x6a18e022b4d1078538d8d8890c9b00d975342d4d,2
0x6a18e0b281a003e5c50a798549a94faec5b823c3,13
0x6a18eb65ce367ff69cb12a342f31fd7f1da43dc7,2
0x6a18eb8db594a304aecc8b8f284ff63282d5f0b0,1
0x6a18ece30cf8a457251273164f0ac76d74972d15,26
0x6a18ed7d930a3c1d6855136fc716dc35019fcbe9,7
0x6a18eef0b8fd51bdf7923e63c45b7fbb667caff6,108
0x6a18f048633196592ff9026d22c5297b9dbe0fdb,1
0x6a18f112526becaf883a5a0fdd23325ccb8ea210,4
0x6a18f49727e233ae93c466dbeeb53d3430b67e06,3
0x6a18f7a22de54dc49d487b2ee54e68ee25f335b1,2
0x6a18f9997fbed80cbd8b90badb93cf78c2e496520278722e362bbbe699159538,1
0x6a1901ab720568d0abdb0c7d1edfe361ccf1fca7,8
0x6a190221a35009ca37462ab56e63b716235497113be9592157dd812cb90747b7,17
0x6a1902bc0141cda8c7038439538785cfb8231080,1
0x6a1903ccceb7376c011645f2ccbd9ddf981774bc2a15290b12cdc49dbdd504e4,1
0x6a19060afe464e0dd931c183bbab2990fcb58cb9,74
0x6a1909ffdfec23e4dc7f523f8eb0acc889e6a710,1
0x6a190f2eba789aa0294830e8952b842477456f11,2
0x6a191383fed129b95704b93e60c3c1b3739d4e2d,6
0x6a19155d0754aebae3bf5041ad1153adc35bc0cbc2e7e9a1d84ecffaad9d8c18,1
0x6a19193ebf22e220e9e812c1e1a54e56fb4ed5a6,3
0x6a191c11fbf567bb19f554393662da80d269be91,1
0x6a19210d5e26ffc16e1a83ea6dfe383b5d784b3b,1
0x6a19211820d90eb1273b1e1fd914846f722d086561260e1c0c04f227af4fc941,2
0x6a192a54299663fcf90fbd07eb4e8a3d8dffecca,53
0x6a1931a02a4860a4808234ad512f14ef7fe6095f2e367c85fdc4b350bb6b742,1
0x6a1932f8f8afa2562a887a7891b53ddfa4fa3cd5,55
0x6a19348cb3a4769cb4047e2767f4258c07befa04,36
0x6a1936088c0b7e4925515b3301e76130c7a93b52433afa19aea96d2d927d3ba5,4
0x6a1937eb64a46379855aacf0868d33aea814b9a3,2
0x6a193a0eeacf88d3c6718448b448220ce16ed3d2,1
0x6a193a9bf4b8a01d8d4fe186826410099976446c,2
0x6a193f7e5dbb28ffe3dcd9635b6f85c70368374d,2
0x6a1940b74d44a38489671028067c514ac4a43388,37
0x6a19439967a78eed1b7127724e59b11e94c21aba,89
0x6a1943a92e0d60f1d8d283129bc8c04bd1263851,38
0x6a1949fb218f86ddae756da6e3cb6876bbd3bd56,8
0x6a194ab12aee01b37420afc6586d4a2c38981a8f,90
0x6a1952b090c49766ebfee99b41638bc0b85aa6dc,1
0x6a19599bc2ecd0adf5ee8aa9854d64c1e8578056,18
0x6a195ca3cd9b76512a1af47a827da836c316ec95,5
0x6a1962408be127040e7484f6e38ad98c3912b730,1
0x6a1963b5ba2b407553e2231e2684e60e269dce87,31
0x6a196d13f7cb09774ea2a84a3110dac083f73a6b,1
0x6a196f45e2a1284250f492a84a4f9996845cce00,2
0x6a19706d2e9449ee459be74cfd9a81c22f005f17,106
0x6a1970bca7fc6547a06904180271f5e6c9b99a29,48
0x6a1972a28275de9f75d814fb5238766cf3dbb5be,1
0x6a1974797a6a0fee5ed8783a0dbdc14e5190251b,1
0x6a197687e18d6f5bd2b2c93c12099ca0327836c3,2
0x6a19786a855effa57f82fbe0e948659ea3742bc8,21
0x6a19891e91a3d4d690cc8f9627290d25bfd34df6,1
0x6a198a9db7f0108b8e2f0fdafea0e4d04dbe5ccc,2
0x6a198ab725eadd63b86e192048c6bb3421a573e0,21
0x6a1995824984ed21388ff737cd3f85eaba2929b8,19
0x6a199b5638095536226abc0ab34bd0491bcd0404,39
0x6a199b91c4dedb0de166f2eb1f05202ec2b7aa44,1
0x6a199c5a72cff4868e52edc1d3f7a9d72a53548b,23
0x6a199eb66a1477beaf5d8d8269c28db77a4fcd38,5
0x6a19a0c527bc4af181d5ce54da6444fdb185433a,29
0x6a19a33353c62d0aa4d97a09f93cc3b729dabb30,1
0x6a19a34589ce52f74b5328b80e9b74d173136d40,1
0x6a19a3bcf77243da2d632cc47e0e5ee615d3ffd7,52
0x6a19a565fc668d778f18888e3901310cdd2e306b,29
0x6a19a627cd8bb5ec192a9f0c67abec333aa6dac7,22
0x6a19a83b632ac37574359b0d5225130ca48c7c8d0e69f6e8c72d98a11cfdd693,2
0x6a19a934f09b3bce403dbe88f74787b465f0147a,2
0x6a19a9a21809774328da80edf4f87dbf9bb9817f,45
0x6a19b681cb43398444e8081f721f135c6309b15c,1
0x6a19bdcff44e0a11a18b5091d611ca580e5dc422,25
0x6a19c4a61df51837f2881c1e039fafcb0696775b,2
0x6a19cc0cb49ed049d7c04733044978d13d9b58ab,117
0x6a19cc6d9cacfd1feca9b9c341a0505895ca41ac,79
0x6a19cf36e9c5be6f30fb7f9b638a3b3b64fdbd73,32
0x6a19d180a00865de53ff1c1f214d80ac91cfb2a3aa3fd67dcfb80a45dbfd57ea,2
0x6a19d3272d0ac1e064a5b1e9af7df290fdffd02c,2
0x6a19d659d96a603ce6b3cee6ed819d4e4626f2f6,1
0x6a19db65661fe13a8197071b0479bb2acadb3f65,69
0x6a19dbcbc38b9aafd1cf10d53ca749f779f4b62c,3
0x6a19e44b864148edf48dee7966219a3414999136,1
0x6a19ef3ed06678a14d9663fa320628d0d85ea374,1
0x6a19f3226c91be3beff1adc3794ee476d612f117,1
0x6a19f82983bcebfecb03c1a9ddc7e11be880d243,28
0x6a19fc6378410f9022566baa2da32e633b09711b,42
0x6a1a0150f6f0d1e2413c2f862ba27875daa005f2dd6bfbefbafdd1f2efb7211f,1
0x6a1a03a487f049c6c443e9f1933fbd5dbf9afcb7,1
0x6a1a03ed13d856e5cf477b3bc119474c77244690,8
0x6a1a04e3855ad285884bd344f05c9fe30fff3211,10
0x6a1a0c20746bf415e535f10642aecadf8b1a70e6,49
0x6a1a11dae1d06acb8537b48d44484b0025792a0d,63
0x6a1a1e1e869099783cbe2ba53999cc497210e726,1
0x6a1a1e7a81cc3f9ecfd12406ecff2c82c49df6b6,3
0x6a1a1f57d034210f14b32ae8f40047368c988a98,13
0x6a1a1fcbadcd0fcf34d59b68dddc7ac5ece8ad48,1
0x6a1a252e84bf1569be1652c53801c85e26b142fe,33
0x6a1a258088b721988b19097bd997bbb52e928ddc,21
0x6a1a2651136876464c333ec50a84007aafda2399,1
0x6a1a29b41cd50af56383e67859b5871ef4faf2ab,1
0x6a1a29f35327b01cdb178443e903cc6d9d550350,1
0x6a1a2dc79ec9094549d40d73d914e99edba3097e,9
0x6a1a31118da093beb290f55f7ce336dfd85dde3b66d6b6ab093ff1b27d846462,1
0x6a1a31c5c189882319d5d781276dc928542a75cd,1
0x6a1a335b3e5343c35275043cf706403a6184af46,3
0x6a1a3a10788a706dea94b93033c9a5f8d245cc46,1
0x6a1a3b47d0c1ccbaefbfc2f8b27eff432703a057,1
0x6a1a3cbf938801bacbb944fe00f33a45583dbe03557f5b6102441581f492add4,3
0x6a1a3f108557082075a68fa25308a4b97209efe4,32
0x6a1a3f51bcafb6f40005081093de75f67d0338c3,1
0x6a1a3fe0b44cd1078322a83129e9b0113ddcf584,4
0x6a1a3fe6dd333e3f5414317f8a263bba35003995,3
0x6a1a42321db17e85b326d8cc8db8301a8d1662b5,2
0x6a1a47c1cb374823e6f545bab6f450e0d0443217,73
0x6a1a48acc0346a9e02dc99fb9bf462c41c5f8033,29
0x6a1a4ad11f7c066e796207582e110d3ac2f596bb,60
0x6a1a4f6786b7819cc5808626feb38f2445cfccc5,31
0x6a1a5bdb428d38d0040c1d18b84034936dddfd07,1
0x6a1a5bdbadbff0418a60ad2e53985d3036422e33,1
0x6a1a5de23b75e1120dea7daba52be98da651e57bf43cd373b5e36455499e9ee0,35
0x6a1a5fd23a4f9b982564fdd13120c08801f3fca3,22
0x6a1a65e2017fd423e1351736c5aee7d72df65804,1
0x6a1a66a76b9d21a8542a9649f8b1ec6a6d390d74,110
0x6a1a6af7768cf688f4fd11645323f8eec24caefff93d6e60e364807d42f38a42,1
0x6a1a6b72c7d312398d8a9992ea7ae82e223f98ea,1
0x6a1a775a45e302ddf8822794bdc1194489038339,8
0x6a1a7b05fc5c43f817cbc962fbd50b9889695928,13
0x6a1a8189a48a83ae0e29e23896d0c7ba7c95fa6572e863c5087dbe8753d3b7ca,2
0x6a1a8405302432199ae75e08d86f63c5092eea18ed300f91eedf447a1cb4c345,2
0x6a1a87cc61cb5d9b0f8f54a10908457ecfa12f9e,52
0x6a1a8830e5b44d3f8a38cf9f662a14981c8b058d47a14a27942b0767ed3caebe,3
0x6a1a8c3bfc2a50700504f6652b28f772360e5b36,1
0x6a1a8c8a9a5e8fe1b8996d7329862bb78d17fdcd,9
0x6a1a8f195720bd85bafcde3be06303843659f00c,34
0x6a1a9011240491502e34d2739f14e1a0b8d1b2e8,1
0x6a1a930ce2c75285d67ba3d5b3fadc0f640cce492dee9996ad3bc3b5cfb14da1,2
0x6a1a960fcbf77b59325d647c18fb305e11c4188d,1
0x6a1a991cc5c3f0c9c36fbe7b1fd4649c90bf80ba,1
0x6a1a9fb7aeb2f112bc587102429ba1afafdda426,5
0x6a1aa143b2c5ecda8e4c84ce4b86f5e40b867469,1
0x6a1aa3e2855b4b163c70a3db994da30c1a8a7b51,48
0x6a1aa893e03f1b4f70be7a8b2d29a0ea4e845d51,2
0x6a1aad4387dbbdb34db4127b1887eb2c5d6379e2,52
0x6a1ab09e473db9213aa21341046c273a22d7c74e,61
0x6a1abaebcb3635a656959954307f5442b1fed69d,5
0x6a1abd472d62421000131f4d9386335a111b57fd,36
0x6a1abea7026d33e9940cce91c7fa58e216059eb9,3
0x6a1abef765fb2f792d73ae788bdaf76574fc2eab,22
0x6a1ac0f15708845ed80ccdbc3dd79cab3eb38e40,28
0x6a1ac9dd3e72233f90dc7cf29caa294ec3b66531,2
0x6a1acfa45674e40d7161ae2fe6d91fd16a90e7a4,31
0x6a1ad373b09836341d0ccf3f1b55464d782ef5b2,2
0x6a1ad7e67b2ced4ca2e022d86fddb764273a481e,1
0x6a1ad902573b41cc9efdc13d0bd095f06ed6edb9,1
0x6a1ade7e8602a6416863b7d2c6e4b11923bb9993,57
0x6a1ade84b57979a16a87eea882d9ea668b7193a08235026569480620bf6a4a5f,1
0x6a1ae62a238bdb6d510574f09525c5f9a3420d93,3
0x6a1ae81cc3227f5b0c2ca4095d085ffab04aa589,24
0x6a1ae986eeb48b36086c100001449519b90e7485,105
0x6a1aeba9ad0a77da9ecd0c56088abd7084a80e27,23
0x6a1aebf01e1b403fb716b1cf2053d43a5967ec09,5
0x6a1af08140d324a77aef91c2e7ec1503c202b2b8c6a2d7bf497cd28abd54afd7,1
0x6a1af0c6774d3354704042bd1fe119de3f13506d,19
0x6a1af24ef5cefd09a1c13e740757797452d59a1f,1
0x6a1afbe963a43284dd12db730c4885c495c3af7c,1
0x6a1afc8a229d820015361da64819e64e6a0258f9,1
0x6a1afefdd1be42e1ada5590d7ddc6f390962c39f,48
0x6a1b02ebacce5c8ab2b2d3df077fe645d75d09a2,30
0x6a1b04349dfa621c7b86bbc522de5ee49a966ab0,26
0x6a1b0eead01661c6f8cfcefcd21301150472f77e,2
0x6a1b1067f6bd22860b0bcd7a8e723b8cae28f609,1
0x6a1b108ee2cc37cca3954251ff07e3d7d752a27f,47
0x6a1b14fd1bdfc1bbf51e91c3a095259e53de52ca,1
0x6a1b15b2abc4ac74246f37d1aa673926fce411ed,12
0x6a1b1691ba01753aee106e8fda0aa41a02abb826,62
0x6a1b18465c806c1b7a7b000ac750b58d97911a79,29
0x6a1b1e001dce85fcaa88c6d77e713e68efa4de7e,23
0x6a1b1e271d1007e79d0ab5a0b632af1ac0edb8e2,2
0x6a1b25dbc01e6455ee7a25ba462a98c2278e80b4,1
0x6a1b2de7f5d642a2cedec8bbb33831ef43f24059,4
0x6a1b2f6fe98d30be695269dbbbea8ed4312d9335,76
0x6a1b33bad5a0825dbbac128da2753c44abecce99a04d098295aa6676a17fad9a,10
0x6a1b387d2067a4749c6e8c426dd55a5f818c9b19,4
0x6a1b3d78f23a238ec6e47dfa8227467492fd3961333654c989d6dc0db2e0768b,2
0x6a1b42bbea42ea2e8160fd2fc35cedd74ca29670f30b1da95772e489de366abb,14
0x6a1b4d8c4d1d7cd567f722ec8aebfc35f392a3f3a22eb544010d53fb84533b4a,1
0x6a1b5222a4a07ba16e223a4fa0a547b07ec3e17b,5
0x6a1b53b5646b69f91c2408ea888f5841f2845e4420ed90fde10a56e7ee1a2576,10
0x6a1b543380780ba6a2e3e17b4df41aa179dcb848,2
0x6a1b59aae1b0392ff78553a0ab82d3f3a0093985,43
0x6a1b5d919df2e7b716f2912d6ad1aa7ed45b6214,59
0x6a1b5f0857ea1ea4df1bc2604cb0c72734e5a12e,38
0x6a1b5f3326d387082c9926f2b287e918288b5fc7,5
0x6a1b64ec5ea82bff7eb420847758923d79e8a4d1d676f9859e44d903ef88618e,3
0x6a1b6dfef6f24f094f426a1b75dd2605d8e2a556,12
0x6a1b7292a75dc233600fc5fb9f0c4f62a5fd78f5,122
0x6a1b78cab7fb9cf83b5f8ebd5ca541b6d490aeba,84
0x6a1b7c2aa41b5e89ad1757171a9a4b5afa81e30e,3
0x6a1b7c3c8fc9c2b14ba92a551175326ea6109337,49
0x6a1b874049b2ee8d929998034c5cf9379a28c98e,143
0x6a1b87b72c7b8801816dc498a26b4acd32462a54,2
0x6a1b8987ae283f118b3aac6006c95647dd76578d,20
0x6a1b8f705ab33a53c432d36d5f7eca947d032716,2
0x6a1b930f6b43d1740e5850770a9b92de65c4f5a3,1
0x6a1b939de26b587083ba6c26f68a5f3fc8a8b96d,2
0x6a1b973ffb2eab54e2fea47bdf2f01941751375b,100
0x6a1b9c63320601d39e169887cd5eb5aa04a7aac5,1
0x6a1ba3bb253470c4c404b808c9bdeb6c66a1b5a0,6
0x6a1ba4c6a4bb4b84228a8d0698f7bc41ba5ab22595c67c8809f0234b5814d521,1
0x6a1ba4cd2333e3cd6ecc2b165e3ac24f285c9e0f6b09041624bb9c099819f8b,1
0x6a1ba7044180c2e9cba3a8b0cb4af09bbaa4f6eb,36
0x6a1ba82ee223c3131326254af5bc9713a2a25de1,10
0x6a1bafd68612363c441756637a422e6f77fbe05a,1
0x6a1bb257d0b757adff49141e27d515268021bd3e,2
0x6a1bb2b67f4b5cb5c67da09b68280ba41b777de29972dffa44cd065a9b54c5b7,1
0x6a1bb75e109dc9475cd5008b296dcb484457e353,47
0x6a1bba0c12903e928387e3976f52b5881c9d40e1,1
0x6a1bbe2b4a7151de2273bf6350cc7a47ec7ec214,3
0x6a1bc148a6c211c551586523799b3b27df2bc329,51
0x6a1bc435ae565f58142b39f607878952a88954cf8d4b2a8e3b7a560c8b4c5290,2
0x6a1bc59a5357db29bafa849eb3426abc3858e850,1
0x6a1bc74d004cad17401cd2b6d257a5a2040ced5e,5
0x6a1bcf9d069e400de776520935fa2dea6f3f4e09,1
0x6a1bdae7d559558b3215bd40816d74f22a808971,24
0x6a1bdd8e3986db75b0eceb88dc5a489db1c2246a,4
0x6a1be036baad9ab3bd71b79359be3a2f68416506,29
0x6a1be13e139581d7226f09aa8abea6a07604db92,36
0x6a1be1c762e31db4ee75c5558022f3bf02a7baf0,9
0x6a1beeebc92e477aba4e9fc112794ad38fc991d4,52
0x6a1bf118554e51a702dc8d4ab6917eff69378bf0,38
0x6a1bf1d13cc8e8f0f77eb77bd64b094c5e7e49ef,4
0x6a1bf289f7440c60afe9a1aa945cac730649f5ca,49
0x6a1bf498789cd2e2d615e20a94152cc58be447f4e1c1a3ae68024bd1597a3169,1
0x6a1bf59e167261cb7c1899b42b49b09a1dd9cd15,18
0x6a1bf7e4754eb441da7c07c5689bb198e7b14034,1
0x6a1bf93edc35bb23c94090355a2cfb6a9d796aa1,1
0x6a1bf9c90b99e525486171db3fccce1de405a059,45
0x6a1bfe81f4792a25a9b65fdbf05cb9f4257159cf,62
0x6a1c02fc554f46e614f9af3e50db4c91a6cc5456,13
0x6a1c033941e6574f1d2801fb4e5781a8c6868d259ceb16933b188baddc3a7012,1
0x6a1c038160915626432f60370232e3a8a1e3e5be,71
0x6a1c062b062cb01c1fad736a1b231d2da878efe4ebd94f89f998deb66e7beae2,1
0x6a1c06ae96100df84cf872520b9385f387077cb7,1
0x6a1c08d51946ce4cd6fb1b72173c66070f20e71b,1
0x6a1c095703fe67f56fec7055b0b9f77c88d08633,21
0x6a1c0a58a25ac4375c03e78f5306166b3fa3ea8f,17
0x6a1c0b3aa6cd51c28d95183922d76e1ef21ab8cd,1
0x6a1c0ba512ecc351c80ea7a81c1ac2f5af49ffcb,1
0x6a1c0beb8f2211c71caf255109b9b4370d31991464793be12e98243b333fbcee,1
0x6a1c0e483fd822f6e0f6393b2910931c2e92a027,21
0x6a1c1eb62d2701d3dad7cd417107fb3f00d3e13e,1
0x6a1c24e417f01f494efc8d570946e0f99eef989c,22
0x6a1c25f1a172b5b28d72938c619be1be1be69521da36340212f4da0531d88526,1
0x6a1c2aa7f8b47fa6015ccb1b83ee85b782a720e1,1
0x6a1c2bb548fd6103bb701808e2f0402d5b55997b,5
0x6a1c2cc275073695212b3154c0c3e7b852dd7b5d,45
0x6a1c2d77ae3081b97a63b54e5d5107988ab6d5cb,3
0x6a1c2ed375ce3a43e8fbf1f088a65835330d6825,2
0x6a1c3074ee3eb27c17804a25f9f9632ba6ef55df,1
0x6a1c3846cda742cfc38caf885561ff8f613cc66a,25
0x6a1c38999f651de15e48260401a477a9dfbdc70e,1
0x6a1c39664ab080f44f7bc314d540b83acafb9ab4,85
0x6a1c3a879974e1673ed0a7146b4fc02b665242d8,87
0x6a1c3b718791ee9b68c60a1d7e6e7da94ad5726f,17
0x6a1c414e76bd0e9d5f70409aab2b2b871312c09557c026af7d4b102ea58f0630,2
0x6a1c42311fcc457ea1efb70c7312fdb65bbbd7b181c8068275c355c9018688ff,17
0x6a1c46cf66446202c8bac9d3261b5e1e7c59591d,25
0x6a1c512dc5fee626aae7a62ca8d85ca67a40e04f,36
0x6a1c5547abf78ad0e259b6f91ed539b2562f68f6,37
0x6a1c5c5c055275d01466771c5bd25cffca8bd38b,5
0x6a1c5c7d8fac879cccfd9eec3dac6998735c69d1,30
0x6a1c5c93695816328976006ccc9705c4fd49f90cb02fb35c4ebb8d01f98e96f4,2
0x6a1c5dc1738c6f1584d6d0d6f48b26a5226b7ea7422525be44868f7c726e2f14,1
0x6a1c629e74d71a16550659d02ea1db279739671a,9
0x6a1c6612de8af0144aea6f2ee966deab747ca7aa,56
0x6a1c679003a1c33aabeca2014cb90ff5c6f917fe,33
0x6a1c6c2872e0d775d63e8fa3a9e986ebd736b6393c1c52b65e78b20f02b71fd8,1
0x6a1c6d3796c213beaf703b945abdabc619851e61,13
0x6a1c74479a429552ce3fb9e49d5c2df1ad093538,9
0x6a1c7573c986273155b6c234c6e221fcd725ed5b,38
0x6a1c7f77260761163e60d3edd9208ea35b9808f6,47
0x6a1c80050d7b30c228eb816b14e66bbb7fcdd1b0,3
0x6a1c831e8e3b97778a9b52ee3a6cb00d3df0fe3c,90
0x6a1c83aaa8845865c25c279d380a7f8f9a4ac73b,74
0x6a1c8e65ab55566230f42dee5ae09baaa5335592,21
0x6a1c91448685f2c9536961030fd1092b40632baf,3
0x6a1c96ac23a94e8eb6d091c9aaf0b1ab82e3c338,18
0x6a1c988d1a987b127f1170e664886390df734e62,17
0x6a1c9fd007df9a17eedbd5586133c3229de81a2f3e686c941c168ce564ea0e08,2
0x6a1ca22ea798b9cf80ec2b07201d863b9fc63de3,29
0x6a1ca4f51b8fae1d02860c8b8c4cf14264c8f7f2cf3279d394eb888779709e16,2
0x6a1ca6e13d0184413483d82ee47c803761deaa6e,81
0x6a1cab1a0fc1d92a63d11e0058c29b5d5d7484fc,1
0x6a1cb062ac1a54d1e2bdd30d7da9c2147bc097eb,86
0x6a1cb49d60d74b2b24461ae73a66f9940a676374,38
0x6a1cb518138f8cae7f8a57a31900a7da9b8dc2d4,5
0x6a1cb6d80b2bdc7303ed5e6d4e22dad432d2cac1,37
0x6a1cbf8703368f73c62aa48a6ef273f35186227a,72
0x6a1cc110c4f8ed02359f6feff3bf0450eefe3fe7,8
0x6a1ccb9a87b4360f41428fe427e2b218a311bdb0,3
0x6a1ccd71ad48ff9812f31f4c8d5fc7eee9b970726ceb3941f2e1798b29e012e1,1
0x6a1cd7409b30f6583b42f1c40841262441dd40a9,3
0x6a1cd74d8f3553f3a78e6fd5a243546d61565bcb,10
0x6a1cd8fac193c754d91690362a0555720abf7728,16
0x6a1cd9315fe5a27e37275d663f853342f4d12cd4,1
0x6a1cde7cddc7cc5f64040033385d5803d240d068,1
0x6a1cdfb3f4766a4d92b3df7afc617c0f50f11b1834f33dc849fee9c448b7d6fa,1
0x6a1ce3829c712a25276b9fd14e8aedcc941a05f8,60
0x6a1ce6cf9dcbf780cd35d7232aaa694a340ddb6f,1
0x6a1ce8ad73fea9f62554242f9d0f6c2e69cb6cb9,2
0x6a1cedc7a9c9b7f0d91f9724bb655a3cb8f8fa87e3363eacd21d8a3a7f0cf41d,3
0x6a1cf0e39ab6b26da3c1e157cd84f50551010a05,2
0x6a1cf3c8f5dbe9af44e8969f6acae1a7f71c1bb6,12
0x6a1cf847837e9785f595b0e4243a1389f810d9ecd491f1ac16514481109f7e4e,3
0x6a1cfde931674af63e5be4403e7c147b9f02f0b2,7
0x6a1d027f2b96968ed95f610cfbd578e2e6839121,71
0x6a1d03260a74d2658d3df90825ffda4834e04fdd,1
0x6a1d0333f7a40876cb750d44d6e6e63d785ca89662e3f7e9fc38abebb2752c30,2
0x6a1d05e6c595a24f4a8d916cedf2202cf27e2c389f77364823336498619e9fd3,1
0x6a1d0d91946ff648c31338a9422bab922c5a7b20,24
0x6a1d16458967d03ec1066826af73bd03faf9740c,45
0x6a1d18d5764ff65f45396b7fd329373350c5157b2680befe48fd3b45a9420071,2
0x6a1d198b9577e4bac88689b9322e8bb2e656e351,10
0x6a1d1a6a2a91c14066fda3f296c2e9c9a68cbec4,11
0x6a1d1b51fb5394fef4520672f7a2bb47400ec4c4,2
0x6a1d1bc6f8a473b3c74fc92de6e3939f5dbeda45,42
0x6a1d1dba9d200344c642f7ac69ba7a945f8b9e1d,421
0x6a1d21e77ecb855b1f57c3ae7098508b9a2480ca45bc58346d0a6bbba8de95e,4
0x6a1d27fcea4dbbf1e1597c6d7dbaa7aeff1df7d264294e2a31477bdd6e465541,1
0x6a1d2bfba0240fa0b1ab57495aaa6fbb53feb3de,23
0x6a1d2f5c73c88df0a1898284565932b5ff38fcaa832b1bef49eeea733c5134ae,1
0x6a1d33be671d25eb4bb6566d021d5841a5210f38,2
0x6a1d33d7992abf057fde172852b70b3520cd7fec,37
0x6a1d35ef844043d9cce305b87ea58793eb40ba81,5
0x6a1d38992519e5e0925ea2b5ccca119b8ae28ea5,5
0x6a1d3b78913b4b6e15c3b4838a509c25a6846c01,1
0x6a1d3bd6b31e5cc85c8220dba715cbd98cd6ad1a,47
0x6a1d3cc699b63322f9f522f48bc307532c3919ff,28
0x6a1d42cfdffb89666c2693c432d40c269e570478,80
0x6a1d46ce52b331512d20d8ed9e054bff7760d826,19
0x6a1d4ad9d5fe4ecfb6bdc0d5d5825fbafe4166ee0e7f401b4b3b4d2386426312,1
0x6a1d500386e0139bcd97240ff2aca68db9289bb3,47
0x6a1d5157b1d5c1047f3f2b3c3ed77baad93ce24578ada8fd5bc4e4bee9a30d3,1
0x6a1d5e01bdc7b2472e72499504b740f152660b42,39
0x6a1d609b8913ba766f2eb9f8d96f8e793bf86460,45
0x6a1d72dd822dbf659f4344278e3c0514388cb039,124
0x6a1d733564a902384d161c4304d0d70ef4074251,5
0x6a1d76580476de7c08d5b9c027f0f203b7bb9d75,1
0x6a1d7767064205218c888dc6103ce5942e5f9400,2
0x6a1d7a5f293929efb66f7f4c75c4940c8b424874,10
0x6a1d81956036a6ce68efa37121f1e0900c5ed12a,4
0x6a1d821b3adbb4a98390f2d78efcd2337a67569d,19
0x6a1d8531818d224b4bb46c4fa9af097ee904a6dd,8
0x6a1d857ab4f31ed44ea944c38bdf5dffccb68ae2,1
0x6a1d85d36b6936fd81c65896f7db136eff11140f,9
0x6a1d8bf1708e1927174e22be05c5d9fc825f3901,15
0x6a1d8c77cd9d4a87b4b18a367d2becd06c00cb78,115
0x6a1d8d604fca88262b1f7e19b19bb2cd588ecc4e,1
0x6a1d8d6bd619b3adac42d0d64971ccf58809f26de7e59562fee3b4b096caeb19,3
0x6a1d8dd045434a6ed5e8215ea35dc635e96e2c8f,5
0x6a1d8efdf0eb7f680c60b527dad7b0a71b63b23b,1
0x6a1d905492b5f7e3df5cfda5c21caf616be23c4b,3
0x6a1d9072705e120d953b6899dcc4eb739d4143e9,2
0x6a1d9515af982ac761207d92eaec13b11069c64d,63
0x6a1d9753895c20432a4f8b8e736790808b96090fc702100c54db89f82daa25df,1
0x6a1da0c23022b52706e9429137fd640a509ebbd0,7
0x6a1da1c56c73f448c93338acbafa95810d110092,59
0x6a1da77c58f0220fc85f3d03611941d473c07b54,2
0x6a1da9ff16c493e9927f33c45fc1035a98066517,1
0x6a1daa75e01c33ccf6015c8a05c5526798a836d0,3
0x6a1dab4043db9ef13c6eb5109d0e4e926dfb8c2d,15
0x6a1db049ad714d39e7b134fa3b953e4036fc58ec,2
0x6a1db5639a342caebedead459f612db2ffdd9d11,9
0x6a1db612d0f5056c0fb74b9bc6fa32fc91b77551,10
0x6a1db991619f93ff8927569b3b1818edfe7860d057b7f75174ccc588c16ea388,4
0x6a1dba32b9bff9bbe4ba0983c5b5bad2af345390,3
0x6a1dbc2efe8dbd872e20fa8d6969c5ba361fd94a,31
0x6a1dbdff6ebbfc3e0f6eac5bccb96ea58579922c,1
0x6a1dbf729c82e7c9cb65fa0c0ba1359183696d82,12
0x6a1dcde3bfde13b49ca8e6460b91a71384bedbbf,4
0x6a1dce823803a0132567ab2ac543e5d846ddcc68,31
0x6a1dcee72ed6b8deea346f82178ceb7b07861177,25
0x6a1dd156d3644db3eac050e03d55bf8235457522,3
0x6a1dd7721e61588047e1e3b8f6151a98de531930,2
0x6a1dda154849f9ace28f99a67a11b4256475fb246e53176b0e55022de37bc9f8,1
0x6a1ddb81b091a45d1f24990af864aa57834e965d,1
0x6a1ddb942ce85cb8e7550e1a025eb0c34e87a8b528a2e1648a8140ff23e872a2,15
0x6a1dddaa3f7d42cd2fd4ed6a1d7094aa9888b0164693838fbf7b54dffc1151a1,4
0x6a1de6ce9f5ac373c028d50155ccfb133b80023344802a2f411f1e4df4fcff09,1
0x6a1df0def76dddf145b0bed0412e437039acb420,1
0x6a1df38cefade5e780c15391e60da2bd8b7a47268e5f671cc595751d614d774c,2
0x6a1df4d59f1f3606f4a0ead0d83fc20a0227b2c9830cee5d8a8f7610b6005352,1
0x6a1df5207c2ce25320251d394d9f25aba6565efe9f5209754a7a844fd16f290f,4
0x6a1df81c37c13cc5dfd6d924b2365ace52681b4d,44
0x6a1df9c54af1a6f5389125f84e94d7511c3c99fe,62
0x6a1e0226fb80894c13c6717177e43e1437ac3dae,58
0x6a1e083bf260ba1e5932e77375ed45ad3494692cf7d27211a82610fb5f69d940,1
0x6a1e0ba7884050e2b6dc6ed0fc54a67daed5cb06,12
0x6a1e0dfc2753df41fede6d7ff99ff77a977da2de,63
0x6a1e10dc09f0eda5c76f74c90570abcc7ec5a153,16
0x6a1e168cac187c7898f2ba64746db667fe6225f8,24
0x6a1e1c5c85b643e96cb1eb8e3181ae228c0408bd,2
0x6a1e23293b1dca9233fe4ab89551e4dd97c4629d,2
0x6a1e28249c8f0af8216d7f4eba3c1754d487371c,1
0x6a1e2ac4b667360bde7afebc7dcf3df7614702b47c2992af62a0fc7923ee2638,4
0x6a1e2df51aa731257597afc569d35a5fcdf6337ce99eba55054adb59d1b235c,1
0x6a1e2f50513f8e2157f189d4fecc2c622a7448ef,14
0x6a1e2fea4306603e9e479a6dd2f6982da0d1816c,1
0x6a1e353ae039dd70de04e09bf21a2d11f6158650,1
0x6a1e365a18aaa816208db22ce39eac8c36a18286,1
0x6a1e3a1d59e3d25701f2c81d828dde07432dd777,2
0x6a1e3bb64a4045fe4b2ddc043d994a3de7996ea9878f478f02491ba2e099e93d,2
0x6a1e3df2817ba33e45d7d5479c23b16d88f2417b,3
0x6a1e4003d62f972b95a0a1fd16fc072b6e445870,1
0x6a1e41cdefd4999e32a03a688f82caab9ea94969,1
0x6a1e41f16707836270a85631fa6c4e1affd9a21f,3
0x6a1e4752092d841e66b016fed23a19ef3ba7024b,3
0x6a1e498631f94671e75ad3c3f8979607b3b6b216,13
0x6a1e524a1d87d3ca6af837f071774cffa82b1abf,37
0x6a1e57aff55b6d1c393ae9d65865720b46e4c5fc,19
0x6a1e5bb873f217692a2fd81aba1a5365d305fbaf,5
0x6a1e5efcfc2f994ea145b9d6e8a54a496c0ed9fa,2
0x6a1e60515baeb397f00bf395d72f586f1a7c38579c96136ec70104c68b1b1930,2
0x6a1e63ee3bceca5e919770b140bbe7f9cef899da,8
0x6a1e64be5781adf788fff1cd5757c9347da74131,1
0x6a1e68df35d7c9adc780f73683782d463b49b910,2
0x6a1e6e5fafa286f67f0af9dbb3875b44410f3d3a,3
0x6a1e707e517f2ea6068c1973aa41a2526f3a4c95,71
0x6a1e7344f18ce324323b3e4714dceffd9bb7f8ca,17
0x6a1e7908617033daa3d8b7e4781a30dd4679d57a118ece0045f1e042c438333,2
0x6a1e7aab6d2b1021cfe74ec31cb603b733d39117,25
0x6a1e7cc9bc95b8f6f9d4dba21179e094879222b6,1
0x6a1e7df05a3d6749a278222b6b96249b72365eaa,6
0x6a1e82a37897aa0f2f6c261962dc6818a5b6dd6751303bc3ec195cc78533aacb,1
0x6a1e83c792865f494ea12a68b59573f110468c9f,5
0x6a1e876c5f59673d82681439479a1d8cd55f6082,3
0x6a1e8786778210d58eb15f2296f9e6b44ea47e5d,54
0x6a1e8828162531714e65dec5728c3fe10d588b9edc1bd7cad9c13523f73e26ae,1
0x6a1e8dd6f90004a2b2b6adac648e85e0af1ef0f1,64
0x6a1e8f8934a7caefdd6d7e04f484958773a29305,8
0x6a1e91bd23081859f2bf8fd0add1e15634d3ee21,28
0x6a1e93a907f1c9015bc5f2ac61a2bacf1bd0fe9aad1b73e130243fe103196a1f,1
0x6a1e9bc2fcef8179bf032d0725845bc94218e021,53
0x6a1ea2416d16dd8247c5ffcc8bd6b46296f86e25,1
0x6a1ea37e5d008350e2d7af05ab022238e409c4ae,65
0x6a1ea5565a6404b2cba35d99c8e564a66f33bfeb,1
0x6a1ea5729c56ce4f70f9a4ca3be2e7a87baa73ab,37
0x6a1ea6f26b4021db246cd8b2b39f94509ec9cdc5a0e3812cfadbb3436b89d6bf,2
0x6a1ea8cb79a296282a8e72e24125fc7fa7635493,6
0x6a1eb1e24cfd08962e17ca06ec6f0a68695eae20,5
0x6a1eb33657f1fbf1812f9c8a8ae4ae5770a3a0c7ce6199f82998295a6885cd0f,2
0x6a1eb79de65967894ec9e0ea3c1fceed27e2f29d,3
0x6a1eba987a5c1a7fb2b580f4e2ede5400472464e,1
0x6a1ebcb4eea3a08052537fb86b4dbb869d603c2f,2
0x6a1ec2ce8f89f037947b72a3d47521b9159ba98f,2
0x6a1ec4b22649adab2e195d7c43f934d4f956e521,1
0x6a1ecae859e730360ea9545b94be9b51c0c2fbbbd24838d46e0d5fde4295664d,3
0x6a1ecba77fce500657b474327f0115560aefec6a,15
0x6a1ecc270b81a2fa863501e33cd2af98ca0e99ea,7
0x6a1ecc9b703bf328346c67579a81f46190a0e292,9
0x6a1ed961c34fe993311dded785b1f3e92d3b6bf0cce8d2492051438ff5d45734,3
0x6a1edbd7067396a9da0c6d60ba809d260d7586df59f2ae4cb86abdd5a5158a2d,1
0x6a1edcf9e5360ea99588e3b607176af60607f991,121
0x6a1ede4145afe742adb4df916080594d7c3794d3,1
0x6a1edee03e8933679181d475e3a997947b01d72a,1
0x6a1ee01581e45a3d69bff2a86c1b7dfa75cc620d,33
0x6a1ee040d5c47a7d92b4ceefd79bb31c4e3c3cf9,20
0x6a1ee4d6dc8a0de06c00edbbcf68e3db6e4681ab,4
0x6a1ee93697e475c4620c4ecb81026d1cc7b6ce2c,19
0x6a1eea0583cf55b68521ccb938feb75aeff07625,40
0x6a1eeb5c94f3c4f4d0ddf979f82028076965dcf2,1
0x6a1eed3c25b82898970cd3d08f239ad82711ab4a,1
0x6a1ef02b4fda0cc8b366d8a3df6097b1367fdde3d3e69109fd73f2487dc2a4ed,2
0x6a1ef1c68b4c1cdff05e65a1a9c0b1e230f47a7e9584e20550a4b3f804226eaa,1
0x6a1ef1d06f84131e434fe6ac42a0bd67914a9955,24
0x6a1ef563d8dd6eeb5fdc1e12dc96c0e442127fb7,22
0x6a1ef8cb5b23da2668da414055a540429b314f89,45
0x6a1efa4bf4f9c1feed4d03808cfc7bb1be297ca8,1
0x6a1efab1f8618b1d3acd233a6c2fd1825c79069d,1
0x6a1efb26f8746c8ad903b01932bba9818c7ca88c,4
0x6a1efe471106a37e231f5e14fc1e605da44a7ec5,55
0x6a1eff82278c7425d278cce344720d5023f7b205,3
0x6a1f0191c52f2307c46258d8be2123714cb9bad19063ca157e4d2a9b0b350340,2
0x6a1f02b0aa8dcaa4b9783c76100ffacfced9041c,1
0x6a1f0563dccfdd6029f23f729979c5b6ad86ac4c,1
0x6a1f0958ae0fd03c39d1314f8b5b39fdc3fbaf11,10
0x6a1f0a9795e56a95e9a4a5a1b8ebbe2cbd175a66,4
0x6a1f10595542c9ee3ddc634b9eb26f17c78b7ee0,5
0x6a1f135fed399c8b7336a2dabf712e80a844375d,42
0x6a1f1804bec21ec785b85a046c81b7b1aaffa880,8
0x6a1f1896460b222addef420c802bcdf19d19199f,11
0x6a1f19ab6fce49983003906171c12f305f8c6578,4
0x6a1f19baec974d80353f1e26a271ea21c32477c5,32
0x6a1f1ca328b82049e5d3cd9effce1e1e1170b4fd,33
0x6a1f1faf715efaae96a9945f738d9b3926886912,1
0x6a1f201f3c8bc97b8510dec052ce918114083b76,1
0x6a1f24fd98aa5c993534aa4b662766fe940c218f,25
0x6a1f292badf430e518eed8fe1415267fe0926345,132
0x6a1f2f6ba6421cba401d67eb9f9cc6abe7c8f7f1,89
0x6a1f3c5685712fd86b389a3c8495ecd5a7c7d646,1
0x6a1f40eaae4db6bb7c6e7cb916fb7f0588ae330f,1
0x6a1f452c35827590ed7d2e498d567f5ccd25a5e7,23
0x6a1f4585926cff72225341efd185fdcdd332bb2bfe9fefdba436bdc9b970550c,3
0x6a1f46b6e84e57b5bbdfb1a2f3d549cc9608eff9dfc3e46923a16b79108acd9d,17
0x6a1f49bba9fa69bc85762c11b46232ab5d510685,2
0x6a1f49fe5cf3e5f850e8f1eef54391f55cf02723530a972edb0fbd34b8d55040,1
0x6a1f4be0bdcc111b503844a235acc39a0e482030,47
0x6a1f5325cf7d3d3e69ecc1083d33efd5ae98edf3,2
0x6a1f538fa35d88712e750ee56861075c2626fd2b,3
0x6a1f542e35015b9c6939f1bee481596803965746,57
0x6a1f54ae58a6088092e330d890b7a9a37559a431,1
0x6a1f561dd98f9e97d51e968e632f0f705f5299836d241ffa0e21bd253062e02b,1
0x6a1f562283c8119f7b575c0a3d562f85045191a9,1
0x6a1f566e1bada12cbe23c8e958161923e7ba0208,14
0x6a1f5cdd0b4916955c559a80480d26545e0f196a,1
0x6a1f5d3f95be9ac1ae01c557ef043c079c15d656,32
0x6a1f5f7882c0cdc36acd0f9ec412a2972d7c0041e925e55670a27469b892378,2
0x6a1f6197c603fb4eab56366eeeb0461afe87a086,2
0x6a1f64abc5cc072b20e5ae441bce6354ed12adc3,43
0x6a1f6660317bb2bf1093bab9091bbeca68c919e6c35b21195b6c513b7089c844,1
0x6a1f682f841eb7dcfc850f5f666435538f81d8c4,32
0x6a1f68f141bb478bfbcb5cf48eb9496685c368ed,5
0x6a1f696833093f11095e4dec8b1b54ab3bdb94af820a95c7b2648f9a639cc9b5,1
0x6a1f6a369ad0fee35419e948faf867447925f73b,3
0x6a1f6bd122a28ccb40eec153ca84b767e63e10725a94c2f0228fcb3d9158d454,1
0x6a1f6faaf7400dc43c34fc7b14d2b9eb23fcebea,25
0x6a1f74f19b99ff8c104d4671aef957f95e5cf746,1
0x6a1f76b37b7f27794a301177079cc10df3fb95c4,1
0x6a1f76fcd2a3b45dbf379edbdd3151b0c307d58f,4
0x6a1f78970e8ea9953e212c088fc65d6945549678,55
0x6a1f78a6ff095548fe9f7497a5b87ed9c219f0e0,20
0x6a1f78af6a7c6485ef29eddec5849ac804ffb936,1
0x6a1f7b092e231451f4aa6df314e4e5ea12772bc4,30
0x6a1f7b34589ecab27c83bd5045dc814ca9b76827ba890d30f2eda0d19f8a4c7a,8
0x6a1f7ca3501db94a493949077a31962b65a4572418961282aa476a7c884871b7,1
0x6a1f7d0219a0057a5a1e6a715404feed0933bbcf,156
0x6a1f7e22fae776e8afb51efa1b1844b68356d0b3,43
0x6a1f7eb1cd3c3fed72eaea7aa12a5e6836424d9f,56
0x6a1f80597984f9269d53842767c92cdded0bdd4f,70
0x6a1f809e693194e0d44eb0ded398785cb86a2235,45
0x6a1f821ac22f8a5aae17f78394076ef11099b979,53
0x6a1f85144de319605d9e0a4fa9504d279156ec17,3
0x6a1f88ec0e36b1dcf5eabe320a8cfa8842579e7af5bda15a22070b0d77f33f44,1
0x6a1f8c1ca88ca1bc69236ab9482a459b468db892e90b3a4a376e0730dafff9ac,1
0x6a1f8e94dfc050d06d0e303520daabbaf05a90d7,1
0x6a1f8ffa281f0d28a15960831206275319fc053a,97
0x6a1f90d73d3b87c029d9df774b5e4e0fca21dd61,14
0x6a1f966d10b9ce9a0498e102df7c645e623a856f,1
0x6a1f9a6988699b7f4cb0e84c36fdb258254c14cdc0a07ebede27014ab681f25d,3
0x6a1f9aeebb46d65c0dbadcbc5e8273b99a7c0beb,71
0x6a1fa0007163cd2e0cb23d14c11929e4ffc518ae,109
0x6a1fa2e87f6462c144a1ac70540d99e2a7e8a7d8,42
0x6a1fa6b01defefc621afff91526e69cd688a024e,34
0x6a1fa6cfc1c099f196917388c1102c6972dbe676,32
0x6a1faa489c01bd7d646e1134d65a216721642ac9cf0826f30bf709d2397a7a4b,1
0x6a1faa4edb648f5271bd4a440b58903a99bb8cde,1
0x6a1fadb28cae1cdbf12e392daab40f85a892be34,12
0x6a1fb19087c9c71bba91d4dc9b47071a244bf51b,64
0x6a1fb63630b787cbe231d97742dd673f7cef3dc1,35
0x6a1fb79be7785a4d3ca40daf4fe0ba3c5f26cd92,59
0x6a1fbafdb4823477361a1f90ebf7462b5fca0eb4,47
0x6a1fbe4a552c5e7f31f5c4b5e0f9538726034b02,1
0x6a1fc4e8b4b3786832d907714717c757fadd5346,8
0x6a1fc7e606add6b881151dc2fdf4473045bfd234,1
0x6a1fc91b9d8f988be1ab01e9a79931de6d268213,116
0x6a1fcc4e75a3b63b6662f418fde719471641d5c9,54
0x6a1fccf204cc35c2facb7c52f63eb243a22d48be,22
0x6a1fceec464dfac2313b13708c20e0cfde745b480ae637079ccea0d0d5a16d99,2
0x6a1fcf798e5f7d04aff867d776c8276b969ea75e,1
0x6a1fcff7ceb24526d17762b7db6f6e8ca605838e,2
0x6a1fd26e7a2dcd788b761424586ccd9fb263238fb2a47b8daaed1887ce86edec,3
0x6a1fd2905b2188694bf850752851a491d7730c28,1
0x6a1fd5a98d377369e6deb7dff113191e962245cb,1
0x6a1fd5dcc00a60025803e6bd4be7abea34076247,1
0x6a1fd78c582979a642b630f4f1325a1c080e93fae1208823b90b56cadb2aa8ea,1
0x6a1fe3aded648140de70727cf0d144f4137d6ec7,28
0x6a1fe7ba3260a71ed04eeca8a6dd9b4e0f5f8dac,49
0x6a1fe8b2dd3434f59d65a579a43f00df7978fedcdadd6d2f8f6f665bbe00e9f0,1
0x6a1fea5b5504b500a18c1e8d66fdb460ce01d028d9c0ac8ff3615e817d9da42e,9
0x6a1ff2aaaab0837f940ed7471e16d84e8953a035,1081
0x6a1ff4d67f168fb8f1cdb2f42200cd13861a15c4,6
0x6a1ff6c106361354f94c0434d1986e2eefabd656,33
0x6a1ffa26dba27fc0c000419718ca3c7cfedc092c,3
0x6a1ffbcc6ab32a4f9373a68b3efff8233aa2dea5a4412165cdc45f656947899,2
0x6a1ffbfd349b939ed7c2c997872e9f6708fd64a3f187e65b252535815a5ceb37,1
0x6a1ffc91a98a5c5042d2ce057d5f97cc1fc58d16,2
0x6a20000ea4cebbbfd8c9c4e28b020c5f98f391a0,1
0x6a2000973cfeb60b4996a3c51b217cafd3080182889743514caf095bfdeb3800,1
0x6a200261aa2711e0e53fc18ffba93f4abdb83bae,35
0x6a200a20a8cfcbb9122731071f84947289497176,1
0x6a200b16e4541fb068548d2df5a36d3d304f5385,1
0x6a201102805c840b69d91d66cc6185ea304fdef0,12
0x6a201184bf2752e7c8aa7be538ca98efda029a88,1
0x6a201704c03694499ac3df2a7753dde1fcf7abd0,27
0x6a2018d91fe393b60e974c0001458089d3da0b5e,72
0x6a201d094ac7fea11ef58e9cfd80d1f593008366,45
0x6a201e037d8dfee47c89858624a298811bc9d6f1,3
0x6a20211f4157b48039117c5ad5be7ecaf8cdec45dba41b62fce3dba7fe379ed6,1
0x6a20236dac6c9b612523cc8f13894c666192d4fb,3
0x6a2023ae50bba7167980345cb56bae2bf3f07a56,1
0x6a202952e0617df65c771eb904910e58a92459ee,59
0x6a202bf2a09b4f74e581050d1921cd7a33f5f18b,1
0x6a202f991c4c1df079449be9847b1dac3f51854f,19
0x6a2033ee7f586bead30ba02bb5e78118a6393f80,110
0x6a2034e65695fa3b06b78776c87f0b977ff10b2d48316bb5fb55a522e6b0417c,1
0x6a203b991ef776ae4dc3ad962ba72e648d397b59,6
0x6a203f1e2c9093c2b855b8487640b6324b8369aa,25
0x6a2041a191886d2fc958dea7869af6669d714252,60
0x6a20420705474131e3d441deb93d37669d384c6e,57
0x6a20437e5de3193d0cfe36f873ef6879ce4ed4adb3678cfcee213eaabc739b4c,5
0x6a2044ce978f41132f7f409dd68f0eb2ef8adfa2,10
0x6a204e7399ad54d1a689c298cb050ee4d1cf3390,3
0x6a204efa986a2391bb0459d3ed06b3028e40a4593cfa67e11cda62aa04b45394,1
0x6a2050831bdb93326e106fe298e59b0b6faf0cb9,1
0x6a20530a20171ae0b1a4344d750dcacf8360bcabb950722d8f0147a7b46288b0,1
0x6a2055bcf59555eb73e7722c5523863f81fdfc4a,57
0x6a20596cf32c86d598e7023adbf5b290acd52bbf,1
0x6a205ed451dd6b241b826db5456cd2d4610bd4cb,2
0x6a2060c2841bdaf5716d3ddbc2b8e594a10da114,7
0x6a2061b9fb8ea55b98a412c57bc1a5320ec76f72,11
0x6a20620dfd72c50a7cc52b9d4d0097ac0b688894,6
0x6a2064a87f83aee30a9331c680763ed7d473ae23,13
0x6a20667cb57759c298e21af892a23be707b43316,7
0x6a2068846c052014589336b9a95169c055a66189be08975a062f3dbd149bcd70,1
0x6a2068ff271356fcd95f8a0a76565986119bcb91,1
0x6a206d41f402980b8a9c8f608a821906926e91d8,113
0x6a206fc65132ad5f35e4cfaffd314f23e5297629,1
0x6a2071992d9c83c8887a450442a20f8f2f9d0e5676bb1c3ccdc68a0a04386234,2
0x6a2074c7b9b4680d01953aa433e26443a422e669,108
0x6a20767d6186e8ac25b6519e2c27a9e453248baf,24
0x6a207bc97eb3d12b3fe088d93d5ea9153e0d409e,2
0x6a207c5536acdf3fb48b982ec9fa154f4da87348,3
0x6a207d04c0ea3ac4e7631bcf00db7093ec5f51c8,1
0x6a207f8995550d1619daeead3b637e7d77c0fe99,76
0x6a20819122fd9094b2439568167b97b760ed82aa,107
0x6a2081b47abbc199bb23d5fd1251cfcc1a7fc4ec8fbd07c16aa4965a1068156,1
0x6a2082df849dcb0ae3308b1d987cc95bb06b945f,32
0x6a2084284c698b7d20434dc8b638a4426e3f5c98,12
0x6a2088ff499c9c072996887f5ea2fd8f89ad19b6,4
0x6a208908205f469f1f42b363bad1cb2da3a96134,1
0x6a208df073bd16a73e17c387226327a0235eae61,2
0x6a2090a1d9c5310a33f84bb724c51f12458b6547,7
0x6a20916846cfe024d5706fa6ab451c8be92d052fdb286de13a23c59c5d91b8f7,2
0x6a209523e8742cf2ea5267ba1024e868e42710db83c9d568ee9001692f5f571d,1
0x6a20983964eabf1df67674dfb5febbc5886e9c6d,1
0x6a209b73cb9c410e472cde83e425dea09f7c99a5,2
0x6a209f1d36a86ae96275cbceacc4d07bb0081602,77
0x6a20ab2753df00da3f802c04fd88b29d7c4edc79,5
0x6a20af7419cb361db2562948c2562612486ae4c9,17
0x6a20b020f78e5ade640a47515505adfcca4115dd,54
0x6a20b2b247d571213c4ad40b605304528765b1bf,61
0x6a20b967b70cab590189874f5609388f61d2cd5769e5d53e28acb1f2fdb715ca,3
0x6a20b9a3e284657abc8da34465fe6f34aefd6b3d,231
0x6a20bf5c2497c36b5a3f022e6635f9235618a34c,69
0x6a20c527858efe03241f6d76ce6da5be4c62fb70,8
0x6a20c95cb4739cf8da3e5b62dd87d23d52a0c153d27bd12cd25da7b75e449856,1
0x6a20c99d43a5a8d7f8681e6fa3c6ce7af5e1c249,15
0x6a20ca6e28d8401f5883b3c7dc48b1e81aaedf30,2
0x6a20cc378859af142d5575b1d8122ca181f9ae68,25
0x6a20d039f4aad3b31e6d0a7ad42a0b459ec6dd28,2
0x6a20d579e2f13504e2d6c35fa20164b02076177bc326a56574b0b23fcc89fb03,1
0x6a20d63536a2ceeabff3a949c16157656062f88a,36
0x6a20d65dc0f377e063826b37e451bc3a1289f9ad,4
0x6a20d6ff3b824c3d2cfae107dfde57355dfea4ba,7
0x6a20d76dfbad21854c15226464312f3a7d9a575d,1
0x6a20dccc9b76dc22367cca92a997016bf3c4dcf4,2
0x6a20dcee48ef8b058061799a22135182b43c4933,26
0x6a20ddda8fa6cec2996f0291bbea6026325cd12f,130
0x6a20df7cc64e5dcbc3dbb45f818efc93a8698608,39
0x6a20e1b6bb2eb52459e4873ceead1f4581f92837,1
0x6a20e2a6cb0571b4e776c6a432a06bbb87234a99,78
0x6a20e8d0b720f54118a2303a6e1c8981403cf49b,1
0x6a20ea3e9627d2d0724a80d8c9dc6601a2827a17,3
0x6a20eb38b3e5b56bb3051695adb923dfbfe6e2a8,27
0x6a20ec6e8cb0a1dab446ce0c62edfc2820b66d86,49
0x6a20f107306d6bc57b6a6897c28677f365fe85ee,4
0x6a20f2a9c92a750e8815abaa0108041ba8ca0e88,2
0x6a20f4c8061677cfc5d78c7d7600a1ddd28657b3,55
0x6a20f84e996aaf2c69d2683a0ae4bb5f4b9cb546,167
0x6a20fd03ed7c5fa78a9145a43880f2e26e771919,8
0x6a210005c79f7eaec5d589a253e3bf2dae145137,43
0x6a21059776ef0d28547172bbce6571a9f5cb7bb0,21
0x6a210976d0a5ed5eb7f048e80927dbb3337acf73,11
0x6a210f82a4a54391087693538802aa4c8b516f1f40afabbac0f6a73142b3783f,1
0x6a210fabdba3d435edf85142a29b8b7ee7b58ad92e5c9b19b95508e370178733,2
0x6a211367cb10599400745b355d9cc3f7e566bd9f,61
0x6a2116dd1c0d72a50e5166969f86e54153e1d770,2
0x6a211dbac80254b9f85f51d745823d4d08f8b693,4
0x6a212090022389c282f5dfecdf62ee6c4ffc9af7,34
0x6a2120974666e194f4dd56efd75419534d9759cd,31
0x6a212138782c38d0353be887c3cdf69c17524a27,55
0x6a212169987b0e9dcb04767b4414b56e4f079ec5,1
0x6a2126d84ec307ddb17c97909e21bcfc13a79476,1
0x6a212784a33df3ae57784d4c3c97d2d629b5ddb6,2
0x6a212a2c22e5f76a2bc3b1ac757468771a299af2313fcc88fc22d388cd2fb6e5,2
0x6a212d3125a9e0bf13a21c1a1fd1082790abba3c3d75f2746ea977de7a17a989,1
0x6a212f5692290f2e548b0f872ca40103373005a19a4abf9cf2430fc62907ceb7,2
0x6a2136fd96a64d3dc120f90b706f82b24615d83d,2
0x6a2139e941b78fd7839ed0d12f14ca8f080d7430,20
0x6a213fe2e83fa6269fae4c77bcfe4859895c2f33,129
0x6a2143f09540b5c972808d1d93b4ffcbe41b0911d307b85ad852c608ac368f51,6
0x6a214a778e630d6617bdd352103a3989b20a8fef,84
0x6a214af432bd0469dcf84029b63ec8c45f46ac33,38
0x6a214f1a9e6515ec5d6508b3d11e98fd2eb68684,38
0x6a21516acb0224e488c1a31b1d54fbce1b3a8310,13
0x6a2151ddbc9083882d2ac1f899eb2399c0509e49,17
0x6a2154e8695d5ce6ab0b92c9355af22733c74e81,49
0x6a2158fca057d3dab3063fbbcbe5f13b186ccf2e,12
0x6a215a11475ae82d2e1fd70d2a9bac1ffe39dc89,10
0x6a216052c3c7343c000f5f7fe403674ba564ec7f,19
0x6a2162583c9674b79ee7efa0362d1af8634ad71c,2
0x6a216364b248931695c440a1269a523e4e6f7fc2,1
0x6a2166128c6cabf496f48daa47e8200ae77adde1,20
0x6a2166c1aba070de9c8cde6ba46b7dfdafe0271b,89
0x6a2166d91cf73681666f8c04b10488a026681693,72
0x6a21671354e3c1328fe416ee03063fccb81966cb,46
0x6a21676a383dd17ff5a4e7b721db199348dc5b7801584b9a0eaf78e9eacb1313,2
0x6a2169311be0f03c79d68cbabc0d95058cb8ea60,67
0x6a216dc19ad9e5f90bc9710cadd0c019727adc2f,13
0x6a216df3a3fec82b58bac49368a2cac3f7abf1a9,40
0x6a216edda2d855b2fe94187f0686c987cab993fc,75
0x6a2172bb35f054a2ea44ef175062b4d327c9d8a4,4
0x6a2173bfe3fe8ec04cd86bbf9ecc02e72a0b13c8,1
0x6a2174604669ba4f2f589a89d17c3a3a1859bf98,43
0x6a217633437912a52264f95d29f9b86d5285c9f7,3
0x6a2177262ddef8651706fe9e4f91dce94fcae8e3,1
0x6a217ebf76f35943863c4a9d39d36b85c52bf3a5,63
0x6a217f55e7aa660edeae892c758fd4e9ed508220,17
0x6a218149c637a0cce30f932d898b6b843e1f24ab,1
0x6a2184144a954f8597bdebdc0930f0b1bf0cf8a8,122
0x6a2184b43ac14447524583357c2601b000e0d8d4,33
0x6a2186a816ddb7b24a7ffb48b6d22c0d19bbf7a342609f9aa1280e088a13e264,6
0x6a218815d4a25c7ea4ecc07cb5f9b195f0deb510,63
0x6a218f1839ac0388773a497cafc5e01b03ffcaf6,5
0x6a2191367b971d4a5d9d1b49f16fd43f2f684245,34
0x6a2192aa3b54d3efc8f4707968a534f52d8b9b37,44
0x6a21992daba2e3fedfffee181eed1908299942e0,4
0x6a219a67750431a45e401f63c749c85201e67209,1
0x6a21aaafa80997449133ffd5eee556236418b28b,19
0x6a21aadddfc7c7ac7ad52ade86070b12eb27c4e4,1
0x6a21ab7d49ac2b9ad8885c76027f909e193ef64b,29
0x6a21ad54af57388de98891d4e0d185f4759f2ff2,2
0x6a21afbc4b467624edb0e99880c6f4abcbea254a,1
0x6a21b23910bd5d2c8ff1e2d75b446b23743e41bd,1
0x6a21b3554d62c84b9ac31018cf61cb0b24438d68,1
0x6a21b356589eafd0d6d8359d481df2d377762ac0,5
0x6a21b3baa68f0491034b693529a991feb878234d,1
0x6a21b4b9025d294caebc94a59e0a9d8007a8da6b,2
0x6a21b6bbc808917477852e4209ebf53da40b768d,3
0x6a21b81376ef4759f2635a8f6f3c9858cea457a8,69
0x6a21b86eae1351809f70b5db5a9844445636866c,2
0x6a21bbb35ac821566c13a98e95967489b6c36dcc,3
0x6a21bc73337efebf197eb32db82c314e888212b9,1
0x6a21bf3c05a659458256f5f1fa912da334dd8d8c,8
0x6a21bfb5fb33d0ab4bc0578957bd2dff91d47bb7,10
0x6a21c8d69b3b3ee2ad29a20327ea563ece90a8c6,21
0x6a21cc0a5655a084bfb5596141fdc00660d6003f,1
0x6a21cc312e833251f8297589b8c6917248d69ac7,5
0x6a21d0d458c9896109f04029b495d9a0ecf1d782,2
0x6a21d2df654a9a8bee3b2856d6715a87f1e29561,11
0x6a21da07a914542964e6e96206a7517d13a227b2,122
0x6a21dafb8416ebf43259c05748483fc27d4794e81cec2997e496c7cf07e3e75f,2
0x6a21e4f65be98c1fecee0e64789d71bce586e42f,2
0x6a21eaeb1fa877373210b963c64b646b5a417aa3,15
0x6a21eb3cf331e71bf3daec7bfd2d19d2c2a4c3c20db0819afba229489d9d2f9,1
0x6a21ec72ac3cb4625883c274cadeb3b098f48a2fbfc25047770f2acb03fc3a22,10
0x6a21ecec91be0066d44eda73fa147969436a7b8a,114
0x6a21ed9589050f4a6f007a613dcc130fd01a4129,2
0x6a21ee50064c7a44f9a3a9332ff6965b47dd0626,52
0x6a21f4bf7d14cd7f2af217431d8c84a8ca92bc50,33
0x6a21f8496624a80382324c2d4c6621c980134ffa,55
0x6a21f8bdbda0b00aa648d39b074e8729a0e8a695,2
0x6a21fda72341ea6c7af5ab1c6f861eacdcab5529,70
0x6a21ff849dd62add110aa2c4d71653ec3af9642a,45
0x6a2206191d960690db23d3b4acb22336a40dc370,2
0x6a220632bcccb7b74a9e3410676d0c9497c8c9b8,7
0x6a220a0d483c65f15376062aa977a30e462bb535,2
0x6a220a702b8a876cbe83e8e38905d5506cd57b75,1
0x6a220acd595e18b1a99e35d2c344423ffc274b56,1
0x6a221160acf6a8dc214819d0b1085afb17dbe083,1
0x6a2211b19437b178692bac6ee1dc2363d2c0769f,13
0x6a221220bab1b6745466af42599c89c269a0f550,3
0x6a2212e9245fa45c4b4e88e3de5772f79299c41a,2
0x6a2216cb8ff0dc901b9d568b2596e63f97ae5f80193d4ace0b697f3b54ae5e08,1
0x6a2218291d3d813dea8d9c814b6366ad0357e6a7,3
0x6a2218409616e54ebfc01763d17962f0a61ff6b6,59
0x6a2219d1af2bc5bdb5316c106cc006c24c158d6a620ed1bdbb624e5ba78d6d83,1
0x6a222008f3c3e1d09658de80b4fe8da403b7233b,8
0x6a2221136e6dfebf3408fef6021b1a41bd2e06d8,24
0x6a2221b73e1502d4dd9631c12055c1e6c8642de2,3
0x6a2221d4fbaa5a5803bcc84f2ae4938f9a0a675f,8
0x6a222253e966aad4a57fdc0dc07bcbd0875f41d7,23
0x6a2224cfcf948c7c61cf7cf6a652e662579031fcab25c6543468286fbbb72a5e,3
0x6a2228c792e955af990d4f80c13192c27c99c8efbca7db9bc7400032576af80,1
0x6a222a29590352c7b75da3100f56e8a9222d5a02,22
0x6a222a52fb3b9bf61ab093236d9ce3acd0a797b8,25
0x6a222ce4bc91f28cc14892ff380787a8788d5357,117
0x6a2230ca50adbaa4e4cac0bb5fe082f2f0649f29,2
0x6a223162dd81e40bf76685d68a017d0425e63aa7,154
0x6a2236d9b76dfc1e9e5c13406afa4dcffcd19014,44
0x6a223d59ff2d0e93afb457e15baf323bb07cc2fe,290
0x6a2242efd3245fa27e1387154c7b4ba9a7bdcea9,2
0x6a224495df16115115f1f26177eb20cb2018908a,1
0x6a2246690e38e9db5cd360e2646e13221820cf52,6
0x6a224aa19d08846c789fa92404ea0a1b0fc2c166,11
0x6a224c95aa759c3f3920905a2c10dc9c98840ce1,2
0x6a224d74c8f6343dd665da857a2178b8f1a13ce2,29
0x6a224f410d1d41e744f193410e50c725e1864114,1
0x6a22513af3816ac1096b4cdff69387b3c6467367,7
0x6a225b4e5ed77149a58c7341fa23514500504015,38
0x6a225be2d6c0458655494927446393ce600c9035,3
0x6a225eb603506c86803505e384f59ae61c50bf4b,1
0x6a225fd0cae8939685d2d621ca1727b34eb93dd71a50863a0dadf13e8cc9dba2,1
0x6a2261025086d544fe7f988502f7d70a6fcb3f45,26
0x6a2261e1e8a63068cd657896c5ec4f3c7edc70aa,1
0x6a2264e362bda833a4850cd4066d3413ea538bf2,7
0x6a2267a94799f2170ea84efb5696c3103436d0bb,1
0x6a2267aa5c55fa234c1ce0f9045a4d5625c13959,1
0x6a2269aa1d602169792a3f706b75348e558a7a83,1
0x6a2269c7720a0d10c466fe645e8ed8576339f3a4,45
0x6a226b2e16646a613c38a78fbaa8269f05a0a961,60
0x6a2270048cb4f1695a65a07b15b2a8a11e21d125,14
0x6a22708efd040f42848568b77cbe9b32358134f3,61
0x6a22709bed779949d0c1afbe93ca346be62eaa68d42e8940572dc7640f9fc4ec,3
0x6a227a3a8b96c74489d2a67b55aeb2c254daf145,12
0x6a227aba30701f253b1922d62e1d3fba20957e34,3
0x6a227bad4222e0376b01370cfcb9890d0fa2e871,1
0x6a227e781691cecae9b53cec01a43debd2ffe2be,44
0x6a227f17e3325ef36ceaeba61ac3f743c6d10c40,3
0x6a227fa4831297dc06729f73e107d724d7206a27,9
0x6a22865dcc60f4a37b9d0b3658c4bd1c611e5c05,1
0x6a22873afab91d1222da44480fa7bf08ab8eda27,57
0x6a228c8eb819e935584b8f5b91bf71b5fc224a00,18
0x6a228d9405ff5da1382ee2555e0048fed469b28d,1
0x6a228ed6d7f1a1a76af1ab1e0c19a69716966c06,6
0x6a228fffda4d1b3c773b9ce38da43592581b36fc,184
0x6a229016cf328bb01a8e341126e1a480b247176d,4
0x6a22930e5a788e884d6f74356eed3e3af2132a27,69
0x6a229d7823d0c79e298918a30869e3040063cc2a,1
0x6a22a1ef0f2834a78f742068eae676f99c3b708b,49
0x6a22a7a8fc40a479d4036abd308e1bdd8243cba7,73
0x6a22b401d384edcba33443cf9ebfd76af1b551db,45
0x6a22b4bbc3cd33a446f280b696894f5918e53cbc,2
0x6a22b94d384fc4529a53ce5a899cef6fc459608c,2
0x6a22bf9a997356727b1bdf8b52b0b97d5535cd79,16
0x6a22c2f434bb0ac3c4c8d792837f429ff36ddb7c,62
0x6a22c788af0ed2f6b54160157843a2fad73e70d1,1
0x6a22c95f9eb8b6022703300720ffc7072281a2b988fc46b4c92b2067ffd370dd,3
0x6a22c9a5c47f5afccbbe91319f29fa93c04e50e8,27
0x6a22d2f2c45940bea288767c37af20e5253f98f2,9
0x6a22d4afa357e4f0ef7eb97fd6ef8c0c5682cde7036082010e06c4b4559320f5,1
0x6a22d7b41340d6f48100efe47f8dcdf51923935c,1
0x6a22d8be7e01e73d7326aefe1986fc04c1a4132c,4
0x6a22da873935d220d5c374361b8d237a3118bc9d,2
0x6a22ddb18a6cbc675c198b763b0d3893a074ca92,2
0x6a22de97920305704dfaa90426b09e55e3aa4a9c,50
0x6a22def8431114a8b6423d478a6c02fac4623f59,60
0x6a22e5686498a5f5b4b3c255c4f683026cd2654b98b5dcdaaf9edc1850912760,2
0x6a22e6b5b88684e52134996dd74379e1ebc74b42,1
0x6a22e84748c8b42679cafec5a98c04229db4e34b,25
0x6a22e8897bfcb9b62ff83445014bf6c197022ddb,1
0x6a22edf6039e8d086fcc2f1f56208ae48cb625c2,57
0x6a22f02135eff65cbbdd870c8c5906864f8768c7,16
0x6a22f0b06123da98b4704d0049d427ca1a6ee7a4f66b2fdb53ff41c478b0bb1a,2
0x6a22f10e03180d760d96ab9c6062e5f7f2b45051,6
0x6a22f1f637b62612b84b52a07c764b49f74867b955838c6fd951c9ace5947e25,1
0x6a22f285800f4910b03f6e138bf31c1f4052f02bdb88188dcd55b98c8ce7822d,1
0x6a22f49109e2f27302d2980c39a3c8c29832cb17,2
0x6a22f5c0aeec0beee8b55be2e7daec0923e13608,1
0x6a22fa0f1640c15d7008f1bf915029aa5b738f2c,1
0x6a2301733823411713b23ffefc58859ed5e4face,1
0x6a23082cb250455626e14e86a75f1fc97de47564,18
0x6a2309015a4a638d7ea8cb7163ca5f3d8b93e2ac,1
0x6a230d56153951095f5ef8cbfeed04eab21bfa0a,25
0x6a230db7252c9da7feab43a62ef855e5f0ca1569,10
0x6a230e79f5675b3fab9ea9463a522d579faa3751,1
0x6a231545c7043115721aee545060c6e30923f2d6,13
0x6a23155d52d12659605a026a311134e11acd1ef3,2
0x6a2316e5fb8f4b3509256d65b825c0abcfde46d7,1
0x6a2319c2062a5b3c7221e972830330d6d5ea53f3,1
0x6a231ad4363736249f9c5e281fffcc41a63f1da3,39
0x6a231afce51f5a9792f1326d0a2937854dddc1e0052acd27c19fce4322bc03f2,1
0x6a231bd5fc86806165220f577b2c71fc52565d5e,1
0x6a231c8d744974ec6fe42a8cc4604e708bb390ce,9
0x6a2321635d4d16d07e69a7dfdb1a039beaefa397,9
0x6a23222926fc0775c8c7309a5534e94f93d8eabb,30
0x6a2325be40c82ec496cb2789253bb2e497a952d1,1
0x6a232b78e468b596f2cec863d50489806afa8d9b,1
0x6a232c94a35fe3629943671798e27278b0d73da8,65
0x6a2339d36182999599d99f0080a31d3fd1ec3635,8
0x6a233a99e0732ef53b1e37b31e3b2ec729751f09,3
0x6a233ced9104670c31280f27196ac296e5438e24,4
0x6a233e15f4539611bd024b1e29befdd94b3b26bb3a8201845d35639aaf703f8d,4
0x6a234118c092511b3090c8855624a965a69eb50f,51
0x6a2342343859d631509a0800a596cd342ff3d7c1,44
0x6a2342ec1f7c08cda6e9e498cb65c6c3d659388f,1
0x6a2355d51270a71d18b040cebc5874d34d574e9e,64
0x6a23567c994bf7c583269334337fdd757107ebda,2
0x6a2356cab9c626794f59f19e01339ebcf1c6f5f1,1
0x6a23589f3940ca7e566b8211d06c1f1750ed5b5a,10
0x6a235a039aa529aacc6c84a94d6ec8c93a2cb1d0,3
0x6a235e4908955bcd9756f84057a6256eb4d74bea,7
0x6a235f25d0fd986b8cc7fcb6b395126805dbbbe4,4
0x6a23641c5a44c609cbca8292524055b719e94b9f,9
0x6a2364de1b033da3580a992ae71bba941007675b,32
0x6a236d9bfe41c189c76d6daa36ade71722e0fee8,3
0x6a2374196daa60b845370cfee9fff078568aface,80
0x6a237a43957519fe9a48f8025fcdbc2b79002605,5
0x6a237aa6e141cc395ed3a3e21e971ca962ce17a6,1
0x6a237cd0d932cbb8216e4465d4214c0c0388b48a,3
0x6a237ef2705dc4e7d3f9ad4636c3bd1c19542044,77
0x6a23842fe329abea92761976c28db0bb99ef84fe,22
0x6a23861e5ff4f2ad6472d35546ceebd897982086,1
0x6a2386bea577c9d2030ad220accc896d2694502c,27
0x6a2387a3ba51eaac0f06c882d7cb968445ebe2a5,4
0x6a2387bf18c4c526b6da446d7b386c3c0ce4f112,16
0x6a238987095506a44fe8ba96ffe9711198486067,2
0x6a238d6c1e8b17101c633c8e7e18b4b2ea7f5026,1
0x6a238ebd3fc27500d50082dbb41606babe2fbc5c,19
0x6a238fd4e60738435fb710b91fa402d88e6430a5,25
0x6a23918a3429bf4074cd0fc5ff28e06c7ecb1119,8
0x6a239d0afc3ffe6c641af47ed34a325a74bdf547d868015b45836d1d1d5f3e70,1
0x6a23a37f8fac3dd3a6f50255eaa09b2593c96ffd,7
0x6a23a4ff74adf96b32f4f14cd700a2642ae1bccc,1
0x6a23ade585bbfe8c95a5d81f236614a8ce289b8b,11
0x6a23b0d84d610a5e901821925c87e56b5dc0509ce0cdf9550be642578bff7d4c,1
0x6a23b46b1326c8250aa63fa76af2d42c13ebbbcd,1
0x6a23b529951f09d4207584552851588f12e4d462,23
0x6a23b74a2c2070cbc2fc31368857285a88782b006ef72ad61a2967ce323d361d,1
0x6a23b7b95345dafbdd9f47a38f60555843bf815c,68
0x6a23bcbd785b3d9b2f926b14cbb26b5cbdd67429,21
0x6a23bf397da7f04d312d8641e54fb3da9c322747,15
0x6a23bfb685f61e365881c512f1c41c0b63a9d5b6,1
0x6a23c56acdf42d387450e253e748e4a05a629b3e,47
0x6a23c5939d07ed4f1927e2f34b396fea3e8d12d1,133
0x6a23c620456ea1e4eed79cb3965ba4924dbe99e0f8d736ebe5985f68bcc0518f,1
0x6a23c7201fc55ed59f3bf0a6fdde99c527dfe46f,40
0x6a23cc8ef2ff412a60fd93706ab24daff250a55e,5
0x6a23cfc6f96a5f6aa9674eac99315fd57d18bfc3,1
0x6a23d026e13453124d8f640fdd1c2727a2472286,57
0x6a23d1abb5855e0eefb7d43a0327a136d43c4e74,30
0x6a23d4a17f2401ba85a9206bb675301c323106bc45f68de02d7aca243f4cc7f8,30
0x6a23d8127587f68d1c33d5f7e02f01950d17e579,13
0x6a23da64f6af5031f037826127b9830a0e857a07,9
0x6a23dc446747f0952a5acf712682e7ce8e070127,112
0x6a23ea441be8a4d252c01c115aa800331cab0e06bce3b5727fcde384050de4e,2
0x6a23ec630838d74a003f212170d7c9bc7b047402,2
0x6a23ef4ed975b277d55ecfa7d84c29f6f15dbbf2,1
0x6a23ef6abc7e1de687aca20be50d60a92b84e9ff,5
0x6a23f1944d46337ca56fe81764dc430fb52695cd,1
0x6a23f1f1ab5b2289c6200034dd534f66e0d71b9a,23
0x6a23f6e3be8ef8350ecb6fbca1185a6b79e30f60,162
0x6a23fd75d007aef1bf52ec5e5c6a5cc67ac810ee,3
0x6a23feea42689b325c74f9d0e0128ffb2e5253d1,64
0x6a24000f54f65512528de3ab66c8aa6f42bf6f4d2a9c72407df110d4f2369f13,1
0x6a2400498e8b56b568f1e264bb95cf40435ed2ba,1
0x6a2406bc12ab37e6a069d25ed3b5f2c670eabf80,13
0x6a240b009d519c9618de07ec46836352958c7cbd,36
0x6a240d885ad87c6a256b941323a476b92a42aa2f,62
0x6a240ddc95ddee7a9dd678cbcd48d16c7524cddb,5
0x6a240ff40935f35b04dbcfb24ebac8351df92251,26
0x6a2414546231ad5ad6bd6c45295d81d7554eb157,4
0x6a242634cb57697ad9fbfc4b62a01fb4a10957ce,33
0x6a242c077e91675bc5e53d738ad37f8d3ced50e8,1
0x6a242f8bc2fe8b3d486dc9cefe5c224e0243e769504d1ddb48b159d8b252d193,1
0x6a24361c5984a7619aa8f8dd1a034872c253438a,1
0x6a2438aa8993ad21151b04434a1f5dd4213be839,9
0x6a2440ae6ca5e5f2c048c498b4d73a0a260e44b5a5587c8a5ea9a355dd68ad70,1
0x6a2443b979fd92ec49401d67656b0e8c6c6db9eb91ebf9287bbf76c9ae57a2ba,1
0x6a2446586b390da4746d9a71a18b888b0a10c424,2
0x6a244ad85e80359b7388968ce9fbe06b866a0adc,2
0x6a244bd2ea6f821cdeacdfa7ad1fa78337d2cd98,14
0x6a244bee885def7a2c5311cb892c92415e1f7947c25b089e128a9b3db73d185,2
0x6a24523d1b7438c2dc8ffd71d298f3cca7d8971a,50
0x6a2452eb40fe16e4e19d0fe27871172a916f3c67,58
0x6a24560e0be05ea88e288636647508b2e929af58,69
0x6a245a4e259322a0fb84a02391f6789f3efaf938,54
0x6a245ad87944db9a0d93b762612a35c9c3857a47,18
0x6a245c1d455dbeff6b70ea3c0b1c2e23076ec553,44
0x6a2466c54e45e0d6b3550dafabbfeb48fef79a23,20
0x6a246a7036e1a3df3694d76f4ee5866adc18a43b,1
0x6a246d546c1939d084f5c763ec2673b058d7aa11,65
0x6a24723e0fb5d8d8f6821c1af93b498c2c28c5d3,2
0x6a2473b8863f37a6eb0e11a7e573d51877bf8641,1
0x6a2478391ddf9055e80e84d33cef46ebd261f4d0,14
0x6a247b3d81c72e56d13a91a1fafc91038ec30dc0,11
0x6a247b88d75a1017d9eb957dfafb3484e1630d2a,2
0x6a247bba07999338a026b3fd2e57040e746bf3fa,67
0x6a247c23a43a66c664880cc710fb31955dd9f502,4
0x6a2486d533662e97c8febf346101085e3ffed3e1,1
0x6a248787d396d61452971902ce5853962c94d6db6888e9c6f1a8534e254589d5,3
0x6a248ca0aafa3919b36da3ddcf794c87658c5e2c,2
0x6a248cf2700db16021ee7bf8d3a01ad2511576e81bd5f79ff47b796736ccaf6b,1
0x6a2494803dd4aa5f6836b786ad747aeffa4b48db,1
0x6a24999547c598230ccc92fe6ab741ad66c723c1,91
0x6a249a33c3e9056a62e51d09284853358ef83bf9,1
0x6a249dc4a51d19062a1b1eab974620bd03cba97d,33
0x6a24a32bfa74456c733824ae9dd4f6487e6b4ea2,2
0x6a24a84bad3ebfd2cba5b7ab50f06859e1eff207,16
0x6a24a934ed9124c1256a2cc3dd19af0407c91b9e8cac7eb8efb37e03559a318a,2
0x6a24ac497abec4532128f9991d466cb197849370,65
0x6a24ae373f2bb8db054002f0f5b0bb4bf17048d1,2
0x6a24af8bf45a44a27ede652d49afde2c69261fb0,38
0x6a24b317850021789a40542ffac7682551ee18f0,40
0x6a24b3aebb52c0f9b26721a989b5d182f3e474fd,1
0x6a24b88002db6ff4d5d3dba1b6170bcdeca82bbe,121
0x6a24b9986e1e9c4ba9b02be494d13f8bc9efbd66,8
0x6a24be08a2538a279ab81a0e41ed9b5970701309,26
0x6a24bf23d17033e2eddfd35f5bf82f5abc88c765,1
0x6a24bfee7aae6406c79b0e3b5882e9d583a83019,40
0x6a24ca737c008a7c17c9190434e6dfbfcee2a3cc,2
0x6a24cac414f286338e5751045264b11aa7171912,3
0x6a24cd6e46efc428fd89232f879dd93466ca30dd,2
0x6a24d35fbddd374e7fd704e3ff9377210fc93836,68
0x6a24d3c1378b9eb15aad5226828056ecb23e545f7b60b667b7c0af618e67abb5,4
0x6a24d51ee91320d0a0bd8f688f051af0502f9bf5,1
0x6a24d5689f57713e0f2b5c75b101005575db7e63,14
0x6a24d8039cf588491fbc55711ee4d870a3a899b2,2
0x6a24db557422234374a76016e6e205a0faf3d8d6,1
0x6a24dd791cc460b9fa0a672b21b8d511eaa89895,11
0x6a24df0aac58e76b4dd2af6c741771dfb7abd9bd996ec797c0c63c2c348379cd,1
0x6a24e4fdb8406c101741b8468c8c1cd5c5e6baea406bbc97c2a910b09f97ab23,2
0x6a24f0c89fdb0cf033d82a69b40a0f0ed6275eac,1
0x6a24f1fe7d3c3bb83c5adbbcf33b775cfbe88881,200
0x6a24f32502e28783574aed01f89168189f6f9037,59
0x6a24f3a64c03c688993b7ab4eba02b64c9e24a7b,8
0x6a24fd529e48c627037f967fb00315d5cb0a55cb,1
0x6a2500323c45c0d107344db3109ac8833c7b56fb,96
0x6a250178a2b7d31f11f3c9d84977c75eb985de55014dc07483db2dad41b91baa,4
0x6a2502c604cfe0a3ca7a690291490cf431ad7e4a,1
0x6a250b64f81e7eb5b9df1ef809546c39efc989ed,1
0x6a250ef46dd0c1f156769c155b6da925eeb0e7c3,1
0x6a250f737fae376da995ddbe67d9cb55cbf3576f83022f80873d181eab31aa65,1
0x6a250faaa333aaf194ab2e4d537c612c34d2083ea0f63b8f45ae462c7728adb0,1
0x6a2511283624521f696e6f6c4a41773721049e90,35
0x6a25127b7f1eb872447bc66d52d64483a4e498e1729c07be2910589d3e6ec1a9,4
0x6a2514b9bacd529537f864ce2880dbdcc4b81414,1
0x6a251e788fce5f6e1dc24adee79c97aadce66053,23
0x6a25205ea0fd8c0c9dab9b08c7f3f623ef284a92,5
0x6a2521758a5c3cedf80db154b566838fa3cc3b21,28
0x6a2526ff1be6e8fe3a66a310602e4869fcda2bba,10
0x6a252736887cd081687ed9a8014e64345cce47dea2080cd9b18ae80f48470ef5,11
0x6a25281f21079958a58de1196d6012e4c24f219a,10
0x6a2528f5b0459531312582a25442559cf412bc87,131
0x6a25291af89e6bc70ed46f442df12bfa55da2d88,4
0x6a252a04b3e077939135df17549d6bc33461b8aa,37
0x6a252a9bc60c47f5f93737429b573c197dac3f77ecae19f39c887dd0f1cadaac,3
0x6a252e7265ab3929102f0e43266a458ea6d99353,2
0x6a25333fb00f0ed94131dcdceb3a6778aabbecbeb8067751c57af6f970d6d18b,2
0x6a25336f87ec124ec9d9a76a34fb05e4823c1cfa,1
0x6a2536f3e9e3656ece6f4e0263ae2b2c90a562ee,64
0x6a2539abaf26dfcee56732bc53af60d84fd92bf3,65
0x6a253ccfee2ab09f3730f6511fefcd2e783101c9,29
0x6a253e05ab82377b9d98e11f0c58d15b0935834e,71
0x6a253e133fd4e5892297049e2002d65dd025b710,14
0x6a25410bd7e0eec0889c55a1dabf4323fcfd3ff6,17
0x6a254689245cb00f9b3c94af9caf517f00e3972a,1
0x6a254cc34f7c5dbdce8e907d19e35d7f8731b79d,1
0x6a254ec6bc1b6de084b227061690a9e5a582bca4,1
0x6a254fab5b2bf5bd9472e2e17dfa2e8395fefeb1,10
0x6a2554452d6ce88db03df8cf918291435c24a888,72
0x6a2561805a3468abfa08d6b41f244d06a915ba36,55
0x6a256aa14dcf50eefb42b5bd2c3127c5a00ccf35a18ac0df4744427c98f73b8,4
0x6a256ad6f71d5b5a292ef9826c4b147479b5952b,10
0x6a256e35764fef2699bb9404a97b912de40d5b53,10
0x6a2574f5487c5f54cf3ad01eaf645111429d7cad,42
0x6a257832379f7261e6f37454d09a2d2346d0034a,8
0x6a2578d07fb8563759a425ea58e599aedfa79dbb,29
0x6a257a2a339ea39775e3555b2b79882e4f54832b,1
0x6a257c5b39612e463756d7dfc72349097164259e,1
0x6a257d6bf1d3cbe95d9785b4dcfa53785def1800cb36374865cbca05bd117e3e,2
0x6a257dc60b1ef1c0061338bad8fe1d8a9500ea38,1
0x6a2587d037ad6d95740027718263e4227249aefc73ce6eabef51852e1a65ebaf,8
0x6a2588c52b0a42b934b91e4c1b7fb2b9963a1076,1
0x6a25894a63271da2cd9d90ede4523bae926399aa,12
0x6a258d1106bf83f5116504a9246222b705ff7a28,3
0x6a2591fd42dec718371ca3ff60f638ddffca869f,1
0x6a2597f28093be0d3c8e72a1eaf4e84028e1624d77bd0fe183700c49a62e33ed,2
0x6a25a22cda9afebd7c25a3bfdc372c7e4f476164,81
0x6a25a792d98b8b3d2e809f9e2414e5ac23a3af72,4
0x6a25a880c6d4b35b69e510aba9fc8c66ef5d5172,1
0x6a25aa91fa517808054128c2e025f2fea17279be,1
0x6a25aaac17b874950a2871288c63d09f5fa7fe206e388ef620844dc20aa7cbf6,2
0x6a25ab4e76e3ceb7262464e156021b4316d19a5d,46
0x6a25ace0d83d6d08a25859a514c73e8169543d87e424371b5354ac06cf13798,2
0x6a25aee41457ddff10383a74d4125c9cdcfa46ea,46
0x6a25b239864711552097d3304b65f3f3c74b761b,1
0x6a25b2a0d6c7526dd2effb2c680477668b053358,46
0x6a25b3b175d7fdbf4724300d79ce070cb67203bc,3
0x6a25b85ec359de7f2059ca0ed913ac0d8a4e41c6,1
0x6a25b8a3b56f34c7f72deafe5356b9ad6cb12cf97fddfd3a6f7cd57538d0870,1
0x6a25bcf5f6a57e6b79293ba6064368aa7b829482,19
0x6a25c4132bb3db47cde7c0d7629bb68496ea752f,76
0x6a25c76b43d1474f545c69b98fc6331fe98b8edb,12
0x6a25c9532b25d013296f08c298ec9048acf124c8,4
0x6a25ccc928c582fbd314ca150c9d027d88e8d058,95
0x6a25cd125cb450f7cf39745ebda0e2362c07e95a,2
0x6a25cf035cc85da85b5ff3b674ce3b38407dc300,82
0x6a25d29aa058a8721a709bf5f6709cfc7a63deba,15
0x6a25d60561148677883ee803a10d8406b529bf16,3
0x6a25d8de1d37e15e81849d8c5af3380b40f83abd54819c02f8a69c1de8d2fa8f,1
0x6a25dd6f8a337f12c5c19890b8c6338b2ffb710b,1
0x6a25e2756a0ee48c70e14a4faf193b30fc99eeaff12470516a741106e9892747,1
0x6a25e58af223ee2829b0aaf8620f6b52167be165,87
0x6a25ea9e36dbc30d08eac4d49cca9139e439ff9eaa8f9c5b05613d20787c2553,1
0x6a25ec6e8fbc5dbb28d27f41464f1f686bd979d4,3
0x6a25f34952365afbccd2c92015fa33b36cfc800d,5
0x6a25f68cc131249d7eb1501e98f6c5a0d5de5586,34
0x6a25fa192dde7f6ae05368dc6a5bc2f754a31560,72
0x6a25facbf4110c6b2c1b7a2f9b72d06d9b982e8f,40
0x6a25ff51b5efb460e01d36de9352145919d262ba,5
0x6a2603da54d909f8bfa0bd34a793bd82d33a4457,1
0x6a26051e68b04dc50f56c8ff95d7d6da200c354e,112
0x6a2605526dee39871b9274ae4d71182b1cedc247,13
0x6a26079e7e4e30fd670941a5319b5c18d3a8bf12,30
0x6a260981c6843fea25b25700272c00f040a0739a02746f89adc271fc55218f56,1
0x6a260a3ddde35aff7fbe9970ab4f907176e0701d,11
0x6a260c72b80b7416845089b64ac5ae6d8b81095d,26
0x6a260e8263c9339f2749d9190096f9193d38185a,35
0x6a261a3456be22c958d18f6b0173180f064eab14148742d2df2ba26df406d0d,5
0x6a2620256e4bc76845e9bd30800369818ca1f054,1
0x6a26276e48fc34a47873ac742302992d5632c0b1,16
0x6a262783abeffc0be293353c7d659cd65594708c,5
0x6a2628f9e8d6c674aa0a29b84ab28fcdf9e74bbd,13
0x6a262a9ce38ccb2a5c4e2f9f4e270c80377004d5,1
0x6a262b9d8f0cf4e31bb82c3f40dddbe1b099d743,22
0x6a262c3cb18d7165d70d05fedf7f651eaaf79ef6,22
0x6a262e89a358ab980241e95bbed4aaefb1a1d82d,38
0x6a262f5aa7b47024cb214c2273adeb3e82072a9d,1
0x6a26348754dfb18ae8d5c420489097a28f728180,109
0x6a26348ddd6df5d2843fa6593d4872db517135d7,42
0x6a26393b26c7bfc52eed795df6da362dd2dac950,60
0x6a263a1db2297e2ed940ab26105de0c7c3a1330c,1
0x6a263b2db3e8d842675e0bd74965fecb83699ac8,1
0x6a263b3f14f293bb3b3fd8723c52fcab00325184,44
0x6a263e75fee3843ad92afd8522755711c38c5a9f,1
0x6a2640b3982eab4e97f55ef9ac86e5fd8a2de0c2,15
0x6a264197e9ba1d196244c0abb2f88e7f73ac78ad,7
0x6a264552b0d3bff462d3962874add52761b72004,1
0x6a26472e73af28877bd79a0104f5a8b5cd51b459,35
0x6a2647d6e11bbe38271e6117b7d1bf4456be10a5,1
0x6a26500b4e315594950e5156909f67ff76ce60be,31
0x6a26565394aa7d6784119b3a8a51417161ad5480,2
0x6a265c0cc4aba808f1756825d9e4d0123ff14603,1
0x6a26672d310b6a4b98c3f490578ab3af97bc798a,107
0x6a26680b0cd00d0f5fe85b981c1be2187b2eedb1,11
0x6a266a8161a385dfae02f39022d502a4140037d1,1
0x6a266b27ee1b16ab9986d071e89504ea2eea6b3e,7
0x6a266c6855771af2cc1d119094c11d89a51b61e6,68
0x6a266d355b0a69646eb8dd42cc60a9ddea29b68b,24
0x6a2676ed1b63204bbecfe3b3aa642fc956e518f1,47
0x6a2678c1c944ba6af1fcb798e68b2bfa1fb958d4,29
0x6a26796730f9d79bebb7691aa2b242e6ad6c60e4,1
0x6a267ac2641ba003c2dd046e3d00464bbe8a3ab6,1
0x6a267d9c0133f0d177932ead54b769f8f8226949,82
0x6a26810b6eeed68067d9f63734ba9c7dea750ca5,52
0x6a268157e3a4e71c1a2ebe45584971cb5f525c59,12
0x6a2681646777d2d71035c17901bec6da40748d00,5
0x6a268fc8695b623ae3725a5caf362e00579d43d8,215
0x6a269d2ed92af6d5737259f75a96b66858cb29b6,1
0x6a269dbfbcb023ae80dcfe8ebd9755a9b31c0696,67
0x6a26a259200fce5feede8bfea53f5c82e540354e,1
0x6a26a635d56880a27c5e75da34434256b8ae795a64967a79cac3cf1ef4fdf8d,1
0x6a26a70adf17cc54005fbdd438bc53e080ac059b,1
0x6a26a92b8d467623cf87efce58fbce8db8ef9f50,1
0x6a26a94a45260b8bb5c89b26bc33eb7b069e9b16,1
0x6a26ac58cb8c32d7b74616f61a2bd8cf497d4cc0,57
0x6a26b0bd8e1e254431ed94ca0b37c9746bb03fe7,1
0x6a26b824ab660c6db5984a6a247fbfe089286f6c87c28334ab6e013399a70da,1
0x6a26baa690afb5ce83d2e4dab82a4000266ebb96,105
0x6a26bc7bd68816b7ced4e0c9b617c74437e8e916f6628763f4c435933186702b,1
0x6a26c2c44db0daa6fa430bcde66e7832ed0b7b36e6212428745065daec5fc303,1
0x6a26c2d1859127f9bbb71994855a1ee8b41edd4f,7
0x6a26c6c4e7d6e234155fbfa67f472776f66e15df,1
0x6a26c7ba50a7af53e374f5518a9faa2f3174a5ed,1
0x6a26ca6c53f5e3c35d021dc50f7a3f771c6dc978,1
0x6a26cae39c5d0ffa194f3ac438f4ffcae10da213,3
0x6a26cd19c3672ce7d1633e2f74f640a513ed9985,54
0x6a26cedc24eb0421036427792e2471fd0d1bf419480784e479a44d252a137ae0,1
0x6a26d6290803d36c2a2969cb8f065670c63d2217,1
0x6a26d79ff6602221511246b882b8d9d309f45904,1
0x6a26dfeb4e84fe49bb0388017185214f675d526c,1
0x6a26e08f1f4087f30b49df04f548d32023fd1465,1
0x6a26e1ed1b5b24f5d76e372ce22efc4804a1de51,5
0x6a26e29e3602ce16e346ea18089a52c0a5d97f08,29
0x6a26e3597767dc2f1e2594f40c82223b05d1aced,12
0x6a26e8214315d6fd0c7d2febc43884f143a17679,1
0x6a26e8301418c000765cec3a0bd27439e0d19860,15
0x6a26eb25959c8b1d91669bdb64532323ab834e97,1
0x6a26ee1ef32c59e0051eb3ff1f01c5002a8b234a,18
0x6a26ee760a8394aafa2664c0d3f3d768a0e40096,1
0x6a26ee9e365f97098229da704791b6c932c64916,1
0x6a26f1dce2af8058e919eb510812595bffb8b0da9a8cfaed282b9b01cf79c08,1
0x6a26f3d6494b4fb6ed5b2d8dc00330390138a498,3
0x6a26f689a1bb0afe73e151c89c5d7ae1e21e5263,25
0x6a26f87e61526253c42589a51fc20c933a707898,3
0x6a26fbb89596d2cfb44fbe2677d600fec45cc1ca,1
0x6a26fe32cbc9c782fcfd33b5a5998d0631927a1d,1
0x6a26ff73b089e137d0a392e602a4be43888883c10253bfa15b0aed7e7f8b5a45,1
0x6a270489a5b90d0745b5bd1954f18f0acf27ab0a,8
0x6a2708e52cf1543237c9d2d31cf0e88cc97220bb,28
0x6a270930a47cff0ce2c5ae01c64f1dc436752066,16
0x6a270ced6a297b670b4183e9bb6268a363036ac0,2
0x6a270e025efaad6b04cb6a418aadb9b086bf93bc,11
0x6a27146fed2c9c7cae032ce0228e954028f11417,35
0x6a27162d546b0d25d84bf9a22ca1af107629bab9,1
0x6a2717ec6e8a43d4a6cd0480189462bc6eef7c4e,81
0x6a271ab4205810a2d853c7c096bc5485954ce1519db44847fcec33f0d83a542f,1
0x6a2720b50e08998b03ad6c19e5fd4aca25199a488630abf90d54d2c4d2fb17bb,1
0x6a27219acb8196e63613563d8271c2dc35f03b3f23508fab747f36425581b1eb,1
0x6a27220d2b834e283da6978bb0ae79d7c72813d251eb49cb666254f95dcb14e1,2
0x6a2724a27b5577dce4cca4ee95052743ae68ca4e5e062fee754c017358267789,1
0x6a272b47a48919fb075565127d6837215e438e98,1
0x6a272b4d71ec5bca467e901e92d85af7ae9a0ea4d2c587a9cef0a0187abf1da4,1
0x6a272da5807ebcf3c318262ee4af9cacbf8901b8,1
0x6a272e9bae7ff8c6a7c69b3ecf68ed82750ac97e,22
0x6a2731e3bc70ac1180d970630523365a392cc19f,1
0x6a27325a7c4a69d52cdbe9aceaa568aa93820203,1
0x6a273368d41460a761d976893b8dde08ec815a1d,1
0x6a2733b222b19f0f27e656cc70e9bf7388821d85,1
0x6a2735ec00369ed8d1acaabb72cb9380871c7ec0,1
0x6a27387676450e3803107b774dc01b19d1e7abd04ebcfbbabc371067ab71124e,1
0x6a273c16f3bac9102b1e729a6011341926fd3f26,4
0x6a27408f51e158326babc61b00e11da9425f91b2,97
0x6a274104f8f43e4acf6ccba9e7aa4a11ed6cef21,3
0x6a27416e7441af78333d6389bbb93d2f390218dd,8
0x6a27493114b42c45292fb33e8c3fc25d7837c4fb,5
0x6a274b7c5e8912c591274759d0743b11f250ab6f,79
0x6a274c204c18a37a445a58ced831982fb29b120a,27
0x6a2752011262fa6adbd5e024f396b07986190784,4
0x6a2752a534faacaaa153bffbb973dd84e0e5497b,1
0x6a2752b9b2fa5a0a0c0649b74cc80bedef29c5080c2acf8b8552eb6b2e9b0283,2
0x6a275aef5ed9dc8c99b9d9e9d6788b5fc32d831a7eac493c87f08f4ff9e016c1,1
0x6a275e0e65bef3e8d322cb1941b7ba7f44a5972e,93
0x6a2762dfedcd8e2ec2c8d3f64bbbe1cb35af26dacf2a9c8f5e6312673171e04,1
0x6a27638b49a448eb254a0468937010c4e7588fb6,10
0x6a276431727a8667116815d8a4938a5252fcbbd4,11
0x6a2764c2e07de5530c531a72a239b43d3dd46a6b,104
0x6a27672880ec65b065f4fd629731611e5f03e06c,2
0x6a27695d319c72457b6944aab038218d49535848,17
0x6a276aabb5f050f33c26835f6332a59e2b0b812a,41
0x6a276b78148e9dadec7ed066b42f08a4529c7b2cea9126bae327ac8612b9125f,1
0x6a276ce54fa1eef93d0f35227bf851d44d6e075d,42
0x6a276d01444926dcfb1f847e474d741d159df8f2,1
0x6a2775549db337fd816fa370917d3de716c3af6d,2
0x6a27767497029bedf248fd8279d62ab520e27105,1
0x6a277e6c6215b548147543334c0c784bd357af46b123478058ee8c3fe4cf9883,1
0x6a2782bfbc6b6e66b762f771f4c3eaf2c84bb356,218
0x6a278d07e78ba4aedce28a8dfb7a25341be7a11f,20
0x6a278e8e329e0d325fe610f6030efbb3a912f6e4,23
0x6a279043930f8f30883bab3bbe1bbc46bc0bb19880ea5664779c9493e8c44963,1
0x6a279163b61110692d83b562d97c810fa69f9cad,1
0x6a2792d623ca7f7784be154cf22dada3a06b2dda,1
0x6a27943c3b16ffce14ce809db449946c6c11575d,1
0x6a279e9bd055345d25127de6ae688620e7590a5e,1
0x6a279fa111e886d294c14c9def9e3eb2f22c2fd43a55d58a1990c5a16c18f77b,1
0x6a27a04686afac9bde0193c630cec802abf368507b7b7922c2181b8dbd1945ff,1
0x6a27a1049947db9f42dfd69fe590dc8821b8aa8d,2
0x6a27a280c1d131b7104fc41e0b0c80f1c535ab62,5
0x6a27a8c4916da803a31d5e1fa37cbf5089c12638,24
0x6a27ae43bbec148bb4bb1c28737d50ca6d94de69,28
0x6a27b06a9b532b1410eeb8ff1aa3cfd1e0589b5b,4
0x6a27b3db6ca67178392548ad02faecaefddeac4e96967a7c418242e3c50454b8,1
0x6a27ba9d630479b1c7d9c367ed405d3b765fdf6e,40
0x6a27badc10b360cb00818632dd776aada26921ec,32
0x6a27bc6aafc114aba4aeeac08c681d32d861e400,1
0x6a27c4fa322bb3f27aa76a1f38229bcff2da6b02,20
0x6a27c57e07c4e5e06f4bb4ad8135dc3a03dadd18,10
0x6a27c8c4cf6be44dd2c96fcff50b6f0dcf7970c25298197391269c1beae0321f,1
0x6a27c98ef438dc0e58a57e3f06f5fc7ff73295c4,21
0x6a27d11e78b97d15de5edbe5cf1fa3619466fe3e,1
0x6a27d4e4632f91376cf1b9147beb216efff9bbe1,64
0x6a27d7f4c869fae124c79247998fa137c5b155ed,5
0x6a27d955ae980c600a62da074cab1fa60809bd6c59e91cd2c4ba280303f548d9,1
0x6a27db0e7925942194c733a3a9c60fbb0dddb2a60222008eaef03e77be46dbea,1
0x6a27dc4a40ceb79158a7a065b38a2c7af9e5b7a4,73
0x6a27df69d2200149a977028c719481ace1fb6c5b,4
0x6a27dfbab63512045ec8ed473ad10a7cffa1f74e,25
0x6a27e0212cfbf39a7e1a17ba33a190d98a42b8ed82110597cc72a97d8726fd63,2
0x6a27e03bcd300fb16d814cc00a5defd051f850c8ade827f46307e0d6278c6933,1
0x6a27e78fe17f654b4aca2258b4833966348569196aaeef580e0ac39b1c43ba38,1
0x6a27e7ada04d19a46a2c003d6e5e25264781e0ec,8
0x6a27f3bb6f729f8626804eff26feedce660b8b0f,99
0x6a27f548f01c7e813130c8d947a4c1ed04a2f513,77
0x6a27f78ae4eb723fd602af6d9ddc06a57ac66597,13
0x6a27f882e0b7b13143fac899ddcecc1dc8f42d95,114
0x6a27f9a218f54afb1cc1fca04b04c28d22d6e991,1
0x6a27fd3ccc5310a5ce48d7614555d901c9963fe9fe60063143a91d1864d8fbe6,1
0x6a280316f5b5737822b726b6a0b3ca2a696cda7d,32
0x6a2803eb60fc32c9551934cbca32b82009355884,22
0x6a280e3b4b135573721c84baf55b5fa9ee055402,1
0x6a28145f980becf5550a7a56feec8ca5df1794c8,1
0x6a28198cdb28de62ddbf2501e58b4ac69ff7fdf5,21
0x6a281a6aef893fac11760d177c33886845bb4249,3
0x6a281defb18e7db9770ab813ebda6856c41e24d2,1
0x6a2822048a70db9c0df09d4e92ec9f476acb49d4fd1b522d6dcdfefa1cc48f55,1
0x6a2822b7e583389cd0fb7d10d154777fac6a0cbf,33
0x6a282568f01b9a3578a37d59a28648f259ba4a9e,44
0x6a2825c2622e4cc00cba63c90a9a92bc33ad50b5,1
0x6a28279316985e7ba5a80a8ca8f65abe32c065d6,54
0x6a2829ebb995b7b6492c635b13608c86e8ca1147,71
0x6a282b5bcbe05cfb6e21e51ed345e324c4698f4788f2cc1abf205706fb3c55fc,1
0x6a282c632136d4ef4828ce3b4fa776f635e6edf0,40
0x6a282ee64db7e1c54df09c62b0ff473047ac966c,53
0x6a282f1fd7bbac2d68d664e62ed7ebd8b28e3ff8,5
0x6a283613e71ebe74e6d33b13fd9629816bc98cfe,3
0x6a2837761a43594026ecd59f4ec1ddb3d8fc2adc45defdec95b8f643096feaf3,2
0x6a283c4bbc7b09b6f8324f9fa7aa1a0c7e984ec6,28
0x6a283eb77a71fb33a2c985bcf0f5829c123b90b9,48
0x6a284180267f0ae6a50e67a1b8babb41fb693506,1
0x6a2845efb516ed52dbf5588cee2a35ccd20d6b5b,1
0x6a28495d28cbb808c8ae95bc8c08c8f06d0710b4,32
0x6a284d3c2ace2dd36013695b3e8ae1bf5f533f87,3
0x6a284da88f2255f65378a238e7267ad632eaf2a4,1
0x6a284f2dac6ebebb0f7d0df3b7f44857f6bbd819,42
0x6a28520753bb758fc4d948021a590e59f1e38934,11
0x6a2857bf7acb6dc1921da094aa0755cf3743ec2c,3
0x6a285edc0e6949e721998eea8fca068e5c87b0c3,21
0x6a2860f73e91e0d7ab32c8e595b43cb16356da3b,22
0x6a28637f6ca9e7ba0633aa83633fe45812e16dd0,1
0x6a28658e241042204e261c9e56c414a497b88c58,1
0x6a2865bb9ddeadea6c0f81e35e032427d5d32e21,1
0x6a2866f3dca4a5151d34d5a18159f4d33d647e09,1
0x6a286d6b47653af8cd5d702d6836b2533b63b57edec505afe28e6f3a7c17b60b,1
0x6a286da4eb9fdd0113f02a3574362d2c313999db,61
0x6a2870cd98860b5697ab522e2f23b0ecde60e054,1
0x6a2870ce8f68e4bcde6684690b2320e7b4e8d846,3
0x6a287203bbec271abb5a55c5b06fa04bd14df06a,45
0x6a28721f147984f0bc865b32e7547ec3c1d87a95,260
0x6a28754fcf7db01e777bb731cc31446e28cec301,1
0x6a2878953666c190c3985ad110cf1cae632ca561,94
0x6a287aefdedd7b50bcd154bf51f93ec20e2f7c85,1
0x6a287ba68d7dc30721f669f1549cff78456f8ca3,140
0x6a287ec2aac4e26a811418b01157c9f69b15da70,1
0x6a28828011bb99eb676892f7c00cd69c0f434cd9,1
0x6a2889a41e2399aa43c3352756e1e98c8b6e1f59,63
0x6a288d81a7eabdd015ebcb4d0c96ba4b08959981,17
0x6a2891616635628d6ede3c932f22c180148742d9,1
0x6a28925108c648f573843b1cc85b6c8701fc0845,1
0x6a289456e7e18f8f21409d8b079b94d7c2f4a6b7,101
0x6a2899205206b7b237069f012e92791424cc9e31,10
0x6a289b0cc7607095a2c32a3cbcc3c95f08391e89,2
0x6a28a2f62fa6840791fd384129ef05ede16e8c7cca9303aae9560949476f979e,1
0x6a28a38f76b559e9ecebe18912ebe8a77582112c,3
0x6a28a92988060c401213e711cfd96c6a30ba7674,8
0x6a28adfd8fc97f7e2e7e03792e4dfcccd17a71ee,26
0x6a28afd69cff0273ffaebe92c4b599fb1103fca5,118
0x6a28b395e57cce4e00e13d1d202e86ce7ac72f8a,8
0x6a28b56a38de3ef607bc3e67d038f17e4a44a1ea,1
0x6a28bcc181c166c6513a82c68a444c037b0cbc2c,5
0x6a28c0ad0a44a8e59c0cb4feb177ddd7bf40ae79,45
0x6a28caabe8d50ae3b031c4cfbcea6d22b80a743b,6
0x6a28cc8f3b5efef715202e9ff8f5c3da8ea1d068,1
0x6a28d199722466263cb5483d528ad6b5042214f2,28
0x6a28d2f7c533c524ea5fb27ef3f7cc090ef6b75a,2
0x6a28d5d96d4439187712a227735095119b3e02af,1
0x6a28d7df812061a40a048679474fbb7010204da8,9
0x6a28d89e9539013b3d3d7bace4d412f16ef2e318,1
0x6a28db7c218e2c21e01f7bd5d80674f774dccb63,9
0x6a28dbf9e02b8de4d2a1c2f35d42c01ffe4fcf3f,2
0x6a28e4210937ddd8750d9794e910262285505151,55
0x6a28e7e777eef76134576af14259fe3502e7a99c,2
0x6a28e90402ca2d0aa205a56ab1323a1a80f2f9fb,11
0x6a28ed10b2a17bf08d6c1ac939af27db3043b7f6,7
0x6a28ed2a72d96b9ba36f119ca23d23f1aeb592e8,1
0x6a28ee33c3de556c509aea24c5dab1e580a303ff,43
0x6a28ee70068e7a03729e059f11959c22252f6086,1
0x6a28ef1c1c8f849d533097a933700fded0166785,1
0x6a28f84e9acb592c901159c34b4ee1c661522ef9,62
0x6a28fac6091d4aef379f006d1589c8e63f43eee0,2
0x6a28fccb883cf677ef96785dc28904e5ac2d8f16,4
0x6a29010bc8e83c5dd7cff142b6c6e9fab4cb64fd1df897567559a20a87b42e48,3
0x6a2903961ee645072bcd5ea28139389ca392c52b,41
0x6a2903b43c702f3a3569c01f15eb2d63ae102c3e,82
0x6a290714decb8883f9df64a65abce86fdcb1a65b,1
0x6a290bfa0f4fc13a20b8aa16032ff6632fa8cce6,38
0x6a290fb582b884edd3430a6742a54b9ff6bc75b7,1
0x6a2910f714cad96e3d56d6609a882d6dfb040400,3
0x6a2913c2e7ec9c07d5b21a3329ed3d4e2f700434,6
0x6a291aeaf909c8e8b092cb5b2ffca7515bc53352,228
0x6a2921a6c38de7879448c01b0a75dad72123550c,1
0x6a292308ed0784a0997ebeeaef3b6db89dd3743a17762af64392665e30e3028c,1
0x6a29283e45150231eac953cd9a35c19b8f702dcf,1
0x6a292958045b19da365755673859dc7fd75a1155,30
0x6a292c72f86fafe939333d2b12029db04acc46944d8fbf2a153e9625b680b6b3,1
0x6a292f333109b8c24124c0821262f389215513c4392ab344e86e1baf04990564,1
0x6a2930ad57f17376efa4ba404f6bf5f49a331ceb0a816700b16cc1d44f33029e,1
0x6a29379ee0c936a693aad1a64bafab678eb699a8,1
0x6a293e6217d6f30a1ec46d8a3fb1ca7549139992,21
0x6a293f1ff06ddd44b5253b2b2d172e1ab64f6009,1
0x6a293f87f121090a529847662e86480362bc3fdffb8642e688c97a4b29a496e5,2
0x6a294319a69a769e0061d3ccf1ec8fbdc9390fa7,14
0x6a2944c5e1f5d3d17ea4db2b8a1625f050b3bf18,1
0x6a294524a93deed79bc30d85913a8c10fc926e56,62
0x6a2945a79c4b99b07c9e2c51a40fb29edf9b029a,8
0x6a2945c2feb8a81ec0060e2d52023defb0cc3291,1
0x6a29475f7eece627fbf7a083baf137fe1550edcf,44
0x6a294a247680553628a2e1493310f19d25f176d2,30
0x6a294e1031d6cb47e246812b6efbdf9f999ff730,60
0x6a295f559908e5928619c9a429c89e0f3c78ba0f,9
0x6a296113cc4f3d7ac16331e5a234d96eedb8713c,4
0x6a296243ddc943bd8c0e7c5f36d127dd32518814,35
0x6a296285f41a68ed163ba22cc5cde2e71c16d1b7,36
0x6a296468b8edeef8bec6cf6cadf4ba7bc56d889308befc6421f86f5c50321090,1
0x6a296526dfc0c7148758a42d398641ed764b4224cbc2b4237dd3d5faa14c32ff,1
0x6a29673abc3dfec99f66910e1b25f47f591e9c75,6
0x6a296c9e9651ddcd2c458bddcbad3f00333772b64141128308eda5d35c78c1c0,2
0x6a296cdb590d3804311b3a9d78e0440faabe3896,1
0x6a2971ea43761ef75703ecbf703818efbd1eadfe,1
0x6a2977369f7d243c5e47482e13884111bf9cf506,35
0x6a297964a41e8877eb6c321b93cc98d54185c32e,1
0x6a297a6ac336e26a1b1786d6e23eb68f4d4e8498,56
0x6a297b64a043a92024bb75ac845aa327d404e135,1
0x6a297bd2ba48b18d4b48a15a76fb6cf8b7632a9418bc21668ad3a12948c95633,1
0x6a297bd2bbb30c5fbba59712c7b998863c3aaf14,1
0x6a297e4bd8d4657799908a3036558d51250f960b,6
0x6a297ec5e8d16240b315a0fac541063bc94acfb1,21
0x6a297feacf12417cc372bd74390650d70d73b202,2
0x6a2983bf0e4e5810a09eef7485d343cf2eb27fe1,2
0x6a298580ec2cdbd7184b5a99cf1b5bf6bdaeb548,20
0x6a298618c67e801ada07996da2bc75c094e45556,1
0x6a2988cff4749c39e48ac2f7fe305d11526a985d,19
0x6a298937b600490ee6628d8f3a18017f66f24a9c,2
0x6a2989a1c6dbffa4ad892b176b1277d3f3379be4,87
0x6a298defa1f8369b8dd5a9d6b003afeaa42473a0,21
0x6a29965cae7985a05f8858ce2ed99c49b0310523,5
0x6a299665fa48fbdbd02f8fffdd24a487be014198,70
0x6a2999fa92279bc0b6507b2596e6193cf1dfa198,34
0x6a299d9c686d44fef07de5e0b3f96324524c07219129e3f888b3372abd6b1bd9,1
0x6a29b2f44c3c14d5694bf470f42e8bb53903f5d4,5
0x6a29b54f01f18cce6d08fb0153128d2341367665,6
0x6a29b7ab72679daca062ea4bcb54939f6d076492,58
0x6a29b88f150b3f46bdf1f68463d41a97106926c3,1
0x6a29bd63f64476b2f01d82e22b2ffc01fc6e2e36,59
0x6a29bf2c6fae6a9341e85f48dc70f28dd7aef870f8e4b816a945c7ea6df49637,1
0x6a29bf5a56105d8a4a82c3a64fadcd13d3c9967e,87
0x6a29c45b2c0cbfee60aca4a8837e538fcd15f5cb,1
0x6a29c4c32ec4839fc8d48b453d3752953bb5dd5c,165
0x6a29c51fa7908e60fb042f4f7eb82cd63e9273ee,53
0x6a29ca3d145dd68937eb1f5aaa8baccaa26cbcdf,5
0x6a29cb4a3ffe40bcf09c9e3882209a8b71876edfc2ae951f3f50453b4de9416e,2
0x6a29cff6dd7160ae8dac5afd875266dc31009ed4,47
0x6a29d319155df96a7bf846c1d2949bbccce7ff16,28
0x6a29e0eceb3041d2e2369e9bc165a653838966a0,27
0x6a29e127fa79d8b3828b9d2519854a21a0fc4f6c,46
0x6a29e16cfcfbebe8ca83602e065613c43b33d50a43010311a4c68d71e600e250,4
0x6a29e302a1031bae9a6028559a2a31c9c14ab8c0,6
0x6a29e8e4ef2a6b1ae5b1b533e1d8615878bbdff6,43
0x6a29ebab60de542bb2240dabb3382cdf9c0b40cd,40
0x6a29ebaf9cd745e284f746a48b1aebbc1f9c64d6,4
0x6a29ece36c939295a4c3d368e8860100e0073e2a,2
0x6a29ef89df167cf3ac4a3377408ddaaf92fa3703,3
0x6a29f2bcd81dfa06fdd224e6f0c4994e757680c4,5
0x6a29f3919f495853a0ab4a6ebcf98092eb71d0f4,13
0x6a29f5338a2bae63f848db618cc0581129ba2ca3,1
0x6a29f5bee8308427aefd1f59a56e2aee075979ac,5
0x6a29f8c4fe01fd550770cfeb3de0d21b80813657,1
0x6a29fc12112e204d5e3e8d14f91c490dddecad5b,110
0x6a29feb5ba0215f7b0fd73c783239f0b81c143d3,59
0x6a2a0323f907c07e77ba7de24388373d16136ecb,30
0x6a2a076514f20eebe416e8203abd50767051bd94,13
0x6a2a0c558f9a0eb1620496e581a321f10f929d7cba72e79e094b9b2e66ddef66,1
0x6a2a1410c9b291b48dd62d35aba7057f86a95e86,1
0x6a2a1811768c722ffa169296fb49d7bec12018860c2b2b8e67ba3e5224cfa0b2,2
0x6a2a1cc24268214c767e349a0ab187f92f3ea6f0,20
0x6a2a1d41cff276f87aea243300ffe6d4060d7d2f,1
0x6a2a238c5da814db9e94895f1d1b92e4b37ff76b,41
0x6a2a256388a0c15f65c3265a2c3e09207fe5d03e,60
0x6a2a2b1316d0c2fa3a3c70b3fde706ffb7b89a8d,6
0x6a2a2d3d13c28076c7681573d657e319f6745fae,1
0x6a2a2fb4249e0b3317323919161fe54b3ff00049,76
0x6a2a3295b3ab2f890f4beebed7f5733a7f70dd10,33
0x6a2a35da776ffc03c2e3fd66b3d238cc437c5c4b,22
0x6a2a36cf4d7b3729a4dfe62e1df9b73a946f4d8a,3
0x6a2a3de008d7d94f8d8b7908b51866b40366f2ef,2
0x6a2a3fa5e571cd047f4232b37e7d47d5be0bdab6,1
0x6a2a4191f00dd080ff4b7627fd00efc440d2b987,1
0x6a2a43bbf6b753ffb31ba715e858ab6f907d1356,1
0x6a2a452670ca3ac103a3bcdedb3246391f2939ad,2
0x6a2a46c4b1f8e0f4177bd9fd580e425ac9cb0630,4
0x6a2a47bcf2d0c93f74c5745d45fbfaf52a42f432,62
0x6a2a49dd3cca2063635637eaf7dd7923d230f0c72a65e463aaa8b01b7053d01a,1
0x6a2a5883c583048dc6808c27fd850ae90ba31ddc,73
0x6a2a613a75c1e498f93bd742c53809151e23db5e,29
0x6a2a6267dd3e975712244bd396bf8e46890d9c13,63
0x6a2a63f3eb435aaaa2e610107d207a90e3c73e5c,2
0x6a2a6c1a1636b2dcce8e624d2df8a217ddf3fbb5,1
0x6a2a6cc8c1eaa795f5be375c1b546872471286a63c6ebe090dc449d1992521e,5
0x6a2a6d938797f751e0593e99645ebc82f0f4b417,2
0x6a2a6dc310b93745523f1eac68346d7e91fb772cce7b6b4138cba1cb964aa0d9,16
0x6a2a751dc8c6ae0da380ea695109112a735b6405,24
0x6a2a7562c4b80cc6bd7e8fd19f39a668074089a0,1
0x6a2a76ac74a0dc90937c1833bc8a8d2bee38f0b2,119
0x6a2a78731df2563d075ca5e0eb0381dfb87019c5,1
0x6a2a7a21cf457518fdea2a696cf19412e2630a9c9ece2f57bb297fa923289bd1,6
0x6a2a7aca74e730c88182855be628447d4737cac8,32
0x6a2a7d06712c786ea6d365e0b918eb7845c62fb3,1
0x6a2a8146621acb6eb6a2a8e7667275057caa6fa2,38
0x6a2a82c4120074f8cdbdc0879f22fd5edac0d92f,91
0x6a2a8364a8ab2e34b23537febdce416dd8193aa3,22
0x6a2a847f69cfa91f54758da8b6ef1feba6345e29,12
0x6a2a86deb29e548a8ed2f521fa81d8aeb85518a2,1
0x6a2a8af7e788ee434957a563e62394d20b9e855a,53
0x6a2a990c0b218a4544330796d89fccc4e1c9c361,9
0x6a2a99d24d8f5ea876a5a031ecc1ff10f6b0ac27,17
0x6a2a9bc24fab520af6aca0ae47baa25f30420321,20
0x6a2aa012d4684cae6ab8d1ddc1665f6e36772df4,3
0x6a2aa213eaca522056a2008a389f0ff5a41f7738,1
0x6a2aa2624738788f31b61c245e843d576f2b3752,28
0x6a2aa5b02dce6b8e2e437be670270a39ef244b61987a697ea3b3f361fbd983b0,3
0x6a2aa5e64cd355496af59b52f39709394e32eee9,77
0x6a2aa96aba5e40d861fc424ac4fe6150fcf9e0c7,1
0x6a2aab3be23a8364d51bb6597c677b805e8eba9d,1
0x6a2ab45a0d9c12fa175f1d935405159aeb6162fb,11
0x6a2ab932578ced42b740c66f3ff4d8540ba28405,4
0x6a2ab9fe147893af696ae7565d6300fca66c0ed1,19
0x6a2abacb718d13775dec020a2c64548a748e706c,58
0x6a2ac21823e95befb6352add4b1cabcb0a45f06e,3
0x6a2ac45159d83871dd5e213bfeb9b9dfd8f34378,17
0x6a2ac70771d920f7926877a1fbc2a8aaa52cc422,1
0x6a2acac9e56b1fbc36a0a0b48ef2d74ef56fd847,3
0x6a2acf59d4faced849a3cb470c99ee9d3fe1b26e,1
0x6a2ad7b0bb6d5a8ec0fbd6115a7defa67422cede71e7c7a28d5ccf1a0ea48255,4
0x6a2addcde97e07480b68571acf8d98b63cc1d02f,1
0x6a2adfb6eda01f611259322e4746782bf27df81d,2
0x6a2ae37e4d3d42204569fc381407560b904ce9da,6
0x6a2ae48db45d886cc6e3dbf01d52895525956cc0,1
0x6a2ae4e8c7b06ada4847cb14fa93af6d82f92ce5,4
0x6a2ae60a9e43b5937fce6dc8a449a970af3e73c6,1
0x6a2ae6fc6664d59611a4bc7b91686a132441358b,22
0x6a2ae89ef6e228d6038ab5f18672d443644daf0f,37
0x6a2ae90e2d7d92c95a195f1c9455b389517fe982,69
0x6a2ae9b79053c075c91abf2d763879c500806eca,3
0x6a2af0cca538f6691de101fe26fb3067e9640284,1
0x6a2af1f6620e6bf942b92aa4f470421cca65491c,1
0x6a2af3eee06d5e46f15cec66716c9ea78cb11b14,1
0x6a2af4fcb2464c41fa19cf0b9fe61bcf55122c5e,1
0x6a2af8959ece57472659c2093897a459fce8a2fd,1
0x6a2af8b9008b07d7c98efe5a23636bd8fe60db7a,1
0x6a2afac0db05cd03f451ba994237c0118fc2940e,8
0x6a2afbadda8124017700c6900f77228ccfa88946,2
0x6a2afbb49b428ec76af7128d6b7122387f55917e4800c11be2beb790dfbe41e3,2
0x6a2b01b2ba4c700b2c67d74f779a1222d7070c13,1
0x6a2b0272d20c6a81f3fca37957dbc220d302bbfd,1
0x6a2b043eb4e87c2e52da04ca51b71ba5a6b9578b,50
0x6a2b0bd8577df3b2e518d3cc027bd4a9117c6cd6e85acd52be6798487eb470,2
0x6a2b0c9f1f4ca23839e971a6c3aaf8538f2f37d0,44
0x6a2b10a7ccb7cbfdeff091b66c6beea992ede438,1
0x6a2b11d35b145b8c0fd95da1041f21bc1c15e57b,1
0x6a2b1389f7becc012d42a74a652f7007702f2efa,77
0x6a2b13e00e42e5cd86589d308ddea404f63ae65d,20
0x6a2b150c832b5cfdc8f065ff669d843969784f959c168002324155e854ef065e,1
0x6a2b1976da64ab86db3883e09eea8817326afcf7,104
0x6a2b21a2db23f3d0d6425306b008876fb4c280ae,17
0x6a2b266d59b292563a6488c54093de56e1f78b9a,7
0x6a2b2c5ccc55a89d244da206c253ad653be3e000,5
0x6a2b2cb1680e931cb7185eefd6ef7261d6728744,5
0x6a2b2d8f73426ad2c82299377290b93c1c40fb2b,3
0x6a2b2ecaa7d1b5d1399a517fa64936f91dfafac0651b616a6aa3a222489ff30e,2
0x6a2b351059c77b655f566f4d1cd67c8970bd624e,98
0x6a2b35eb44ba77af2a71b54afb920fda02686a6254fe7e366b60d3d654b8448,2
0x6a2b3735459c5e81db5aa3764b69eab656c1d174,52
0x6a2b3d00983e0c31d50d23e474e53ef3096722ad,12
0x6a2b3f86fb382bf274a76063a42256072de475e8,3
0x6a2b3fbc00cab24cb5cfb42a79f2fce5efe66cd2,42
0x6a2b463c30d9cb15c9083e49dc43874a68e60435,4
0x6a2b46f10eaf8bc5e85b5e8350f2e39ce01eec2d,1
0x6a2b530de3a1d50075b8bf72346d0399e5942b59,10
0x6a2b59afbbf429bf988558dacbe2c4d6d78fb2a2,61
0x6a2b5b72382dcc460f334091bafecac3563d4ac9,1
0x6a2b6056fb08a4c9f658484127a514347f489d70,27
0x6a2b61f33e0b579c87763083aa136ed649c4c507,2
0x6a2b63c45201591112bc438e2e7245d0c2826a16,21
0x6a2b68dc4a04392d10fc55d082c410a4803231f3,58
0x6a2b71836669e83e0408ed84269abb8db0d179bec10f9af0735a572fcd6feae6,1
0x6a2b71be7c21538789b4d72a82d82e7fddb6c61b,2
0x6a2b72ae40199434e7b964489140ec8e85a1164350dc99a973e8512356e6a8e,2
0x6a2b73246d5a8bb4432d6b3b25103aeacd82bb75,60
0x6a2b756bd453106b1ec16532dd3ca5bd829e82f2c6644c9dcde1a46f86ed8751,1
0x6a2b765444f443cc8a8e3c39f13aea54ea75e7c48f99f50620ce7087719a8948,1
0x6a2b7688875cfd0ed200eff704ad81fe1912cd70,62
0x6a2b76db9d2a4afed9a543a651e5cd15854c4d2b,83
0x6a2b7851ccb5bdd2b23fac43a6f03e8dc0a4fbf8,4
0x6a2b794ecfdfcf3099eb86a26a4c8bf4fd4ef1cc,2
0x6a2b7ce3cc52eb9dde75f6221f1078463128ccac,2
0x6a2b7d3ea413d43219678959894e60248e573886,1
0x6a2b7deb0c87b5d7996fd5c4a0b9b20b16f0f8ae,1
0x6a2b7f302a668316f940b326c4b362775bae328b,2
0x6a2b818dca06c7cc5b7d3a2ed5a40c7e13b53bb5,1
0x6a2b83b390f350ff6ce445616799230555d87de0,17
0x6a2b88b9f5f98fce6e3be93755bb109419d41f46,1
0x6a2b8fb985b1a8e8c4e4963acf0062bbdc6e8647,38
0x6a2b9227142f4587a4375efcc538d1797976f825,96
0x6a2b92679d48fa5aa23045dd6479f29f8466c124,73
0x6a2b95f53f8c1f673e581a8ae6f02cf845d2f1a065b871a1bcb94163a66cef29,2
0x6a2b9708e2620fb5215b4c3533b5a1eae07785e7,12
0x6a2b99d18268aeb13b5a20fa03446d6e7f80524e,5
0x6a2b9b71bf7d88caeedd17dc2ceb9a8f0c57f761,67
0x6a2b9e1fa9bc013283491096324177f5ecbf5770,1
0x6a2ba1ce179ea45d7fadd29e4c5662244f5582f4f80585b8071268a832745c2d,2
0x6a2ba4cef62a6bc1b950b195acd2c041ebdfd9f6,1
0x6a2ba8861dec95f66b5e9cca141b5cc44f8a6bfe,2
0x6a2ba8d5c96cfa4821acc4e7a7983c2216a1be96,28
0x6a2ba955d776bd762023e515ead3ac018c1a1dc06e207493507db4aaa345e484,6
0x6a2bbd361459adb62e769b3b0f992f0c72e62dc2,56
0x6a2bbeb9127ea8af35e47614d269ba1c89b83d55,37
0x6a2bbffbd0af3bc197395cc8c6ddab5ab60e6926,5
0x6a2bc3d32b297847f341f0d0c2ca20a3ec16ec9b,2
0x6a2bc5295ae1f5c13d35122800ad159e4646816d,1
0x6a2bc813f76de12f9359d3a09629807b591c7cf4,1
0x6a2bc97bf0c357434e10462f88cb9d12b3ba3fd7,1
0x6a2bcec09a5e9e29fa0841eb253ad44d5a7a568b,1
0x6a2bd1f4f70f6c6075b8f17e36a973126b09fe7a,12
0x6a2bd1f72567413b32b555a1e57eec1f730c030af5775c51185edffe5e435b85,1
0x6a2bd9fc50b8a54d6c2a34145653b2cb288ef04b,1
0x6a2bdeb8642bcc363ad279f15745ed04b3649918,1
0x6a2bdf7ce6f0e83e5169ea9ee08e465147692855,96
0x6a2be085e82e6e2fee02cc7841cb1e7159b9c4a5d1e1bdc1e75c69f44a4ec1da,2
0x6a2be4631bf94060bb8bb2fb284f8e362c352dd5,1
0x6a2be7ec30c97dea12393fd3cd64acc94567c572,2
0x6a2be96a23847e57a19eb00a6fd2855906b3d039,1
0x6a2beb88548f1ce4c9f901d402a6578a3db3cfcf,41
0x6a2bed1466a1f66d7cb8317e3d3c5d2489587ee6,42
0x6a2bef748e56eee61762d05d0f318485f64eb35e,3
0x6a2bf24fbe5c1da23cb6ad235d5ae1c1e6392fad,1
0x6a2bf347e8fbfe639bf64673bfdeb64276dc0197,39
0x6a2bf34e9a3082b76f829a0d1fa940a3f2a90c79,5
0x6a2bf39d833500529eafe3ade03be0784a3d9780,1
0x6a2bf5342dfc86b06fd2cea4a1de88612120224b,152
0x6a2bf634aa2788ee2977ad54a634488c6a716b69,1
0x6a2bf7d8351c238e14e7df7a8a1d735efff85dc7,1
0x6a2bfa445d8c847016665357d58691015db3bdda,25
0x6a2bfe855cfbf29c6060709b9d5446e5273dedbb7d3a275ee6ba511e0976c265,1
0x6a2c0469fcb5ce309f18d916ba3b8a6bbb8cb0526d78b54e1f542a3129f02470,1
0x6a2c0475fc513e27864af5cc4f0b5b4d6ce301b4,57
0x6a2c082ce80f9e5a4d7d502a2025f2c93bbf070a,5
0x6a2c0ad2c8b62a8a384ad70f608bbc1cf23a6582,34
0x6a2c0c6d333b7bdd2b0c961b8d607894d2bb5b51,1
0x6a2c0f71f59ef09423948801c7003c8df9b1dadb0f4761fc9ddc40524f8db8a6,2
0x6a2c0f9ebe40b65f9fdd9226de92fd7746f6668f808c969437958b67daa2ac85,2
0x6a2c1432224cb30518ce4b7d49c26f220e692610e3f77af651e13d0fcae14a10,1
0x6a2c15662eb685db3562df79c7fafdbfade535ef7ef2ced7962bd719add10d84,1
0x6a2c1805a8acfcdc45ceede6e3c4d39485ad3964,1
0x6a2c1c649e471a789f5e4f2922553b99846ff211,56
0x6a2c21509cf47b246744b748243ed69bb5785620,3
0x6a2c222b2cd0cdc8677df7f1ff1dc5ff3bc5400b,5
0x6a2c25439bb86484f6f395419b74bc34cdce0507509eefdecffb340573cb156d,2
0x6a2c29e6e7329568a5f2bbcbde068d8c6d907fbc,15
0x6a2c2c3e69b0b0d88f0de21d9e18f7517225c378a49f9ddd30c60144b108b483,2
0x6a2c2d7028689fef28f918268a81cb1de7167c5f537951b591af98ea6a2851dc,2
0x6a2c2ed1a5b3d0499f404550842b8ef61ec6985d0ed3351b77251b03c08ed8e5,1
0x6a2c320baed9d75b471161d1e75858fa6f7e544c57193ae92dcd74881bfb117,7
0x6a2c35dbb3880ae4ecd20481ff2e47c159046092bc0e1e818eddca1e9bc4b55a,3
0x6a2c37c9583cb837903dfc11d22029dea4e89798,1
0x6a2c3bf01bb3a88895f1f181efe05041221787bc,2
0x6a2c3d3678c6075ebf232ecfa9b3a2b125c00ff1,1
0x6a2c3f8040ad60fd50ac5a4e3cb49a2a7b2cb302,1
0x6a2c42ae0224fc9e1e8303ce7d5591476b4128c63f70964d5e9ad88c3c90ad9e,1
0x6a2c47db34351707709d74eb0cbdc15c5360f472,1
0x6a2c4896aa17a2bbb763e82a4c96634f8b5adc65,56
0x6a2c54b9d3c6ff8d5aa982fb8fd1c43b5bb5b3e1,112
0x6a2c5ca8995bf9f217e8cb705510bdd8a3fed765,3
0x6a2c5d65006e13f9f2c0a37e89b00fa748144582,4
0x6a2c5ee861d2f3b93b7750e727eab0f67c34430fc6afc00fc642675aeedc3851,1
0x6a2c646b3fe54077f46591b0e65b64fdf004244c016e729e94fd9133f2b611c4,2
0x6a2c67cc293357c512e2e4abec992955cfc98c48,18
0x6a2c6a64059a6b8b20a0ceba90a2f1e0a10a669b8b52c75ab1b679fb624c546d,1
0x6a2c6cd1fde11a6f13b470d77fae626bb1440f58,25
0x6a2c700f52bd07be7ec0c0306e5de07e60ce8014,1
0x6a2c7120c6ba73abfcc7608d757d508ea789ffd0,56
0x6a2c75df446599787e5fa73115ed87e1dc7f75ad,32
0x6a2c76e3976a1ffbce8139820db5a8d38e664db3,1
0x6a2c7d8bab403c999f8da86c2ac0ea89fbab6da4,18
0x6a2c81764a560ee57ab379ca5051ec7befdec426,14
0x6a2c83b9abe0b67b471003d88b6cdc315a646b25,15
0x6a2c891aaea2e65f5b1c2b578c27f90261765bc3,27
0x6a2c9101761a0823fdb8e2c5ec9297473f47c58c,12
0x6a2c947cfac2b033142043345d6b9e8a2cb90990,70
0x6a2c96bf488365f94c5ab268389eaa1f43ad233c,1
0x6a2ca29e34b9f767a20aa660c66a609955695d1f,1
0x6a2ca2e729d16ae66e38515eb7145a10cf7d17ca,2
0x6a2ca3407388fa7238115255a126ebfde9317f80,10
0x6a2ca93fdf8862faa475a576d6da7a8d510c47e5,25
0x6a2ca9e023479ba34e0d45f2911b0381a4e858b9,1
0x6a2cb05c67d2dc763070542b8e25f926349de382,9
0x6a2cb891492a84262d13186f1adc09d2a7eab9e06c6fcd6e72a9b258dd45d717,2
0x6a2cb9b34ba6ca342ec787b70cd1878e71810231,2
0x6a2cbddfdd155b3904dd3861443eaf81bfc41785,1
0x6a2cbe3f45a7c322800828edd571dafd54b9fa32,31
0x6a2cc68c962108314eb679b4c07c2c32623328d6,30
0x6a2cc8160487301dd519d8f996a474343357ee1e,1
0x6a2cca05ea54a91b3b007f28d6fed051472e5fb7,1
0x6a2cce1de4c36daaec993a45ec0b1b5114e69ab3,1
0x6a2cd120da08522d9ed510cea5bbd84aa84108ff,29
0x6a2cd95631efe11bc5dfa132eb6da1c19f621502,1
0x6a2cdac584076b32bbeb9547551ddfa475bc1f54,56
0x6a2cdf3895f8ef6abb212cd9d456af401c5bc997,133
0x6a2ce0198b858f1fe038646cdaf00a3a200ade4d,12
0x6a2ce3390adfe639606bd1f2c112c6c2b4f891df,14
0x6a2ce52982a236b4d34d3c073483d5502135229f4dbe7370f53bbe5f3580768c,1
0x6a2ce612d1c17c6bc8dd52e970132da7ab55ad66,15
0x6a2ce8b6bd2aef5c85b98f976b51d9b622ca5024,32
0x6a2cec2bda4749f113676bd9a5f3e64277260efd,9
0x6a2cef76ac8af7a86261f35b3f4ccedf201a4f67,1
0x6a2cf97d77025aa7c227c9fb579105073f612b1351d1a4305007b5ebf1f79af9,8
0x6a2cfe6d4584565a2f71361fd20cd26077b7a78e,6
0x6a2d001ef935a22018a72f2a18301f6f9ba75fcc149590ba98c1f164aff8faf3,2
0x6a2d015ee4e6ecdc6f607e9f57ab1540cae9b21b126772a455be6247f590993e,1
0x6a2d03a1b49a5f934b9f6820f60a44ceb9414c01,54
0x6a2d0599eeb330e3045d5012a7b7e057e1cbba4a,28
0x6a2d0aa428701be95dcd740d233372fb10780079,31
0x6a2d11e3a54c3071c14a31369d279ef80ad50c96,25
0x6a2d16227bda710412819f7b16445d49518a549a,3
0x6a2d175cd5514db88ef6419ff2cb90c5c89d5c2a8f10ca0e3e66ae7f3b12518b,1
0x6a2d1b19ccc72bd1506ca4315bc968e328aed555,3
0x6a2d1c70785ab2003f16aa6094eed662aafeb5c3,26
0x6a2d1d0c4d9031d1398b022c67ad1eb8027fdb31ebf7dba228e23cb252838b3f,2
0x6a2d1d248bd0a7701aa7ea8a3678d97a133aeafe,12
0x6a2d201b87aad69a384cd9c2744eaf116d769287f1b3a8edcb0e0043a6dad2f0,1
0x6a2d2cc7b62aae21f7073b193234e39b1c34a07f,55
0x6a2d332c8aee8ae2cc44433c8e1063da721a2a38,2
0x6a2d34ae61bf9b41997f33087c1e6263851b5f34,2
0x6a2d41c87c3f28c2c0b466424de8e08fc2e23edc,1
0x6a2d4212afc55da05df8fdb2e73b852338f43b36,16
0x6a2d43d0a09ad62c572f18531f17877d501e8545,110
0x6a2d45c99380cea3ff19b92c200619a673e9607d,2
0x6a2d47e09d051df46b7f03bd44ead75f568cc0f84fe714b1e8e8d694f31e5ca8,1
0x6a2d49f1444cd7663a382cc904af2cf4a3465d0a,31
0x6a2d4dc73ddb6071868ee0f5889ba90705974fed82030ac5c6ad49a9746c9f4e,2
0x6a2d4e58c743067b1da9ac84f70617e226be446299f9471769d1161398c1140c,2
0x6a2d5237877c63dd1c68db75ac99eb1ea4b3d6cf,8
0x6a2d544230897a2a5227fabf3c6b03a0c63d8287,6
0x6a2d5a65c57779710cd5476695500f89afc2e21965807fe02b61a287cede76b5,2
0x6a2d5af50c40f0d635766340ab09da4ba62bce021ede36e5370df72393feb626,1
0x6a2d5fc9f386b97a0bb1c0fe56e64bb1fe0f5038bc9fd0a4d6283412a550c7e2,2
0x6a2d60353c02fbbd72e4988eca066e34069756d3,3
0x6a2d6710360618dc7f0c0a9172cd3c3d2040525e,31
0x6a2d6c14758d7cfa4a6c18ed8f8b250570f90640,123
0x6a2d6c94b615d2797bbaec4cc3d38005308ef36f1e6cb54319f2fbbfe31eb042,1
0x6a2d6ff1679547be730d021e1874ca055f13bfb9,1
0x6a2d71db8ffe6ae09469b197ef299e7beb2d1d40,28
0x6a2d75eac99c89dd948387b082b85fead553949b27197d1b599c3b59f597e3ce,3
0x6a2d782982ceca63d2fd99d49fcf02cd28eeb696,3
0x6a2d7d0aff654c21b926ad9e29dd0c4cb008517c,2
0x6a2d7f43d2a7c071533107bc6cb015a5b702452b,38
0x6a2d7fbc45f1db232725611c5c3bfa7a5329d096,1
0x6a2d815cb613817311064956e1884f432a17b30c,4
0x6a2d85e1ecf7d026925e08f874413c91c18a0a2f,59
0x6a2d88545da6a4ed98abf05eb1f9ca28b2c35486,44
0x6a2d8e3298314eb8b75c9f57673ae066563c7a2a1145c8e8a03b4ea0f3aeae1,1
0x6a2d8f3ba88392e49932aa584914ffb768c0c51b,3
0x6a2d977efdc72056c0c935d9fdc96a0c2ba2b245,24
0x6a2d9932b507ee55640cbfcea868aac14fefc77a,1
0x6a2d9cb882660c563d6d2178ad09a876ba8508db745a3cd83694ef44a6031303,1
0x6a2da0d12fabc4f6ebb555c70747309625271186,1
0x6a2da0e9a087b9cd614faca61cc53d67f9dacd37,25
0x6a2da73d554d7df6cc7ac6605c5ff28d6a9cb7cc,48
0x6a2da810fd65a2a1e8e33af6d7f0eaa7f050ac09,94
0x6a2dab855add25871976641c5c52bbfb2c38ce3f,62
0x6a2daefe1d64ff21180aa3fa799351ea4a6eeaa6,10
0x6a2db04a65935e84c925c2778e9e320ffaf72c54,1
0x6a2db520a5da4a0e64e27adce03a9c2d9f4d39a7,32
0x6a2db5ec9ff1c2a8fa395502cf47b8da9a7fddba,12
0x6a2db5fd6e7703d37d2a0a655bc5fe92d4005adb,13
0x6a2db70967fe4ea4c73258e5c6eb1aaddfc99f9764c4a4f3680366cce354a28e,5
0x6a2db70bf185aeb19507d089d7ba2d02d91b3f1b,1
0x6a2db77a1817b1d4798dee733e338492ea739a9a,142
0x6a2dbb19c42a849692b8722be90956dd3e66d479,53
0x6a2dbe63873b88736667287e15d008bb43e0ce12,5
0x6a2dc21365c1ea79aa05362d67fe0e81689a4121,12
0x6a2dc3e1d7354465370c12faac8dad5b6f624202,4
0x6a2dc4bbd8308bb73dbbc6f3a5078cd0471a10be,120
0x6a2dcad30aae0e3395247e3a6c2b662ee188b6783a6ab28d2258ff4816d7866c,17
0x6a2dce667dd55cf0b604fde193dad58debf5ddd1,1
0x6a2dcec007c88f35789c80a19ef46ead8bdf6c35,1
0x6a2dcecf7c1ef6d43f13fd8e910fe2c980c5a821,70
0x6a2dd0940bc2d9ff054cda7f0161e106ec04d01e,57
0x6a2dd0d24cd141e963ab70108d0a741ae717456b,2
0x6a2ddaec9b2ba483b387f13c118aa1a5f181ea03,31
0x6a2ddbe0eb8776c8d8f6c22e0bc516d9140996ee,2
0x6a2de11ebf4f23694cca83157c2562258d7cd3bc,1
0x6a2deaa59f64505fd0522fcaf4358d787bb71003,79
0x6a2deafc7f1c75c875c195d295a0cb5ccba903e0,2
0x6a2ded4346f0f0712f6b26fa96e1d7df8b821eb2,128
0x6a2df70d2d405bdc2befcaff7883ac1ac49dd474,8
0x6a2df852e7172a732e8b5ffeae723ae727b943e0dc07b429e7b069881f155575,1
0x6a2dfdf19095809853267e17aec85daed05dd72b,1
0x6a2dff7c5e3a075751ba15f50fc0519f8eef5ba6,1
0x6a2e008d108c7b17a199a5d5816d7968cff9fedc11f75db9a50c9f6ff72bca8f,1
0x6a2e01e3a3c9ca3a30ac2ee7099783a8e3107d10,45
0x6a2e05c1268ae8281456a9927283ed82d574fee842d72e773e288f34ed63814,1
0x6a2e0bba30bc72678a3548a03a4e8dff8b0e662c,73
0x6a2e0d920f65c167568d89e94a6beecabe6c1dd1,2
0x6a2e0f07b07658f63ee54a9936cdebf63babe8105bf8f2185b8cf22d65982431,1
0x6a2e16a09520b2c07df9d48fe67e6091583f491a,46
0x6a2e172e7fb8deba2ed19c86ec1d451fed8b61ab,1
0x6a2e19c8cb2e6368215b4f1dffe1f1a2abe65bc796e05694e984fef1d91529,3
0x6a2e1adc02f6d70414507295266a9175e6ec8a58,25
0x6a2e1d5acb0cb439521d9f74d79e84a7ee7e2ed1,66
0x6a2e1ebe8234201707bafe5687c4c80c59911ded8a541c6db9ca5694d67c270f,1
0x6a2e2316412cc7b0e6a8a634031a63be7ae9ccc8,6
0x6a2e2637da95327fb617939fae47481f5012a474,62
0x6a2e2b48e68446ed1f64112b491e150ddc871c56,10
0x6a2e2bc20e7fbdea223b263e3de41b8ff30320b3,101
0x6a2e2dbf2ad5c516f9bc72736f54c6d237d750583154fdaac46bc18e4a3a0b59,7
0x6a2e2ee73fd10f3c838f101f58c7d65e90dc014888deee2ba7c11733759cb2c7,1
0x6a2e34019cd7cf851572bd3b8d91a261abca9970,2
0x6a2e363b31d5fd9556765c8f37c1ddd2cd480fa3,33
0x6a2e36418a7b15c6d98fedd1f9c9373dfbfb5150,32
0x6a2e3e85c7db88ca6016e77cdea1f97bc2c5354d,36
0x6a2e43d816bdb712095a5372834cb4e684b39e1e,49
0x6a2e4b11eb28830210bea1949fe1d268fc2135b4,9
0x6a2e4b522bf9ddea28f6ae4524abe836e6a487e6,3
0x6a2e54d75f378df4d95ebe13d85485e5b34ca6f5,70
0x6a2e55f88a5303bea7aa55566a87d1ab502f0a2e,2
0x6a2e5617251dc6abc7d7c46063a0e5a56a5149f6,14
0x6a2e601ae26597658497aca483dafcfd63e1bd5d,30
0x6a2e60bcbcadc6041c2991a4381f97713e59c49f,31
0x6a2e612035b437812e26a57f54646d45b3bc14ff533b3589a822f13a7fbb3204,3
0x6a2e61b1d90c688735d2052647c19e3740cb6913,56
0x6a2e62cfce4ca62662ff9f1e74929128c47be13f98ed9b08eaaf27e46baacc98,3
0x6a2e62f0bda0a9f2ddf97ae7118a81ed026c95e9,80
0x6a2e6467bfbfcf298a75decd7e4dd29c81d98a0a,16
0x6a2e64d4353f7e8ef5af1dbd22b05e867f234eac,1
0x6a2e671573c1f1662bb2c8d60000be4d4c92843a,1
0x6a2e6ad64cac039882f6696774b5d1769f5282ef,17
0x6a2e6c11fd05fe87639fa5178a0a41cb35df5b0a,27
0x6a2e6d5d1e71b1fef4118752f951fe0d877521a4,31
0x6a2e70b101d09b16a75450b5878b7c6680dc72ab,3
0x6a2e70e0d8e9f056cebeb07d3648afcd51c96e15,1
0x6a2e70f8ae1376561978731cdb63f675e0ccbba6,2
0x6a2e714e5eb5b857fbb14e424e4708f359aee261,1
0x6a2e7648afdec1b315b0a4372bc788b8e707f6c1,1
0x6a2e790caf4ba73dee12a3ecee7d841ce68c9c47,3
0x6a2e7d125cadf63c3f97580611e76a5f9fe906d416dafa8a742f03f9bbc393d2,12
0x6a2e7da31657e1469097e9d5daa14be383810a8a,32
0x6a2e7dd9fea08d9539d669f0ab00ed0a2d1a5227,143
0x6a2e8021cc65f85cc7119a52433acf0957a3701a,1
0x6a2e837f42741a482f765547b295ff5dffa0a02a,63
0x6a2e83bffe2d946c97196caf36ec84ef864657ac,7
0x6a2e8455d84276927e2ee101d3f1123b774a49ad,1
0x6a2e886d1fca9d2fcf57b469c0acdd398722c557,5
0x6a2e8df9258935e8017a15178c722812f75eee11,13
0x6a2e8f79c5d7f194a367cee93909bbd575616abd,82
0x6a2e8fa05c611d97cfe7e7e0fb809cf3260a46eb,1
0x6a2e907b472a3da653d017d2bce9ab7b14118cc5,28
0x6a2e913ded2940a8d91e1c318939c26faeea4da0,6
0x6a2e971603a5e53ce377ed98d5be8766f8bc7afb,33
0x6a2e9dde599eb221a1b0013f6a111fcc2d758d78,1
0x6a2e9eb637c4d34dbed0f03a793fd3ff5e99bdba,2
0x6a2ea1e3eea6e0e42f5a2098c00b93f304eac5c9,12
0x6a2ea3bc14bcc6748e31c290c0f6b22164cdd145,1
0x6a2ea639bac1c08446b303163198223eb6df662f,56
0x6a2ea75a15d52ed2f89e8757ef613f37766050bb,2
0x6a2eaf477d4adba5437784dc3a29d240a8e3de5f,19
0x6a2eb0d1d17a035a1e82cf82ecf888fdfde4c581,1
0x6a2eb1ebde41e6a6e5d2de9e5f06526b751a7b5e,1
0x6a2ec7def6aa4461907be185107ca7a84e2bfe15,89
0x6a2eccba059486a7b0ca8d6704c01dec93f8424f,16
0x6a2ecebb24fd253af08b0d8ba290a44ac9cb4f2b,19
0x6a2ecf0ae7d948957dc694d2b98c7f88e8fa2e51,1
0x6a2ed0c25da145172bf19c92954a6cd1fd75db60,1
0x6a2ed2ae93e76bca6d4fa6156b55fa4988b82fa3,10
0x6a2ed78028028387340cbc283df761f171b1e5c2,1
0x6a2eda5c1e4c28a26bd3ffdb1670828ccf0fcaf9,13
0x6a2edb513b6954823c7f784842a3ea1bbc419ff6,6
0x6a2edcd12de03398f45f080fbc41912e95319396,48
0x6a2ee15f975eb1811a075b2d5f2dbc0550ef67b2,1
0x6a2ee1a8852a7e4f2c4ad3173669d0dcae476916,1
0x6a2ee274c9b712a46ee39d3f7e061d33994fad94e8226f41ea7288c0dd6ea150,1
0x6a2ee277ef25bde267615c1abf1daa5339814052,7
0x6a2ef7d2a4b7b1adbcb69589337835af62c7c35a,35
0x6a2efbab58ad3ef00c6e5ec9fb27286ffb515f50b011154c5a49df5cbfe16a65,1
0x6a2f01909eb514e8575ab703bfbdffca9b7c67b0a5dc00fc529c29030aa4f1ce,3
0x6a2f01b3f48b3ec26cf631142d711b1ba23107d0,4
0x6a2f05b83d1d93aa7749f2413abdc0f9ca70ecee,6
0x6a2f06633ff9a7d8825af5ccdf71dc296530f40b28b3784359796dd7d6af93cc,3
0x6a2f098bbcab7b0d39aa8414620899bdc86b9221,85
0x6a2f09f1689e711a6f72e5581f88cc67e75376e1,1
0x6a2f0fea3d5860cc2b987789e1e5018ef70a9bd4,17
0x6a2f11674be591dbc6117d84f6a66654abe1165d1ee7a3705e6a6125dc1ad510,1
0x6a2f12df2cda9c70565af5bb297e86f9493c9f65,39
0x6a2f146cd4e825e25856092c697181f3759dbb96,7
0x6a2f1596b3920aa988d89f5ddf3d6f94e8f177963b84a9f6764c32ad738b06e1,1
0x6a2f15abf716c2d9c2c918219f4f5987d9b63dc6,2
0x6a2f16fe47e3914ee416b048752a35e0fbeb86fa,65
0x6a2f1a04d6bb9a89c52524c16a11282e600ebaed18c14c8ad32494ba6591f720,3
0x6a2f1bdfa077ff1b9c238553378813ee8edeb7a5,25
0x6a2f2620f336aee739f52dadc8fbf207dda118f81379588f5ea3585a4bb067f4,4
0x6a2f284a13627a38c7f62f1b3aad6f89eb3a10ae,79
0x6a2f2a5f27c5c2006ce6a387ad94140dc6e73df048cfa79bbdd103698527ad87,1
0x6a2f2f1328287396e0c636eb26e5844807f97d22,1
0x6a2f3036f49c7f1b6f104ad1f67a3b6ca4433c2b,1
0x6a2f3055695bfdc20ba3ad5cddf2b0b27caeda5b,45
0x6a2f30e61eb87bf633479392f0d2ca882e200d65,18
0x6a2f33272e42da5ddb8c4972349b160e6dcf6b57,2
0x6a2f35510c90540fa0e7e8470297d09ae923f19d,60
0x6a2f374dcce2937b9c4cb9cb829d49182209c775,15
0x6a2f377b2191d1c85a7ea7b937013ea97fca23f641466b0850d4dfc3a18e9499,1
0x6a2f3867400b0667ece65e40f63e0f622939dfa8,2
0x6a2f3e62f7bb88fa736ad651c67a3c447a5b735c,1
0x6a2f3eaea6679a08ba6948712b6fca5257f7873e597b1bb8407ae6e49a41eeb3,1
0x6a2f3f17f78184bf2ceb252c381848f4eb3180c4,100
0x6a2f4042796a2c81d6919412c0bad8719b093225,1
0x6a2f412e225239848f2c511225e4e969115559f8,44
0x6a2f451d8af9e06fb2615de940c0a69cfde6941bbffecb00723684335b1caf93,1
0x6a2f4cf785365aa45529fb3411d62544e6c4bb77,30
0x6a2f4e5c657223b48f960e36c299f3a210975c78,740
0x6a2f515d1e348809bf100ba14eed1b5225d7585f,1
0x6a2f5229bcd9ac621b82be328c0cb8a02a0035b3,3
0x6a2f57d697e067614546bc001e0e96d87528c6b5bd08eff360309d59b659d5a8,1
0x6a2f5b743df44d57a33d90b03336886bf0b9a3cb,12
0x6a2f5ce4a0d586a824863687c22c67d1e39c2169,38
0x6a2f5f46bbedf85a9cf83f1a1d5f22b59ada0319,3
0x6a2f603b72e53fe41e0207183293fc7faa6ad7cc,39
0x6a2f64bd3452e89f0b4fb4c6b2f081dfc458f01f,86
0x6a2f6d4bfa0338c9bbcf1dce352ce7a1e6516fc3,10
0x6a2f6dc5a808040d331d135d8a714bbe32dc1727,2
0x6a2f73d88327915c356a6a659ec60348e9e0a1f7,38
0x6a2f761ef53fd62b3391201b887e2c3570af425b,3
0x6a2f7647b604c3b4f8b647f8cdb359cb17a30b6b,1
0x6a2f7663ec80d411adcec9bedebaffb2e0fde530,46
0x6a2f7c74e7d4c660cdb6727e8b247b97fb795dcb,37
0x6a2f7ce68a83b31a578254bbcadd5e67dbfcd5ce,1
0x6a2f7ee695570076e5289fb10f295e9f5fa22e40,18
0x6a2f827d724f107023d5642424e9dd2363dafe19,1
0x6a2f85f6ba2ea1c10c8bbd67f3b542065a647842,2
0x6a2f899440a6d17e11b64aed0c945f324414bf33,81
0x6a2f8a52483ca82e098be121554a734af752c685,138
0x6a2f8ccec42acb5400ef7f271974e56386882cb5,11
0x6a2f8e2f5a7a8df19ff88e35c5caee030f601c53,1
0x6a2f9466d02d58c107c6565722259b8485a0799b,52
0x6a2f95545c1fa0fb0a1ca17133763c9153401478,3
0x6a2f9561ea4298bfc9a50eeabd6e1f01f5569a5a,157
0x6a2f9748e789bf22f36de470fd1d37e2697deb19,27
0x6a2f989aed8b86aa2af45cab1f6aae3d34ea97620c1a75c065f1434ee89d5785,9
0x6a2f98eef589674afbfdc0d35db12e1ed05c4587,3
0x6a2f98f5313c25f40a05c07780781b918c8e7af8,1
0x6a2f9f2a788d5036c8577a0f2428229012663942,42
0x6a2fa0a7c21ad636d604c013778b8cf3142ee1ba,13
0x6a2fa34d77b6e460feeaba7c0560778333f82913,4
0x6a2fa4257173404525b1cd8dfe2ae7069c22f39b,35
0x6a2fa4d341d7e95e6b35b6c439a50d9cbe7e826083378fc7bccd2c6d87fe5669,1
0x6a2fa57edc67023b458e1cf14c6f6fb9af0ef79b,68
0x6a2fa6ff49334a0bc591183e42baabec5944ba22,43
0x6a2fa81b73c1f47aa1f160a318010f314de0413fac095ae9641e1b710260d115,2
0x6a2fb1b01a2b76b1aa83c96cee4c94f2f6c3a566,60
0x6a2fb65c9532da2d7e059083c20a921ee4786521,1
0x6a2fb7ddb816b3922f3c306936ea3c72cebfc6e9,89
0x6a2fb8add35524d1eb7220da7e71f2863df73d69,14
0x6a2fb9c10c212a59b719459d6c932eba8e6f6991,1
0x6a2fbe0eb489a4f2caeb6e3d05593bf1ae2215f1,6
0x6a2fc127cd2926752338917d8e09fb8481d12e3b,9
0x6a2fcd4bfff6fb654f466aa4f93349e294078261,1
0x6a2fd3b8f42763082b7639ab79f1fb8869422a33,31
0x6a2fd93f0ad7b287095378c36f2b3568c0ed5610,1
0x6a2fd9a9feae14cd32c9b949a511cb88c65ce6bd,5
0x6a2fdac392304c1f36b9eda065dd8fdbd30b17d6,23
0x6a2fdb255c8df4540376db621d6d63e96604bf7d,24
0x6a2fdb6ee927281ad5bc05f5f140d6f8a2185308,68
0x6a2fdbbd626e00d4387e65394d3fbacf04049ddd,82
0x6a2fdd7402847b096f69efa75d5561eeb5847748,159
0x6a2fddb4122fe380f4cf7a41557143978187a63f41d23d5f7556783fed54b026,1
0x6a2fe286afe64406b3572a068b8df5c75e1e1972,1
0x6a2fe4cf1ec587fbf71f873ca96b4306abe1968a,34
0x6a2fe4dd9b34ad75dc82c2f48d9772b33c07efe1,31
0x6a2fe589cc4d9bd56c7ee112e096f7ce7129c162,1
0x6a2fe6aa5c19830e41752d06dd292d97522385b46ee16b5c579a297304b8e576,2
0x6a2fe82d0a6d596062d1064a5b57f96f2585e7c4,39
0x6a2fe962fd67e5f8280c8fb47bdddfce74a208cb,6
0x6a2feddc9476b336d8ecbedd283778f9e07c7e57,1
0x6a2ff0054524e10782eebe8c75beeeb775c015fe,28
0x6a2ff3992ab6055863f0fc59d12d841bef617bd3,2
0x6a2ff691778b89a4dee71481088bbea7dfd51dea,52
0x6a2ffa1b1ac3ee1ebb5f2956d0eb81c1ada713cc,3
0x6a2ffc34548184889bdb755978e2403253ca88fe,11
0x6a2ffe00fdb7ceae9037e1f957659459affed07f,1
0x6a300185949786d1295e06c240c18d1adf3ff6ab,13
0x6a30035534d5e219935c515b322082d429d45660,58
0x6a3005837e89ea565530419d70d758bb0909c26d,3
0x6a3005a6065e99277f90b91e8d536c87d12638fc42ca290e9295d475198a03e7,1
0x6a300a6a3f6af8efbbbf8e936d44c193a086c46a,33
0x6a300b03fbde4dec20edaa8fa5afec7ca848e133,22
0x6a300c82f5f7b405f58f6cd337bf5dcb7262b6d1,2
0x6a300d2e3c516cac01ca2dd197f2d1c18d57fbf7,4
0x6a3010f05943d2e704270de6cc669eaa111db426,35
0x6a3011f21a9e005dbce8b58822ed7e7fbdbd31cc,37
0x6a3013775e88ec14a5eb975175057ae6f8667183f997b144c6e0d7c6cb4bd492,1
0x6a3015b74161fd94dd7440db8b584085c2f54299a7042b4c08cdfb28c93b2b39,2
0x6a30165ea69c72b3ec7aa5c0e4f5bad65be13e5e,77
0x6a301ddd9e62eedd1780ab7d3d79d1ad6861f98b,1
0x6a3021d3c051e6f5e9465c5024ebb0767028f064,1
0x6a30275470ef74eeb0e4f47a22898c36949a4168,1
0x6a302868cd239618d565bb725105e2474febf741,1
0x6a3029dbf43b86e4419a66111975f7dd7678d937,46
0x6a3030da9bd383f33edf51a47c7fda055347c9f2,1
0x6a303adcffe72474776fc118b9fdea4d43996dcf,78
0x6a303d5201b61891fed1df0b89222d55771788ac,10
0x6a303f13429d9c6dda589337d29bf679fa3711b6,57
0x6a304055b10defe49c25f62c3ff87fb766783f21,1
0x6a3042318c1e956d5dc38ed98017ffb0da35449a,154
0x6a3044ac9450a72ec49e398d0c246530665d16ff,63
0x6a3053638c90151389d8f901f451c9603d2f333f,3
0x6a3059c50809f648d9e70632fcaf65a0618ac332,1
0x6a305ee22e9ee3431e6ea2750da2aaa216f653bf,1
0x6a306078fe7dbe1a24db6c2c0d2f7c75a3f6aeaf,1
0x6a30627f0e5894157892c3f7d8365ed172e34b47,1
0x6a3065f7cf1aea79a44e1a6033c106c47a399f73,14
0x6a306beaff9f222090f1f887b5af1d4acb0177e9,11
0x6a306d4822e52e5abf8bef5d15b887324b301b66,36
0x6a306daebf1a3f090d9b0ac7059e57e5f44849fb,10
0x6a306eb643630a0ef3743be9d87cbe0795ebbb98,2
0x6a30757b70bc014fd5a4f1d9b4cac69719ecfd9b,12
0x6a307c9ec4207ca3a413d02383f33df7b30753da,18
0x6a307e62f2db51c58ad353deb38ad408b04de7bf,3
0x6a307ee52ebe7fe40d7471124f8585a1f26d09d6,13
0x6a3086372b44eb47f46fb92943a4f700d315b0366c880a3e61330fd0c691a2ea,2
0x6a308e6cb1c9b7ea0e9a834e77adfe78f0d2e73421568c6f78e7cb739a3e3b7d,3
0x6a3093801e138ed12d964ae5da82c6014b7118e9ce0d8131871fc8c2f344acb0,3
0x6a3093d718ec16403863eab8e4137b75ec2571d7,18
0x6a30959118a4df1c9f28da67065ae97aba60e93d,1
0x6a3096f519eaa25d9631042efdc6b004a1ede133,45
0x6a309b1ab0e1180ea8799cafbbfc52e78f730f8e,105
0x6a309b95c4fa495c7ca6f0143d140a5c8aeb8ba0,32
0x6a30a5c6785cc865c8d4bc474f5576c60e3a7bf2776455f7b9c35e72f3628c9e,2
0x6a30ae08fd6c596b22a4c548dc21306109152291,3
0x6a30af8e0e91cad35b7bd316d7ec505d0bdc19e2,3
0x6a30b2d675dab043ae699713da600d4fc758bde4,23
0x6a30b39336f71dd8d4bafab1d114cfaba5ff580e,29
0x6a30b4c9d2853e10a6b431d05155c174cdef4fa9,15
0x6a30b6eb885a6f773e92aaad03ebdeec1c768f91,2
0x6a30b9155a8f17b3385964e40d87a8c3b5934a06,1
0x6a30c129d2134e64106658c1a9346ea7dfbb64a2734dfed29df35eac15d87a9b,1
0x6a30c5f0bc176121d6e93d1928e120a705deebf5,56
0x6a30c9d70a4220da85e5a00a1ff2a10aebe985d9,7
0x6a30d488e3c6617531a3e1f5317795dda390d11f,118
0x6a30d49de60975fbb06803497a7744a9603d992e,41
0x6a30d627c278ac3137686c18d9a785adc273ebed,3
0x6a30d759d7addcd32a2de4b3363ea24e7e774c6c,10
0x6a30d7fa4d1405adb31a1d4301c50ca76842a34a,1
0x6a30d9ccaaa7feb70f2e0ae5c23e4a9c25d4595f,3
0x6a30e066d91e4ef23e2e5e3d55985b663d0b7125,22
0x6a30ea28882daf97efba84c38abbf785047a6d54,2
0x6a30ec253aef087bdcb1c15738a3afe39d6ac38d,1
0x6a30f0a7bb556f0bbdb66d5e67a2caea864c5da0,31
0x6a30f618a497a4d1be8916dfa8a425e6e13196b1,42
0x6a30f720ee74fa91e9281b847829f9337d5e1247,1
0x6a30fa30f9087c94bc11e840074662eb7c7ea434,39
0x6a30fe39c7052c186a5b21d0d0bdd1bf77ce1f90,21
0x6a31004d4e8fa5d5943728ef913f714ee780d159,29
0x6a3101bba4800d8579a9dbc1963eb7fe5ff6a3aa,1
0x6a3104f17f9fc8d3720a133e82df902a19f0085d,2
0x6a310718a0ae6c0ad8ecc5a9aaa69175271838e8d864037b4b73aff4d54f304e,2
0x6a311749156a3359547fe996008d064d3be5159a,14
0x6a311cf75e83aca6ced5fa4c5ccd5e8af929cc09,1
0x6a312106823ff5267e8282185337fe6de460e2f0537b373871c869091f241713,4
0x6a31220fda4dc74051ef4b353d082b5a22b99f0d,1
0x6a3122cd0b64a3185f7b79015c6596f1317126fa3dc32816c8cf21bdf05f1a5f,2
0x6a3123b0893047e8f0ef1d358020a76f0cf8b303,8
0x6a3124745674f2aa509386737946aefcd2bdc2be86d830eb3e06b8ca44326bce,1
0x6a3126f3659d18af2e334c192b97fc6fd115b3c6,105
0x6a31294a4c2499f18921ea711a35bb53b06661a195d62eca6c1469a8d4a87d91,8
0x6a312cfd11536eac1077a41d9302571ec0035861,5
0x6a312e0194ffe7775e15e2ddb509653dca984baa,31
0x6a3131b7726ce51a0bd7a69b63327a88fcceb4a3,66
0x6a313409c3a9e9152ede75949219350cf1505556,1
0x6a3136da45a7bdbbb02b63566a5196c815e93c80,57
0x6a31380891295b057569502b8126ecdcef1f7bb4,22
0x6a313c9509db23825f2f6e438afee0982b5b5865,36
0x6a313e8ff5ac6488b8d90617761baea45d0645d0,1
0x6a314157866f4f598901ef5c1dd118cd595f1fcd58dc5871df335e8f5d35789e,3
0x6a314748e8b51eff769866d1317ea106242df7e68e8830fdc0a1fb4bdd343f17,3
0x6a314e22b3f67773666a3566c4eb8059e0ee819d,1
0x6a314f4947e35fbe19f155480fe1bb2f933c221b,209
0x6a314f918bb429e8f665c826dc7e9aa0e87cc000,3
0x6a3153e0356ca90fe4e3f325e71f36538540ec09,1
0x6a3153fda1c9a199ebf2907215bfea85ec198af880e0a32699cfdf02aaf7556d,1
0x6a3154a1f55a8faf96dfde75d25eff0c06eb6784,5
0x6a315586d03bc2aec199c202369870f173bd3478,2
0x6a31565d83d325bdb7575430bb8fba65deec2373,8
0x6a315bd941509a8a4e8a460c575096291ec486d5,30
0x6a315cc51e2851523dfd81d23c91f66500151956,1
0x6a315f8612b9d4ab99cf6b73b79972a8341c78b4,31
0x6a3163aa1cdde67a553142bc6b15a7d138723508,19
0x6a316825a6e8a163e4cb18cfc6904dc72ac50ad8,31
0x6a316b27d8a36aaa4381efbc4c50cc143f76af5aab85e1cafa28206d970e9452,1
0x6a3173a88b19dd831f6fa737a234e4b5b403ed62,12
0x6a317a801b3d83ead6c6c5cf6a57d704166a1ca3,2
0x6a317aec334b2fdae551ccbee87f7cce04ade51f,32
0x6a317caa0073dd9e94d2e08b4918d19d9f6cca98,51
0x6a31800629088c0ec2ee588824fbf3e9857c1819,5
0x6a31858722bc10249c5672df56fb1f65a9a28d9dc72208a8c1f8a40b7425aa53,1
0x6a3190cb218682f1d5283a806fe8b9ac049d8e14,11
0x6a31922ce8064d0b18b9b7a02127ecc7c21ddf12,1
0x6a31942931de69ebe799960971b4d71c71560105,34
0x6a319792a18d5cc3d91d1aac23dcedd271dc7e5d78d6e4734e4d4188689ee959,18
0x6a31987b2f593afe98dad43340ddce33e5fbc15b,124
0x6a319af5d4edc999e07bee8c175f7ca664312560,110
0x6a319afc88069650c4e4467f4b851180656e3d93,58
0x6a319b7407cbdfaf63628ce176c23b6652ecd5e3,2
0x6a319bab58bbced1038d6a86aa21224a1ab92cb8,177
0x6a319d0bae5c3798a7e6a15fb6600dfa91ce0932,47
0x6a31a0706e506ae044a78e21c1549556c95c8213,9
0x6a31a1c08789e90a71491523b0632ffc12787825,36
0x6a31a3d08a862a3e9bcdd9b6e6fe9de5466c4c12,30
0x6a31a48b64947cc83ef786de71be2ea1bfdef3d6,1
0x6a31aedd7f53d52349aad743698277b1e8ad6357,64
0x6a31b14e0220423116dc1bf64fcec8c5098fb13e,3
0x6a31b2c31e7dd7416dc048ad2c6b2e57223282cb,8
0x6a31b7d8df2b83bdab881b1cf7d5350ff02fe93c,98
0x6a31b7f3330e98a2d73da86cf246008ea2b219d1,35
0x6a31bab3da80f0921c9604c489b92fb95b46f45a,1
0x6a31bc1f46f7a988a14a37677454b0204844eecfe1413a925e6b44deec105e81,3
0x6a31bff702ee657577debccea0735072e4d5e731,1
0x6a31c02fcf0e8f76ee915ac1e5113123218907f5,1
0x6a31c2a65849dcf276949f4979bd338f83b82eac,14
0x6a31c360fa4a3bd75eff61fb7920fe51d3c1c824,1
0x6a31c8ada2fb8b9c62e69cf4686b44107ff21838,66
0x6a31ca478dfa3f94d7e717662d41f1a86776ea02,1
0x6a31cc3df8793a8e6fab7fb7bb4748bdcfd1f4e0,1
0x6a31d0a10745b3759c5a658dd3f51a39f46f819e,4
0x6a31d41edb50043fdba73b8ebee194d9b9d15346,128
0x6a31dd86ef5cbb39b7ef6a826f64d085e235b004,41
0x6a31e2bd9aedb7a6725df4032d433c592c65df89,21
0x6a31e66852e331666ca0539da1a21fbe2a5706ff,1
0x6a31e8d330d4e6f1d600b66ab65d09817b2c830d,20
0x6a31eaf2076392643ccdd85ff831c01ea96915a3,1
0x6a31ed13b880e6c04c2d8fb48e9543d75c4d2992,58
0x6a31ed7d55f0c3f3f28420504e0085aa32a5ade32f56d36bfd5af9f5ef130ed9,10
0x6a31f1c8f403769557f87af47796f672cac70113,64
0x6a31f277ffad8ef9847a1deebcf8e913eb05eb8e,177
0x6a31f6682c4c80d18c9b8cae1f0d26a7cea7c182,5
0x6a31f6d5295df6ef87c991b30bbf58ff7800b53f,2
0x6a31f7968e8c32f0fc3f70f46417cada680b5611,14
0x6a31fbf1143cd83b325f1840298e62210ae60590,28
0x6a31fe1ce5d217e81b1079e0e123f00073728e14,58
0x6a31fe281622483838ae191d697ee9447c95745f,3
0x6a31ffdcbf641b36b99db289c27bd21d632012d5,412
0x6a32002c5c46630fd7726cf4ef1db28c686ac201,3
0x6a320112ff2dcb74f77af5826cdab6d732047cf1,23
0x6a320398cac62062a5663b90c732e36748d8dec4,44
0x6a320638c885e956bf731a174d3886707d806779,8
0x6a3206810290a65e5a8fdeee1d93229f98ea17f5,2
0x6a32087ce6883b16e98b857f834d7090aab8c943,86
0x6a320892c98c93759a6a7ec171f19a56e2dff9bce54d85414cfe4f5e61330d0c,7
0x6a320dd7437a1dcbf8c9067f5334d231ee4c4bcf,19
0x6a32173565af0917e7f414b9c9b3ab1059eb47be,64
0x6a3218cebfc7fcef7e264014fa0961725b9e04c5,148
0x6a321c39aa5d70f7497e3945ce2f3f89c9b9361d,114
0x6a322091ad1ca242303872b33c36a70f7eee5ac0,1
0x6a3220b8f83a8e794c1c8b244da6ab5850ba0315,45
0x6a3226549a79a4d2a535fba196854eb64fb8f8ec,38
0x6a322697b5fafaea2dd8aa4c8d36ca7c575bdb16,16
0x6a323a7922f4759636f44bd13e13e597d5b7c2a5,1
0x6a3242541b00fbb85b4db2b58e6621d22fd3035d107e2892c799aee3bb8b06b5,2
0x6a3248ce5465f65b638ecd0a48dbece21b8be9d7,48
0x6a32497e18faf08177674d0caaaec191306152ca9bf64be64ffe9b23129c7da3,1
0x6a324d15d89f740fe53265af2091bd54f38e4d7ef5c86e2eabcbd24fa57b266e,1
0x6a324e77124b5775fc0a359328872d9068136d3e,177
0x6a324f8fa58f4ceff622dddcf2c14fb1b39c0649,11
0x6a324fd667df0b3fdb43405c9a2af1e72d2708bb,10
0x6a32570e4e7860c711b76ffbda0604facc804438,2
0x6a3259d045b0c4bbbdd9b561bda1adddc62180e0,2
0x6a325a15e23bebb32ef5c1a4d5dffb99da3c931c,15
0x6a325d14750c5459d6274418d7e86aa2306b4024,49
0x6a325fa2f760c6e3a254f01d9938916cbac964ce,1
0x6a32609291052d8a5fe4b5a7110cecb7bc0291a7,14
0x6a32623e6174b66954333a25efa82479006160a7,13
0x6a3263ce7b704c10e8d5d8c6da6e37236dbec9bf,1
0x6a32644612f309b623a216245e86cb100cf416f2a1dd9feee1c8261787030c53,1
0x6a326a3c55118919e9c007835dbce9452fc5b9f5,6
0x6a326abd61e83a040e49a1afce920caa889b71a03bd921ed6885efcca39a31dd,9
0x6a326b7da02d68cadf432eed00efd5a99eed2bf4,68
0x6a326de093764bd9b2b47be6cc8c363e12c6feb9,4
0x6a327614f92a2a053bc780868363f03be26fed21c9d231c9b4a603c2b80f7c82,2
0x6a327c8cec511f2971fb21a4f9763d20d5ff7fd1,1
0x6a327caeea264a452450f238c4807212818dcdfb,32
0x6a327e6a1fc2a80017e635afeb06a94ac18fe1d880e08d3cd97a0e867523aa31,1
0x6a32813bfd74a6aaa3c2badff4203bd4df03f1b8,1
0x6a3282d2249d3c33f27ee93ec52869406c061416,1
0x6a32857d39113925065c99d74cc9821d7559b755,12
0x6a32875fc2842e30cd78720dda92f4fc25e25eb99332317babfa9e515242a4d7,1
0x6a32894029250986f583f9d8d7cb91af3884ebba,21
0x6a328a4d97b031aded82c8073b2cdf3115b00461,1
0x6a328d78227c38d5dc566f68776dbc98856348a7,1
0x6a328d9702b0c6ce88abce38e7991a2b905dd7e3,88
0x6a328f21463ad3a93a35986f968b6aa7bce81910,5
0x6a328f675eceef96e0739a8c4a7017342a256cce,79
0x6a329233d4828f14315f8fce8c0a1f5337796043,40
0x6a3297021a022061bc4df3110ea7b66383210a1f,436
0x6a32971a6be5b97d30e149bcc6b9efca1a04f8a9,14
0x6a3298c3d52386a23db84280254170242b8537f9,32
0x6a329b50148f1417cb32e517b7b077a5c48ef67c,17
0x6a329bccf74b75f016cb63a9e92c8848f86a6614,2
0x6a329d8dfaa3680a3584abc046d4720597e53d05016cf82899b20eabdce7285b,2
0x6a329f0b46dc56c9db561a27940211396b14a7b2,38
0x6a329fc9549925abdd83d8681126b9503ff9de43,35
0x6a32a489f4a2814a93e059c8378fe7d069d665524ac79c24c8d5fd17c47a487c,1
0x6a32a5380bd3602ed3849d5583a62bc62c513d56,4
0x6a32a9502ea68f290db74f1b38a12b58b3c1bb66,3
0x6a32b292e0d4ba558982edb245264be6aadee8b9,16
0x6a32b4ad41624cbbc8b196c8c1dc772aab3a98f4,45
0x6a32b70a624f8f52176482bd618497554b89a988,9
0x6a32b930541b61828d530deda03dcc5c1e884d6a,155
0x6a32b9622d979b5c6e85f4edb86d23934b28edf7,67
0x6a32c1bd22832f31202fbd75d3994fe017802d22,1
0x6a32c7e8cc5528fddea633178332684bd94e8711,2
0x6a32c95ed083bbfc312f082a51be767beb8fafbe,5
0x6a32d691cb8f48e0e27ba2c82d2c6b807fe071a9,1
0x6a32d90a2c94273e90ffeeaec415b37d3c64a26c,2
0x6a32d9629bfb2456c50dbe94060f63f34ab24d40,60
0x6a32dad53200b5511ead221672e10e33e2e76614,2
0x6a32e2af9bec533e3994675674ed6b26f64fe605,23
0x6a32e4124c37874c45a62309dcaabf6319b5d745,4
0x6a32e52bd506ed4cc17eeb40599babf81b763fd4,1
0x6a32e5cd6c4b284ced91674c08db1d38d3268b69,1
0x6a32e5eb25306ba9fe36de122cb998d7b769fa3c,13
0x6a32e75f7304d3a92008212b0a3125657526ff6b1ef97b4edd0b9b299742ef4,2
0x6a32eab615b76c22f18adaa9f3a2cbca03392a59,14
0x6a32eaeb6335564cffadd03bab38fad8d0f1f53f,1
0x6a32ed7a0921622063d5a33dd0ec81e99be290b7,53
0x6a32f03d42646fe9c7aae9628ba874911964fbdf,1
0x6a32f055e133010a214269e4c059c07542b034e7613866e4b74a897759b58016,1
0x6a32f12f51600e94a440b728288164e7cae97781,142
0x6a32f4780346297e1ef66755f76d4c5fc086db1f,37
0x6a32f57ebdbbbfb87903152720f875252ef6c6044c89c2d1fc0136c2683704da,2
0x6a32f6bf0d9e57c91a1daa9d091a4a8aae4cb092,7
0x6a32f959517a33e0dfed2029c2b15b61a2f80102,1
0x6a32fde9e37c9bcf6611a922f1665654deb5a3015749c276691bca646dbfe05f,1
0x6a32fe4bf2de255006ec4fc355b63269af46dffd,76
0x6a33008cd84018cbb20a9b70cbb0d6d0ad6cb092,1
0x6a3304763b62f9652c730e448e4b6ca98ea4355d,31
0x6a330538017fc50939d77c579a112ca47ab1c88a,6
0x6a3306343bc56419cf79029de895c4488da6a1d8,59
0x6a3308dbb2c3fc656f814043adeaf1c61faabfc2,1
0x6a330998262559e25f912831816f8892859171582487ddfa091512d0033dad03,10
0x6a330c4339ca9c75e427e89bcce1cfdd0bc51c24b4b9dca8dfa609651dfab61,1
0x6a33139b9e1990fa388ade00cb20c528ef5ba3bfd82d27f5e942861b95625c9e,1
0x6a33150a9b3023e0c989fd0c4e501a328cfd8c41,1
0x6a3315b155d25cbb9bf439843d491547929a1376c2f476ed6f18bf344fc7fa5,22
0x6a331bebcc8ff6ceb358a98f626838d61f906e08,1
0x6a331e25dbf3d05243860679cade92e7bb8c5e7d,2
0x6a331e9fab89a37ada100bdf48325906f1d8169b6c1de6a9b65170deea7f6abf,1
0x6a33288fc769e6afae79e11b967183b90ae3848e041d406ccf3ac010bf85447b,1
0x6a332a1168ee881a0ce88114e9bf10443723701b08e971baf7c0b844c5777013,2
0x6a332fccb2d9a1a2c4922073b2185a78d7536810,20
0x6a3330d64adc496fef33cf502c3c78ee9f68cb66,44
0x6a33317bb7a3f02140a36d512b9653aefd9b072c,1
0x6a333578c798a01fd6708473557dcd755b439268,17
0x6a33391204eadd96868b080e1f526e290a0f451c,25
0x6a333c47b9dbc587a19346f3ab1302500b74b135,5
0x6a333d1cac7a13e6050362c64cd8b48bb75d845c,3
0x6a333ec08cccf4117403cd9362ab94998d46134e,2
0x6a3342bceabffac30f85e1327ae7901969d48c5a,14
0x6a33473871710cd8e679471084205a0fad55e5cc,2
0x6a334785a76d2c6ff615f8bb1b051ddca54e635e,5
0x6a33483ca68ee5be9548c1d5e475c02613e82c90,13
0x6a3350a49c51068f746a4c1d7521152f17eaace0,2
0x6a33538342318d85a1af5b6933bdc22285bf74af,28
0x6a335594ec34fceb65f5974610977f33a72780fb,1
0x6a335957657918f4a2c42ce5cc69e868a7d28946,4
0x6a335ae5e887193a23061279620a4e798f06aa7f,41
0x6a3360f7964169d7012996bf0b52be87d98d9f61,3
0x6a3363166317642843dde189cc0d5e719fbff50f222e30fc29f1e7b28a54934e,11
0x6a336562764be21a9ffe7610b0ac923e84315483,41
0x6a3367806a5b24cbf4758f9c24fda49b427ea7d4,46
0x6a3368489aaeb447fc270c760e98e8258e2e6d71,2
0x6a336b95dab668a7a89cf9742a1780d703b466a3,9
0x6a336bb2eccae3850836635fe67ef729158392c9,3
0x6a336bdf8c42bb4f8b89868ab9d32afdb7ee08bc,29
0x6a337375b09a0122fc8356eaa23029603d04f6cc,2
0x6a33784b56334fbcf7992c2a772dea8a5cefa6de345029d6be563f061039d17f,1
0x6a3378d980034ed1ecdd692aee83e3fb4d2cb79a62bd779f3d938199f066ea2b,1
0x6a33795c9ce045d9c5a076a709b71fc8af42dc9f,76
0x6a337b8d6cac08fbd4d4524296c6c86ffab5acdc,18
0x6a337e46bd0d2c2632c88586ef564c04ee216d7a,1
0x6a33829fc8075b29c59f9e2eb8b0c0876ae39224,5
0x6a3383079d46c6251f315a8c119147f2ade8aa23,15
0x6a338689af92d3aed67a59e43d7fa667bf3539f8ebe43d605e2fc1d3158b2450,1
0x6a3386f8761fced30f6d6293fc19524442ae9dd9,1
0x6a338cc02d15d67ebfc666a4d04d974875d78427,36
0x6a338f6a77a737841b91c876fadb77074e2fbd50,44
0x6a33957acefa6b9a1c937a3f85f81124b4a466beb3acfc8befc895765e5dde6c,1
0x6a33960b9101988d4b8213c86fb594a809f96957,72
0x6a339f50728b79fd6671abcd7db56b0b109ae0ac,3
0x6a33a0edfb815492a2f09e83e52b7fe60b2b8ec3,1
0x6a33ab35c48f22f5590027ee972fb2f39bd37cd2,28
0x6a33ad0d745bb508b8bbb795f1dfdbbe6a38e2b4,3
0x6a33ad545c4fd8f406107ad36822ae94b6fd1398,1
0x6a33af6f10b4a27d3981855f7da297a8c1481ad3,2
0x6a33b394f52309d6f8f189c104d6f4c460f3ff0323fadf39cb1bd55d34ba757b,1
0x6a33b4acf8accbca6fb52fc7ea60a7d57eac942d,1
0x6a33b68894c643a92b94a95b6d950add64b2a179,26
0x6a33b8eea30c0be7652faf914029976895cacf2c,1
0x6a33bb4f7d3c383c6a6270419390a5e8af621131,15
0x6a33bf4b3823fe9b89211ba117d02396004ec239,20
0x6a33c6ac326f90695ed337b88caf7b4851cd0230,44
0x6a33c9b0d167583d5d6871926ada09863eb6279aae1789e7edb878978e8b4124,2
0x6a33ca8d1ee0573c007de25fd73dd06aca793413,1
0x6a33cb27bb6a536af3dddc4d9a904c01e67eeebd,9
0x6a33ce1aec20ea020c869ef2bfba8a32a99d43c3,1
0x6a33ceba86ce07ae50d2a3122ad6c432e3afd39d,429
0x6a33d28d7f1e7ccad132304a6abd87336a7754fa,75
0x6a33d2ebb0fcb8742c2e910ca57ed855ab4fb263,4
0x6a33d3447e1f910536ec0989e1b7b172250d2255,5
0x6a33d89cea4ef86f82fa164d951d76d64121f1e4,35
0x6a33d8b5796553b1e241d59fa2db2e9d82d7ef63,22
0x6a33d9b67295449466d1c53e238f835d7d3e2c46,6
0x6a33dab2ded538bdb0a91f8206fb8788d072e1e2,1
0x6a33de3f2ae273120a0c26a360b90741b1a447c3,48
0x6a33de724f6f21f8270fddc1abfdfcebe1eee68c,12
0x6a33e410f8e7c8ab706de322c1c866767a5aaff9,3
0x6a33e623fac28669eebf9d65fdd0fbdf10688ea2,13
0x6a33eb9f74e5ca42d8a414d4082aa2f3ef166d15,2
0x6a33ef618894a542d4176703d80c3d3807290572,10
0x6a33f005bac9a4788d74e3928bfb439896f4ae33,12
0x6a33f098566a838c642ff2af8d359287b2c7b6e4,9
0x6a33f2270da0eb91df3f8c820023c3af44d456c4,24
0x6a33fc21009beaa67f2ed09feda0dea05e543edb,1
0x6a33ff160c6eec7c2769943e3ef4b556e71db11c,26
0x6a3402820829db2e77999fa5a98081d20dc9b99a,1
0x6a3405048df57e13af778fccaca5f58553b0b904,51
0x6a3408ee99db22a057f4e6606a1c1b5be17293aa052878253ee23c4d7a56581e,81
0x6a340b3233f4c613c4cf58c9b1caa949c1113dad,1
0x6a340c76e29ad71a6fb8980784ce2e053ec2d0c5,1
0x6a340dbefe15a957a62d786a89f463c838880745,13
0x6a34173353b6a80e769327e53400af0700f5557fdd26b169f7ff315d013351f4,23
0x6a341849192368f0a9153d23693225dda3036667,15
0x6a34199fdc3a2ce389255fb1caf6bed477a479ca,6
0x6a3419dd3f42d79ab54dbf2b2b18ad38244ffbd1,10
0x6a341ca3e8bcbf78bac0f8533df12d1d6f74f884,17
0x6a341df04c9a266b37f027538366435e83b0ff59,8
0x6a341e131f2a11c253e33096c4f92c9e135725e5,8
0x6a341e1da0c28c167aa82141113bce57a010d1dd,1
0x6a3421524f3d36a255df909865c34b89f571fdf1,3
0x6a34225fc9c345122367f9ad800f521ff7fb17b2,6
0x6a3425798e3b38c35f5574fa70a1deb99b3cda6a,1
0x6a34262f85693b1f5c4a170c2ccc2d0b8a53e44c,29
0x6a3426c0d618d8ef95c79b10f3010197b29f39d1,37
0x6a34309700f19761b83ddd6fc3512c74985304c2,10
0x6a3430cb338fa02310712812987329a033e10465,3
0x6a34310f8dabd1531937ce776e9078b4d92ab917639529e4dca22d0df8065834,1
0x6a343479bc63c4d5c4332f1121deb43ba6d57de6,29
0x6a3439667377a585d19f7c794478290e7c71c90364f24854c51fca5fb3a63e5e,3
0x6a343f89d87c708a38a769a10eb0f394c2fa223f,2
0x6a344228af47b6abe4df4d926d3bd966fc48c558,20
0x6a344a239f33147e314a1cb5eb50aa6f7d45c1e8,4
0x6a344b63a376b3e82031db399aabfd6d812ae59c,61
0x6a344b7a0b49a44e48d1302f1a43258fc1961bba,46
0x6a344c26fd4e2a994773eab200ff441d01437a03,44
0x6a344c4d282246d4efbde49c61d9c1feaf1c0c40,1
0x6a344e818aecacebf3189a72b5fd3cc9c9394e0b4f238a88d5391cdf1d5faec1,1
0x6a345b89af473b57f50c57d597971f41823b40c6a181442aae8455656c9b1ba2,1
0x6a345d06d97002b9a58d09c1b4672a333128249a,1
0x6a3460b7523eadd2de6dc7e8b96136d3eaecbe0a,22
0x6a346113f9e988d8b29b62c319f0d8dc98ba59ac,1
0x6a34617185775b69b2c93efc6d83a70ed3ac909e,3
0x6a34647716d1e48478bbf1b180661b52e0b72b79,1
0x6a3481187eca09c9c4b493752559dbff7489f488,2
0x6a3482cd4dd6391e2367e0b61fe81427aeafb691,3
0x6a348356fd25c65319907d6d48ae734c7b46d624,38
0x6a3483c9e2b6dab660f1f0548abd4868bf878056,57
0x6a348670d1d142cd8f6b8da1e69b82bf610e4fc9,3
0x6a34873d0eebbb0789433539aba60a616766637f,2
0x6a348b130eb55c2c0d954aa47a662c13c94903aa,11
0x6a34902a1238de41cf0e5bd7510dcdf0e14e37ae,1
0x6a34916648f981b0ce228b47fb913b4ed9b84b83,1
0x6a349bfd0ebfbfcd0087e48159ac8a8e3578197c,92
0x6a349f0c13e5862081bb2b35f608a15585a63b13,73
0x6a34a5201690214b50312b04bd80be437d30e203,30
0x6a34a63c3e0c20f5a4293119f65192db4bae9d5b,2
0x6a34a7e5c9c5c5b070442e2c37fb9db29a2f0e80,214
0x6a34a86d9822b326cf298527da45a5576386df59,3
0x6a34a8e980f52051c5e2e15ca484e1cb233d8926,5
0x6a34abe1f8a945c039082da03a22069b0ae6acb7,78
0x6a34ad8a07d15a2099547f88843fef435c0fdef9,1
0x6a34b041a944dcfadecf487342ee01cb20ed4d45,97
0x6a34b08081f6b9851b26043145528ab219004c9b,3
0x6a34b385dd9056f3cbeeed1e7ffe1f78a4b52df9d2e0ceecc1934a9657a11532,6
0x6a34bbae858f4871afa22928cd7dfd49b899334a,1
0x6a34bbb3ead5e27228639d90c6eeaf4b529e4b26,21
0x6a34c0e9e5957b7da5446e42c4702e3754687f01,17
0x6a34c7c0a9d64eb2ee85ab971b58252a52684f39855251ec84b2686198a9a6cf,1
0x6a34cc54beabde7941c1e3b36c9d0382e916a7c5,32
0x6a34cc5dc230ccfea4c90b585c98807b5336ce3e,63
0x6a34ccda240231c2f8f4b46c6479b9a2bfd452c8,22
0x6a34d47a8dab899f72546344ad6b40767cf66cc2,59
0x6a34d5cb37256e1cf06262874d4dfbf3d2194dc3,1
0x6a34e4176a2da662f6089118e4314e9776d4231b,16
0x6a34e483ff950a61d71066fc63bd66eb80c1c8c9,1
0x6a34e7e1eddb4374866660c7aa201f6696517bec,34
0x6a34e934b3685ea1f921fea9d8d1f736d5e39efb,7
0x6a34ebfd6706024941024747a6a18f0c121ec8cc,64
0x6a34f90ff08f5d39e6ca0cce1eea4cb2ce5e8ccd,1
0x6a34f9266cd89ccf2d59d594052850ba7296ef20,2
0x6a3500eb9949a74f00db378c56d6456f71e7347f,19
0x6a35023b2ddd103e7e98b33eb9414a11cd054c99b72c6c67288345d495165933,1
0x6a3503ed6c08c41dcf2caf63a5917b129507a77b,2
0x6a35056130c138940a35947398cb0ea0b399fa6d,23
0x6a3506e7999dfd14943659b90c5468463953b518,39
0x6a3508d78a5292dc9b1ff20345aa0c7399049e4a,1
0x6a350ad1885c44a345aac89728b64ea686e63a02,15
0x6a350cd8793ec821d67491ba1c8dba7e8685b44e,1
0x6a350d3df68800a18bc3658673a93038bbcce3df,116
0x6a350e13b71b71f22166603e0d8e3c86ebcc4bdf,13
0x6a350eca05f1a4f02e55e7e8cbdf3fafc637bb61,1
0x6a3513c819f2a324e6e085fa5f52d8a875b69ae4,74
0x6a3513dcc72a9107ef6902a79b6966a9c71eca77,1
0x6a351454e4ca84a4b982efa8acbf2cc8abfbc513,72
0x6a35172d2d3d47e15acc938088b76dcbf3d72c8e5d63e490c472add7432fffd4,3
0x6a351c07ec5c9d9caac1d6eba1ce871e0fc7420a,11
0x6a351d5094730877a95d82790c31839f26cdf044,13
0x6a351d5f52b99f241f48e9934e25a7850f2b1927,29
0x6a351d7560db0231d66e46363f04b1b2004a295c,11
0x6a351e975cd3523f9d35d1a08366319e32324e99,65
0x6a351fa4a8bcd282ee149c5a9249eb9e40e04b77,1
0x6a35223c85494a066a085d16b7cb5e6b34297544,9
0x6a35230cc0fc0b4c3a4d86219366127e0f4b7729,113
0x6a3524814960359abebfc75ee4ede2e096235cc6,4
0x6a35265757079be0db738c4495c50171e9538d34,105
0x6a3527462a8b2e4fa308c29adaa56bbebe5bd8c5,1
0x6a352cd6dde0a46b0219168349fbc181e6de50fd,1
0x6a352d397e37faac70ec3db1dea194705519fe00,1
0x6a352da920489069535e205d97608d29bb45630d,80
0x6a352e086028b6c8189830d79eda481180878dea,60
0x6a352f1be61e4925c7b5f923967acf33ad902a5f,4
0x6a3537a142f1e401cf36e1d32d2aba2b8297f883,3
0x6a353b38248ed3c981a0442b94b9ba9b2248e96f,1
0x6a354275709ce278cbd4d287bcec1756265cff9b999851aca9f56ed405d927d7,3
0x6a3546915a336500c07d2aab2118a27ae3fead24,3
0x6a3548ea7b3753a80a69a76bb12d5b03539fd3be,37
0x6a3556720ea0610e3269c7dbff5e9a855cca14bb,1
0x6a3557134a8110209f6878e6f3dc557d493a878a0c4890169fa6acfc440641a0,5
0x6a3558de63c7646299480286268d8a8f4069f7a2,26
0x6a355970a49a5e3452abd913e8441e24bd26dd5b,2
0x6a355bf5419449dad5a40a52cebcc5a90bf0b8f1,1
0x6a355ccfa3a4893de2eb7ebe81f14199baf9fe13,1
0x6a35698c4e970f56310ae0dc869e11d954b36e90,15
0x6a356be9b82e09bcff191baa639cf6012c63addd,1
0x6a356d4b9fa7df2ee55386df0c13fed355ff1c40,1
0x6a356ebf38f62ffe00c8d14572d1f2d6cfb6043c,1
0x6a357203cb864bf3a323db2dbf63866437fd1c696fd82b3934578309644e5fdb,1
0x6a357396abeae78383cc8a23c89ef6f7c55c9ee3,110
0x6a35741aef58fd2d9d6e9d9b92fa3fbfe2e95b69,29
0x6a357472420137a4f1c5721f4c5490b09bc54081bf584a2fe57cd4b737e2be43,1
0x6a3577ef5e3f77cb8791e7c658fb202e2474f7d6,1
0x6a357c04336d33ff4e41faaf0837b1f8c83b34fe,19
0x6a35807c5faf5c4f1fb7cd33e770810901bf89ce,27
0x6a358caa25ec7452c1fade5b56529146fe4f924f,1
0x6a358d3aefdf80400b7ed6a7a1ec1d34b8f05a71,38
0x6a358d40da2237627e3bb2854ee052afadb3240b,54
0x6a358e3e9c7d260f1435af27c3f4c450f8bd7644,10
0x6a35908f4f1b48ee7cc842294b93ef23d8c60289,37
0x6a3594311a2733673796c2e92ed1e8c2b47b8e7d,2
0x6a35959d3069c4ad022406c9227759582684322a,9
0x6a35974956d7525d83201743b6b1ca7f0db7650a,39
0x6a35979088f0ca011002caae83d11fb748d1a0f8f065b067f2974ba2d4c398cd,2
0x6a359ee0f8aad6c00769a70836896f1369a8e3e10d13bd5b561a3299a66a5b84,1
0x6a35a3772544c09a83f81d760b31d7c9b499289c,57
0x6a35a48dee2f6572043498eae93ce8f3087a66da,9
0x6a35a5a2519b2e4d4a7d95ebd4870d0c0e458cd9,1
0x6a35a7610af8aa0792173717088ff57dbd0755fc,1
0x6a35a7c8024da20b268497c206c464337420dd0a,1
0x6a35a82c1f715f49414cf86fef46cd99b6cf34c9,35
0x6a35ab26083f966a77d67becc76274ae4f56acfb,12
0x6a35ab41ad4faa168df21f32d93801f6aacdda6f,2
0x6a35ad031c6f7169adef69fa6b6951f4c67ababe759d5b73cbee9a84e114f159,1
0x6a35b1b4943593320c3f33d8caa0acd91ea4cd8f,5
0x6a35b293c33073827aec96ca720bc0eadd84787f,41
0x6a35b4f4255dfb4d489a79fad37c452c020a3ac1,7
0x6a35b5124e7ef500028a001067ac3a7a0a86c1a4,12
0x6a35b62495c6cea7bb7b5c334804e6fb3f9a654e,118
0x6a35bb01afa8f5d81aceaabb830e6b5f06f202e1,1
0x6a35bf19af69c6d289362cb79ce06e37b9ec4ceb,1
0x6a35c088b9f0bc3609ea22df0fb713bea3f54620,13
0x6a35c0eca2e24e939e782ecdd0960484093d2eee,1
0x6a35c5bfc65cbbf4bdeb1b9bf7292ec2ca23f99034423beb785daad1f9f17268,1
0x6a35c5d4c551bdeb823fccea14e036b35bd265dd,55
0x6a35c76a453ad222fc672a2293e7feb03198016c,1
0x6a35cd12f2e6e2f2e990f965fb663759b40dfeda,1
0x6a35cd68103193740df85ff6a74d57f234342c11f4f9db6b74e1180a2a167e6a,2
0x6a35d29c916436a3b307f31788f06eedea13db71,1
0x6a35d76e43087e4d0bffbf00963a7ce1ab7c6503,80
0x6a35ddabaf72c8a0bdb73e3d2e9281e752a26f84,4
0x6a35e1084c9cf97726940e63119cbc8fb958ff39,1
0x6a35e847715e7c3322f9ec7a48bf54506e911c5b7c7cde9a35e4d19f22bfa339,1
0x6a35e84fa0ac5b52cef5b77df95e2858d0db8addd49187ccdc14e2cf001a883b,1
0x6a35eca8e4425b9052e00ad97bb8f6466606187d,2
0x6a35f13b445edb58e7b6e6689a745984f142e275,13
0x6a35f149efb8513d8a4618507b259de7ac82f28f,12
0x6a35f23d0837741251b609e9d35b2ce6f806fd0a,1
0x6a35f2ddec1c43493ed0d99e1f82f30cae259f27b14bf453eb37709e01460456,2
0x6a35f43d81fba4345c049eb6922f3615d31b1609,1
0x6a35f60a9809ee8d454fc428f0508a48270eab1f8bd415edfe7ba34abd4857a7,2
0x6a35fd377680afad67be0b40d6f7f20f14d99f69,39
0x6a35fddaf9a7f09b19b7bc02e2b055dc8dcbdd95,29
0x6a360be5f44ee524571b6168e4b060ad0b8801ed,8
0x6a360c5a2647f575ba77346d76608cde687bbdf2,64
0x6a3610ff82964cef6485b75f25fff0382df10d8faee25af278492d1407e56d13,2
0x6a361238f3af0f59049e4cfc4ae5f585de422e0a,1
0x6a361ae8b6425dcf4b5ff72104f6735b4e2f6353,1
0x6a361d29c16b6ca68121caa98aaf4b771766ce7e,9
0x6a361d80a1ae2607f6784371d251b9055827b90b,6
0x6a361df02a54485414eb5ff8ff57f20557c34724f36e90d8a9501ecf35aa17e8,3
0x6a361f5f766fa6a724584eaa137a60aecc4f9026,42
0x6a3623649b760dd5274271da16274edcf9e722a6,5
0x6a362407716094c2beee329555f3ba1718e25b19,1
0x6a36264807892e64176007da5678e7dfe614fcb9,1
0x6a36290f4ee4185dbd6aa7c3be517414e03db345,25
0x6a362bc8003e366d8ca13f7397ff51e00ce65d90,8
0x6a362cf8714ec886a500b6af6b72698380dff35e,7
0x6a362d857ba6eb5c01975fbcfad383363817e3d7,18
0x6a362d9230e6d9741496ed12fd5ddc18d2da096e,2
0x6a362e5b869b1f69da0569e1859d7ba63fabcec3,32
0x6a36310282e90e152ad266e7b7c6542cf33dc385,1
0x6a3635062bb1ea43a8f72591567275b5037bdce4,85
0x6a363634f9aed60fd689f9bde8d55031bab4aa8d,1
0x6a3637338e00c603e19c0e4007bad7fc82f910701c07300b5822051c01ecb51b,2
0x6a363df66ed728f2991d8c4b33cbd9a897cd111e,1
0x6a363e34434182fbf36a2f421968af132ef14ede,2
0x6a363ecda29713aceac9f1b58aa0f84dbdbaa1ff,1
0x6a363f33a3dbe71507e14687335420b59b061062,41
0x6a3644a7759ec45b3a4b358e4a370430b6575cae,21
0x6a36473e70bdf4ed6d29652e8f70da81d9506260,1
0x6a364bad9db720182c10ed782b21e811501aa375,1
0x6a364cf67d1f0bebba1c23acef47597fd2523f57,59
0x6a36507ca610e0c0502003ca56b31dc67f827727a1a5a4dce085f0e2a2d52da,1
0x6a36517c0930a6299bd644b223ab5eece06cfcf8,13
0x6a365274f42e8341ceb1d8567018c9f97017017a1717f1bb7255f8ab9ace630f,1
0x6a3652f165a0e7d42aaaa7d0f669ab05f9df84f1,2
0x6a36559a15744283eefff876cbfcb5fb7705f750,77
0x6a3657e4aabd421f97d7e7f8a08782094a88de91,1
0x6a365d124d721a6d4d6ee39d250008ac28539d9e,2
0x6a365d2593649ab4edb2c070deef6c25953ae58f,19
0x6a365dc83f1c0fe4bc02c882329e6f87e88bb12e3c485e4fdc5b7cef6199b746,2
0x6a365ecec3fcf34e1389a385c747a6e31587261e,179
0x6a365f008d04a10981bd95b6a33899b30f5d8611,2
0x6a3660cb8c22f46d29aeb151a7173e6384ce8ba3,47
0x6a36664ed4f3f643d6a5e8136b65167faa38cb1ba0e47d24b92b6680633c15a4,1
0x6a36681cb49db0352ef3c00b6a6d495ddd7e5a31b19b6d94e34c7fd4f7392142,1
0x6a366912d1ec9e1dc2b148f2aae926269972f0d1,1
0x6a366ca2c1acd4de1c6c1163cc9f0be324cb6413,1
0x6a3674b7f067157b42730f8bfc2c1f1068560a0281c880b1bc0f34c40357989c,4
0x6a36752bd149f531c4daab411879f98d3ae62021,56
0x6a3676855403f417f58295a970c97dcd77abdb8f97c4fb33fa3132553ef9d747,1
0x6a3677e671abe0f8467c4bc3487b2216eb6b0d68,12
0x6a3677f27ffcb8d40e9353db43d7f4656a5e09f1,1
0x6a367e9b85cf079f54e7d9f7532b1fcd0523d418,2
0x6a367f90d09d7d67b6e0f9b8cfe8efa305ac5d21,29
0x6a368013e3b55255faf6dc7d11e4832d1760ab58,14
0x6a36842472269d1d6952350aa9fe505738804233f07b2d6c76e770f31ecdb1fb,1
0x6a3684d21f24b9604b09b7d6df50c6d7578a3262,1
0x6a368aa930b2fae37fab071b19d44407d4bd3ee3,102
0x6a368fa4ab2267ecda9091ba712a61fd41e8686b,45
0x6a369109a8e9a7d5773c2d1c4de85f4e6854e778,11
0x6a36918a33965791e40d61f265c4bb6b6cd0ee67,4
0x6a36946eaa135e122d1e49458f01f90b801afc31,3
0x6a369569fc398f0a01b894ae8922f1bb3a3d89bc4adbf2c799e69d10ac100a52,1
0x6a3696ea768e382d5aa7f761c455334ef2f1d51a,41
0x6a369a6b9f8d47a82e7c3414122865d31194d24f,1
0x6a369b66fe89438d6f47531bf45a6479fa1dca4b29d260bf0e0167f4cf19f48b,1
0x6a369cab6e8e39d985315170eb60da2d12e6f606,36
0x6a36a2a55fa25624d92d9ddcf1a330c4fd0fdea0,1
0x6a36aa5c5d862a1e6fac1ff3ae209b0702156340,92
0x6a36aaac73a072278b787940c87cb41572366dc4,21
0x6a36ae1ec022f8cbd5a3f936e1e25b07d843cca6,68
0x6a36af5d726bc8945994ef1806769d1d7b577ca3c7ee1d6216dcbb4577d02ee1,17
0x6a36b20c44fc0d5912bac9c2c45be9eb737cef46,4
0x6a36b2716ec80d3bfed28b327b843af63381c388,1
0x6a36b9896c3407157d1098066e49bb17f509327d,30
0x6a36bd75a1b6c81f9bdd4460e4efd12b05e2339a,1
0x6a36c290ed6c74df5090a7987e7e0e99f34d86a6,2
0x6a36c59581c5438bcd829388b02839a5314d35a0,44
0x6a36c8b8ae06411e389fda5f9a5f056873e90d51cba8789fa94d52c9d360470b,1
0x6a36c91305275e94a4d5614f2da8dd3256ad1962,21
0x6a36c9a2052e56543465a0bd57af54d9bfc5ed35,31
0x6a36ca6f3c300afa785744ec2a93a76ad22a6cfb,3
0x6a36cda043bcf7fb0d6c3d3ad855ff36f54022c8,1
0x6a36ce86a1dd47f77fc8d6bbfa345177a913e68c,27
0x6a36d01ba8fa7724f20af352ad49463f6c474dd90df4613fb9fbb3cd33a6799,1
0x6a36d11e7abecde6e3cb74ff636f72a9c76a2b6a,54
0x6a36d21072d758719061960a0745555723be86a9,28
0x6a36d336f18753888708088a7fca81c651c78ac4,1
0x6a36d44b3dca7fdae3989d99207631a29b9477d6,10
0x6a36d50b069862828cf8ab766f0c730c15fe4c1a,1
0x6a36d53f1ca3258d018da690a66beaf6dd12160c,2
0x6a36d85f877b8de05829ad7e4c92b6566819b39ab66e91c16fa55c639016f3c3,5
0x6a36d9f4e914921ca1838238ea63f21ad0a5c073,2
0x6a36dfa593ca4c21e3bf69c70292f39bca727dfd,27
0x6a36e09e3851f16b335271bd2e67481179767bbf,1
0x6a36e5cbde5f9d52d7a0b484f606da169428986e,1
0x6a36e866d1385da565626099e2c0d90cb063843bc83dc14158487ee49549c237,2
0x6a36ebdba3e229a455b2d532861b32b51555634a,1
0x6a36ec86d8216d18c6a2c1cfeab578b4759a3642,12
0x6a36ed113053e108d475a3dc6d9077bebd7aa551,53
0x6a36ed297887de9d9ae97cac5cbd5eb923aac1b5,20
0x6a36efb08f4eea51743d2d3fa5d4bec4ea44f775,1
0x6a36f275b4fd634f54c7723ac66cae220cb907c2,2
0x6a36f3dbadba6ecfac989f7a7edae70385b48ac8,1
0x6a36f5207f79da80a21fde69eee6104a500e7133,1
0x6a36fc27b0b09c2e2c0ab95d2e653b1c0e387ccb,4
0x6a370441766ae17867ca56321599109bf031e29873b28379ad6fa7ffcbd9e334,4
0x6a3704a7d653471f89e9364531b3fd8b3f00d0e4,1
0x6a3705f4e7f5e9f493dbed8e69657037baa450fd,1
0x6a3708c63652359cf4dac79fda6006ddd45f68dd,1
0x6a37095ce1aac6b513811dab26b5de9a64c7a668,1
0x6a370d3202a30890e280bf98f524027948b02b9d,42
0x6a37102f9e503afdfbaebae211b6dd415ac963e3eba5c569b7aaf46acb0d090f,1
0x6a3712dd6f16d2f1aaf5f8945b850cb0736e1927,15
0x6a37136b8baeac82bd89f61758363743f5f63afb,2
0x6a3716910f9df7ec238cf65c7417d29140d7e277,14
0x6a37173ddff309c0d9ed87af08d0002d0c6eb104,23
0x6a3718fec98199bd3f009277eeed716fb01ba6ec,128
0x6a37206883ddcea4cd68e8eeb230c0280df9031a,8
0x6a3725bf1fcea3428dd9ce40a996c44594c98898,1
0x6a3727e5e17d51e30d6e9cdb02e4cc51002c780a2e2065abee5755ec0ddc77b,1
0x6a37294f6f6c77189701c98ab518c189d2eaa382,11
0x6a372ef7308fcb8febab15dd599207a8bc62fe36,116
0x6a373114bdb5d2f2fe45980ecd35d92dee8db81b,3
0x6a373264bbb588a855833db18d2ed679d090c490,3
0x6a37339286ecf8802e889b589d36953b32b6432a,27
0x6a37367c526ee579d5df5151c28f3f816410b00f,1
0x6a3737c12b589f5d2b394ba4b7dccda8dd61beef,29
0x6a37415486b2fbdc8fd563e4618cae7487731a1a,1
0x6a3744ce2fd18bc2afef083927cf36edbd348041,1
0x6a374ace650dafa4c2bc550a80645740532a6ca6,2
0x6a3752ee61f6ca268d29fab1efaffed0e2d3e747,57
0x6a3756cdb0087438633654ef025f0a748a0e0482,1
0x6a37578e4c155244ccce187a4e8d3eec49b99863,113
0x6a375bb40735a5a852839da9e87526a48c485421,4
0x6a375c74d0f17cd26d47250343f67b43b116b74a,109
0x6a3762f18ca6b6dc76d81e961e4847e64623b03c,16
0x6a3764ea8bb58d3b3fb15c6786ed5c65e5f92108,2
0x6a37667157c52d2ab7b320b96702edd2f34dd87d,3
0x6a37667719ecfafba8c922c13ec563de15bd02bd,1
0x6a376cf0a55b128e2160f70b9c3b5c9ee775625a,10
0x6a37707f6a3ceae5eff6e76e197d398530e52f0b,27
0x6a37719c3d7844a8ecc7781b6a2cac6f6d8bee99,11
0x6a37728794b405c96ec575ea3d7ad018e36115ae,31
0x6a3779f54f1d6c73e50781031a1a18e9914e2b05,3
0x6a37807db67295526f92ff59da35882b2909d7b9709cfbd330e360d2987ab591,1
0x6a378276ce68bdf94c29d31e96182d53000a0782,25
0x6a3785e6d573dcc249df7b0b0611e745db2e5424,29
0x6a37866eb1b8f69f6348e00b176e072f281f23d5a226e8ade9755cc59c303d2f,1
0x6a378832c72def01b4ca6756c849f9ee583ce884,1
0x6a37887973302e37556feca46651b6b9d85335678c52d9e0e0919fcc3c4249fc,2
0x6a378e74a6591647adae7e3629798a6ae812f7b3,2
0x6a379a7524fae5fa69b8ecc1558f4648df3bb56c235eebd8ee70e6d303244919,3
0x6a379c0390c2b5311497f13e9369bf182f4b3149,11
0x6a379c22943188e8a4df4103645261a2a1c8d0d0,1
0x6a379e64c752c89d891e2acb7e279aa9c3df19b2,80
0x6a37a14a46e72558ade02155574c004cf231eeec,51
0x6a37a4cc815329ea71cc74bf1ae2f94e9332fe674723102d0d8ca83d7e4b127,2
0x6a37a7d1c26274b0fb93bd37270ab0345511ba18169836661a362725f645fcca,2
0x6a37a7d716fd4d076127b69d947cca53ba620a87,5
0x6a37ab6c7c41a84dd245f05e05ef22443c0a534e,11
0x6a37aec4b3b0db084c1549f07fd1cfdf4edee5fc,10
0x6a37aec631aa2e6b61992b0c65cb95e3ec02a0df,1
0x6a37b0814109a751862dcc0d33df6dc09e13bc13,1
0x6a37b41b990d2c5fcafe798c4815e1852597bc0b,3
0x6a37b52c6002c916fc22d902723f8a475aa6a213,1
0x6a37bb92e48c01cd39e2616c0fc6c37eb550a631,2
0x6a37beb95159f3a842c39da1380cf28b80dcb645,5
0x6a37c00dccdb0beca2d606f2cd261f447813d13c,41
0x6a37c034283e603cefe8b16d3020baf2fa4e86a2,1
0x6a37c4f1bada436bd7cd3d9a833d1d45e270f647,1
0x6a37ced177da2c20fa122702787acb13a1e1a200,2
0x6a37d15521937a9c2f8c221ec19db4ae9a4882f8,17
0x6a37d3c4d748ef6f88fe640b4e68016ac1b48a42,223
0x6a37d5d6888b11a9c28364b028ee6867802c871f,10
0x6a37d6af32426cd8b220534acac74ae24fbbd607,5
0x6a37dc5e15ca8ed83b327aa2b4e26edbcb938a35,80
0x6a37dee0115d36e8a34a8adc0b29e76f22a1f691,44
0x6a37e099b80e69ba46bb65859766ed28300f8dfff210ac5f9b63812a375519ab,2
0x6a37e2837b4c7c2cc6a20009132ccfecb8c3dd4c,1
0x6a37e644ea7ffb0c6a0ebdb188c9e663b5bd92ba,30
0x6a37ea0802f826dfa59acd924e9b30419020ff92,56
0x6a37f0c04ecd08a3f935425772fa758943b38174,57
0x6a37f383ae0f900b4c3cab2235b4ad163a9c255d,43
0x6a37f5ffd919a1fc93e499f5f61eef44ad15fe0f,12
0x6a37f7c0520634de6567d60b6a477f45986e6044,19
0x6a37f8b18b4fb77c4cd6680dedc088311ed8d4ff,51
0x6a37fb67cf0e85eb546b279a0e770d5eac2b2c74,36
0x6a380406cef2cff66be8a0e5423748d019e1a3ac,5
0x6a38053a3ffe2254fd3de037baddcbad3bc39a9b,1
0x6a38064282de4552f37c47d5c97cf33392a84362,6
0x6a38076bc595a4bcfc0eb0b4086d01f6e6b7eb97,2
0x6a3808993be675a3906aeca17a50d9bacb9a30b6,1
0x6a380c04214408913f258a85acfbaa35969f7a456ed5c8ca83f67156a7cde51d,2
0x6a38102503dd0556701e9f89e2f4d9e0e8c0fdf8,5
0x6a38166ba36729a55b98a6cc94f4c1d73f7d50fb2d79e3a0b7b420fc73dabb93,1
0x6a3816ec8da14a0ec9a4d89f70fdf31648838e91,3
0x6a3817c99e7aaeb40f35e9f869802893b46ad84c2f961265c8f7d83e15e0494a,1
0x6a38193a7c5427690628fdd4430c0bf234b3040c,41
0x6a381db6d3194d1ebf5c91eff68c19e710422bb5,110
0x6a3820fe1ea65a7392a53cbe19f3194dc3db0dc9,1
0x6a3825e1a99f641f78f9280e64a56bbc5d88fd36,38
0x6a382621515ba3c0e1d74860eb79193c24b3f308,1
0x6a382742ef29e24894d5362c1974d25748f8eeff,1
0x6a3827c3207eebdc947a593d2c9bc7510e196ca5,1
0x6a382896536c0cdd32b7a2b262c3275d2082c2ef,1
0x6a382a9895e63e2a4174a1b10bee50be42e8ec5c,53
0x6a382bdd6e77853924047eec541972cd20ea730a,27
0x6a3833d9d22d0ed55765ac761a59b0c500821d17,11
0x6a38363fc60bc2ee97b2f621dd6d281c645bbd93,35
0x6a3838dddfa874447119a38af144956138795d90,25
0x6a38391cd748c70a21f16ce9768d535094d66e63,17
0x6a3839d20214fcef5aece7296d36ec571198c170,1
0x6a383aa5b36b643b11e957ec5fdab117e129753c952fbcbbcd3621daf06bbeb1,2
0x6a383c27ef525c49174c6758d6a43354a2afbf10,1
0x6a383e26fe59fdbe7befdd0e58143f32877fb3b5,1
0x6a384d98244aacf010bc89df67ce6aeca5780591,1
0x6a38534cce05ad0239c562de8f022dca7ee27caacc658645444edeea04f4d886,1
0x6a38549efafb9d26bf321864e27b5aa705a0e5b2,1
0x6a385a0b00d4fc7ffce0c63f23f970f65a326fa4,2
0x6a385ac475b5742f3a66cd0874d8a7c1e9b9399a,64
0x6a385be440dcec687c061fe268ff61bdcc83d66b,109
0x6a385f1df78a9e307e45aac009f2108f283add32,78
0x6a38610a24c62ed3687204474baf651c12469cb8,1
0x6a3861d6eaddec13934dc7594a7831a4456e12d2,5
0x6a38652c53fedf236a166f58791eb93406889f10,74
0x6a3867debe2749f0ff24d525ae0529af65869309,64
0x6a3868c8662ada4a67f6a18e538ab1b816cda1e4,1
0x6a386ab113610fd73121c44867b751063b074b20f5eb1440f2051e66b9deb20,2
0x6a386cf006955e562ce966834164a287a034a95c,4
0x6a386e96ef2e3cd4c195c4400e684e464b3a9721,12
0x6a386f72d126a1c96104cf8284e6294a3d1fa533,39
0x6a38719a76e5f7bd79c129c1d9a3eaf71455f2ab,44
0x6a3873988098f996a765f8db26c38ee22f26aa4d,6
0x6a3874a2df10f81d573faf38abc5ca835661ea69,9
0x6a387870f1ab8bbfb0d0122395b5e0ff261882d9,22
0x6a3878828f05e398658babfa6bb10b298e3dc92e,1
0x6a387b8d1b0398e2169d67b5c0c2bf2768727162,24
0x6a387f014fca58dc9ca39e575a43243103be859fb7c18727ac95633db9e62f82,1
0x6a387f692077482fb1cdcec8aa034ffd5e6df809,2
0x6a388132e93abe3e4d9404952426e64fec96edbd,3
0x6a38823a947a6c73381b501ecca552766467b8d2,70
0x6a3884fa667b3490de489022accba31468e4d05b,4
0x6a38871d25a8f82412f434ea6717402c30d9170d,33
0x6a388741507d333fbecba00defc9832d630b5f1d,124
0x6a388812c85672c428171d8a52855d7e0d257e1f,1
0x6a38887801209608fc2ec3097dd43da3d2147881,1
0x6a389149a96a8539e3386d93c06f57c72cc2eb4c,56
0x6a38966b769848629f8772c1736dfcc677bee05a,108
0x6a3897075e4ee968fbef78d709dfc6eb23f6c3eb,58
0x6a389d7bb4869366e542cee2837e3cbe4f0b7128,6
0x6a389d8b4c1f32cdf416bd2154677b60e4dd3c34,1
0x6a38a55b2a918a7a0cceaf4557b398e20bbb3b6a,1
0x6a38a68f4a2bbe7d2ded2f8021ebfe93dbcbe62b,67
0x6a38a9a6f0a39bf6737edfb174a9abc2beb234a6,2
0x6a38b43ae171e21d671b5e02768b02c1f8171f3c,3
0x6a38b8668634b9a49f60388bc7ac2b3c1452d80e,1
0x6a38babefda55adc0ee169bb4fee97d3f0fb7462,1
0x6a38bde6aaa03808f35037cf87e84addc91896cb,34
0x6a38c0097f3fad75745800c7749385f532952851,16
0x6a38c31a6793af0dfa9cb42c52b2355d7514e3d9,155
0x6a38c3ce39bb4807c942fbf9c1b8b22e74c90837,12
0x6a38c90207efe3412fa1ea6f8358844e5b157ca2,49
0x6a38ccf6e9727ac555fad94d8ec44c6870fe1a78,2
0x6a38ccf8f731996c2c6e552c46e5653d7194c7c9,102
0x6a38d020116f34234f7ce5bc7d87f6cc725948fb,28
0x6a38d4051025545fa0e591c863c3ffe6bf8deae1,4
0x6a38d6796f4adc51ec8f4ba5cd5af4ff8fa2db9a,43
0x6a38d949afd2ad154d616b4b9396cd71662dddee,34
0x6a38db59e2da575ef2e65f95aed3f26ab2444ebe,27
0x6a38ddbb2b45db8c9e10ef7939527394396ad956,65
0x6a38de26f4da76446317619c721947352deca467093d70aff060cecd0531560e,1
0x6a38de76c9db7bd1ae5d81b09b4aab016636399e8028aa212af5b52992814516,1
0x6a38dec166ca750aa2305f5d6401819661756789,43
0x6a38e314a134982903de8401276005cda2e131415fddaab7a4baa9ab41dbb3a,1
0x6a38e48c1387cf3932ba27b04233f8794a3d77fc,1
0x6a38f0c09ca3f16c254ddafc0468f3864bd58467,20
0x6a38f676d3bee8fa39209deb326ccb2717c7ca4a,2
0x6a38fb1893ad77d3c36e072dbc1a836e20d1a36a,15
0x6a38fb79126ce2b939d34d37234783c6b03dfc27,1
0x6a39056f7d6181e2cf93623aafc490f1bb95c794,38
0x6a3906084f3a54644f836ab24cc58d1661b59475,21
0x6a39090e612c81d0db7e791b99da1777a033744a,16
0x6a390991fc37f193ac588f843e39c0dd9b896c9eca006f815f8aad4e62a733f,1
0x6a3909f67b746824827243679a5d75008814d4b2,2
0x6a390a6cb504b10005337d26c5491cb8bc888cc3,3
0x6a390bfef6051aaad4d8d18727534656d0a63371,40
0x6a391057149a7312b88ce59dadd486c6f1c0f7180effcf322dbb55d6f5bc4983,1
0x6a39110f193c3d434360ee954e7d9b4f2fb78164,28
0x6a39118a82068bd47fc474fb8badd5c00159a947,57
0x6a3913830a9d4d04255f05f5874b5cb06c361c4265bbd3dd3af62d5e3c689056,1
0x6a3913b06cd93bce98cee4c7892026863addab54a3a278fce428bbfe70d2f46d,3
0x6a3914b15b27f58181e296da50de2b54e524af5af4c7a00f35cbc6406ab9f09a,1
0x6a3915648b3f86d188ad04bc4ba6af4b2924da65,6
0x6a3918aecb28bf5c3e931bc31a81c2e653e7561597e6e9f547a26dd181ddaa7a,1
0x6a391dbda8e91336667f5dc1a02ff1a870b723c5c2383adcd89cade9df1b0c7e,1
0x6a391fbd67e55e562805f11d2bea7261ada86e38,1
0x6a3926dcfcc6e15647384bdf734ed8002a22ba5c,2
0x6a392c98da8979eb86124dd0691e9b62e5b2d8c0,3
0x6a3932612798eaacdfc5692d8b822e9b0a941f20,1
0x6a393664587b11d0a52fbf128c9257eef5def882,6
0x6a393738e418192ede2d9fc52329fd3c5a6884f9de2b6a3a99b8e64984bded91,1
0x6a393808596f48e34a831f1f5bfa48194b4e4412120d332a15901bb4c5222949,4
0x6a3940be63ac3f9e2e579203110b70469ecd6c89,20
0x6a3940e9a9a4ffa23a69731d95002c56c8e3d4b3,11
0x6a39446a657caa206ec5d72248d12a83c45d7855,121
0x6a39449a3e6101e5add52f46f7bb0f62e546bbbf,1
0x6a394528475ba61f089209f515b16ca1cf03f94169f40604460360377cfc6a12,1
0x6a3948f248f7725d55506fedbc6a247662e45246,31
0x6a394e39431911a84e39e0e54dd5f63d259e85372c86701022fd4cb469c28a8,1
0x6a3953c6832ec6dd62a733ba9e467d74245b3241,1
0x6a395fec113565596287b46a52fccb249a10496e,26
0x6a3962712e62e258b03efdfad52a58efb277d28e,27
0x6a39652c2a4aa3129b1bd1ca2bc008b87a04d517,2
0x6a39669190e6358d373ed2f17d5c9252be5f406c,2
0x6a39681e76db27dd06f29c2706ac7f6c4590e02c,12
0x6a396c36765adae42075a44bab3019e4a189a4de,38
0x6a396e7c38596352b8e555ceae9712bed0520b72,1
0x6a397069d20b5ee61df94bfe2408d850c8127415,1
0x6a3976e062a7a5c975deb29a960dd90e56527a98,6
0x6a39772386136b3f805e2fa1dc660ac7bc86d140,24
0x6a3978aeb5c14a2039379ab093639d963814712a,3
0x6a397ad6f38ad90765185bdd35331360072ed4e5,102
0x6a397b35714864350aaf36624697403de11b6dd4,1
0x6a397c0a821f4fb9ac7ab1405cf33e9896a1b7f4,3
0x6a397e24bbf1736e16a64cf34218e95a72b68c1b,1
0x6a39854425bac242c5642fca3efb9f60185a9cbbd7a4bd6197443afff157eb47,5
0x6a3985d8553b8b3f2009d92d0c6f99960e7b1b4e,1
0x6a398b6f65d73d76d207eddc6a7f98bd44def027,24
0x6a398b93ffb29b2a0c8aef37b93b9e8635ea95ea,82
0x6a398d0c222ba708514ed5979c88f27c8099cf3c,1
0x6a398d8c9edf3b71c1606f10b2210be3cc434ec9,5
0x6a398e10554554bc9e0272e11d05f5deda686967,12
0x6a3992976d19c6739c639e4de02e510fa116ffcc,6
0x6a39929994ff4af47dbd00b3644545ec17431223,1
0x6a3998c8deaae0c9abf6ce6810883922db12054e,2
0x6a39998720edb0935d175b6c3710571f8469157e,182
0x6a399e737aa1eb4d8458aed557d6f6030b2fc087,12
0x6a39a4130c88be83e2fc0a0f711c5f6e9ad9a157,15
0x6a39a6914b2ab7d047e5d162d4b949a8a245a32232788069cc715ec1ec1b6337,1
0x6a39a69ad9aeacbdd17d0112698b25a4cc218f11,48
0x6a39a6e89463e96fb26acad7d7eeffe1fc695563,5
0x6a39a7ab22e248537d73f54fc7daeae73daa7683,99
0x6a39a907cef263baeb7b28939bd45c0d244e39fe,3
0x6a39ad065b39b4a29eb3e7216b5fd0ba6c3d9945717ba4b842442732960be583,1
0x6a39ae3a228dd8711cc10077a2bad4af08f6c26f,8
0x6a39b0130ec4b588160128bfbc50e02a4e8429c1,20
0x6a39b1e43777dd0c05ef061323589036ab215461,131
0x6a39b1ff4d7b9f6ea85cae90645afa27364e1ded,2
0x6a39b5c6f5a79e79c05b055155b6bc0470d2f2af,10
0x6a39b991f27ee8277a43c44bf31e455a9fb867dab99fa883734384bb5ae3aeaa,1
0x6a39bbd82cfbee865ea25f9cbd69d3d59368b71f,3
0x6a39bc283cf49ed72f94cca60d79533d7a962e3b,1
0x6a39bd5523666aeec7b0a88928b530647bd9fe539760c338e20ceb65e517ca8a,1
0x6a39bef158b73597714e73b444c68d4f750ecf95,12
0x6a39c6e16c418ab7226defd728190de1463c9823,47
0x6a39c974183199448175aa0adc6fe55175bc20b7,1
0x6a39cdaaf6322c03f1823fc9967fd76c296dad1eb2006a170c8dfdff63a12ba3,1
0x6a39d163e065bb6340ed8cdf725f2a02abe6cdbd,1
0x6a39d3e9655b2aa5ef20842d5790030f4bf7d19e,4
0x6a39d8588858bc8b453cf61729ea1ce765743b843228e243cc582aaed4e41620,1
0x6a39d9f0e31aae1edb8bd3c53979c9fd8f2ba003,2
0x6a39dbafff0e3655a75a128433010a1ef545dfdf2384d9cc6e5db54b64e1365a,1
0x6a39ddbdd381566435ebc721b7b75d2dcf3dda11,19
0x6a39e574d116c93adfe2c56bc13bb4417259a57dc14bd50e7fb6b4df282f88ec,1
0x6a39ec79eed9694b692c78066f0246481d1ee1ca,1
0x6a39ee42f1b3f7d953645030124030f637cfe7f2,50
0x6a39ef66ddfdcea078de5481aff5787d0dfe31c9,1
0x6a39f5a9214d8ebd253f3b4283126d18f5e419a481522de94c0be6205e6fc47,1
0x6a39f87d5a481cb5c06571ce410507299c4783d03f88e2c08af4bb2a5eb490a4,1
0x6a39f88f4771227f925e8f6de310400492762e1e7bc2060a75b9925873c54ca,53
0x6a39fb529429d54b8ce92cdca3fa480711bf213b,3
0x6a39ffbe1cfbfd663b5aeb05f1add43f7423534e,22
0x6a3a006fd96d2d2e106fd4338060f8e6b82ac978,34
0x6a3a017a1d3923b21c26bb1c1d1164cdc0859c47,32
0x6a3a04e5d7c4b6683fe545ee571269811a759e53,124
0x6a3a07c31e4e9013eb24e3b54a9b6e6cae8f9624,24
0x6a3a0bef5e7b81a5fefff5cd1c2595272027c862,6
0x6a3a0c086c164fce8acd5a2109ee915410635ffe,15
0x6a3a0e86c2694b0c4294c62f9f84ebf8ff43829d,129
0x6a3a166f2be54983b018da2a91fccbb94f104079,46
0x6a3a18d4e9c6f97be113aac3289443b1512c87b5,1
0x6a3a1e3dfae3a353d186c53727b43a0a6757d4f1,36
0x6a3a1ee9d9e9c2c446e143ce0121b389ec2e0d4c,2
0x6a3a1f394b86b577d41ffe1d322214f8cb3676da,37
0x6a3a22d555cb6326b1ce1b4a1ec839b8ef158ebc,15
0x6a3a25577980b498462659353670dfe08f75fe6f,31
0x6a3a25ac44e56922f02e8bf8c5fa028566e00e0bce8db9bd0ef625ebbe2ff192,2
0x6a3a26a2c2ddc5cafa27acda26c96cc7cd8841ad,10
0x6a3a26d6c8b4ce1f4d6d547b7777fb6aee5083e7,12
0x6a3a294ecc2da663de5abb920513bb15ec53e9af,1
0x6a3a2c25a5085220f7c2425d6367f5ce6ff9b1e7,12
0x6a3a2cb5730bfdfc04ad29d56238a91a8103968cf80e7e8a8d2edb3f05cd3e05,1
0x6a3a2ceb28dcb095bf474534dccced6e4cea2778,41
0x6a3a2e41d1ce5fac67baa22213a7e7266fee117a,25
0x6a3a33019cac41afaffeac2f14da26fad6deaea0,42
0x6a3a337183128408ba3d07098b448ba461ee8a39,1
0x6a3a3521e250a22ba9826b24be3936ea8cbcc31e8e902d3988883e7677c0ab5b,2
0x6a3a36d11a26b137849675394200f3e86a9b1359,1
0x6a3a39f5da24bbbfa907622a90bf0ad655e6f39a,48
0x6a3a3c92ba07ecd121060aee66ff8efde78b9807,4
0x6a3a3d7064ca4380fbfaf7d4608dd3af80eb4181,26
0x6a3a4133edeae2ec5e8c29cff97db1c01ec1a6ce,13
0x6a3a4198cabc1b0382c9652eacca74b82d631eb3,2
0x6a3a567f4a2a4ceef1238f2c2534fd130568cbdc,1
0x6a3a591acc7ba0860e3f0b8912a118c288e6959c,119
0x6a3a5fd345c2c21d2682319c644a1bafc68e6b1c,65
0x6a3a68b1486e7c0a0864daf63e472abba720ab8f,1
0x6a3a6ab16ba169b040db2db497600bb6e12ec6a6,12
0x6a3a74cd4a2f8e6fa4f139937714d4ce2ed67ede8523349bfeac4c92239845a,2
0x6a3a74fae3af79ad74d45326f2f8325da49be639,138
0x6a3a8236f7c2df2ade4f041665add9356ae4a3f033204822e4c57268ee17155f,1
0x6a3a825fa1a95176501f131a3d086ebf3ea6212c,3
0x6a3a89a12f062411ea14ad7075fa2ecf163b97be,1
0x6a3a8b4b5f9a81963c2535f8783bebf3c3ded82d,37
0x6a3a8c39f6b934f893ad98fb70b5dd2140117ef8,56
0x6a3a8e269a655e251e69af553784edff2275e1de77ce297c4b02db41c008f711,1
0x6a3a8e402e8490d7f3c74ed480b0f3802301ec50,69
0x6a3a8f42c5fb0cac882221de308d23bfce7e9af8,1
0x6a3a911bfe092648f40f99e6724773bc1c47e53d,1
0x6a3a916b5c42e2a6e83fb9ef81e400c30dceac4c,66
0x6a3a9383a24b7df7eecb352c9d8965aef61e486ded176ac517ae0d7d2bc4937f,2
0x6a3a96e51cbcab0e303bd7b9695caa2a58884ca4,7
0x6a3a986c882532e7cdbb19c8d2ceb2e1d0db43cd,1
0x6a3a98a5269550928e0641dae892de8654b35bc6,43
0x6a3a99722d09eafa2b4a34367b941f0888787021,1
0x6a3a9e33b4a1f2fe0fd354dcd5fee17092b5a6a7,60
0x6a3a9fbd79edc4ba61de8175e4a148df972960c7,22
0x6a3aa0c4a36bbf713e732afb3eb6923ac0d354b7,128
0x6a3aa13e5d85cc38282f6cc56c69b201395bfa2dc49358e18911700e58821a07,1
0x6a3aa4166fea5c216f34375d6d4b4a8fb176b79e,17
0x6a3aae342f3d1688c688929ef3653f216c049544,2
0x6a3ab2fccb2f784e256279f5e907ebd3eaa3826e,1
0x6a3abbe131f34a0f0871c17204e501aa6a407af0,19
0x6a3abbfd57983d12903767dea82a6156f80657cb,72
0x6a3abcb5fbbc07f5713e935d67bcf276d7c86415,3
0x6a3abe2e93f0e8368baec62c4a076f13d429acf1,103
0x6a3ac2578f075a65ecb60b9669a66309ca2d767f,1
0x6a3ac75a7f3e2457470c0b058cefb68a5f1e8482,25
0x6a3ac7a5d90d26ca7fb9994c0db804508bd89684,42
0x6a3ac95ec111c63bcb7bc1306df09e90addbba15,28
0x6a3ac968844a90243620b9f43bf33c452e15cde3,3
0x6a3acb5dd12a4912f1543cbef374a4156d80eb52,5
0x6a3acd2d088d43b030ebf4a0dc608b86b86b8939,51
0x6a3ad3a7c17040f0e7c62d1e64bf7da15ca32901,34
0x6a3ad6ab6996fc679f580b9a31e0e133602beee8,6
0x6a3ad85a5d5c66ce40238276c46665cd6a144bfc,41
0x6a3ad8ab63c29fa561618cbc4624ba8520933533,1
0x6a3adbbac74134ec4bfca7003b761016809a38a72a30368237ed550bb8189a8a,1
0x6a3ae6bfc08d85b6b0fd0d9c57dfcf8263c897d7,1
0x6a3ae73ed281c0db6bb8134802da0f0636f849bb,65
0x6a3ae88b5c1b7e0b90724b78c8e8341ab196362f,33
0x6a3aeb7ddce736a0e31f7de0fc6052e22e8cb82f,47
0x6a3aeb9fa0a5a1640eea7cebc91bb9d1cd73777f,22
0x6a3af08e3e844bd73e766c52d0fbba9c91a242f6,4
0x6a3af09cbb807829b944a8b022a145e9eb6dae00,1
0x6a3af26bbea2a257f94b509ae6a94bcceb7daf89,12
0x6a3b019f9934f55f1819e0337e0c7be955c301f2,2
0x6a3b028a7a4a46708957be120d5f2986b076de94,1
0x6a3b0318640d6ba4b0e917ff443c489841a4c52f,2
0x6a3b054446be346ab6db9d32fb7ffe5ec48fb7f2,65
0x6a3b07958f0541f27035d0a4580259d858954432dc5b933e065dbbf1a5dd0880,1
0x6a3b08cb5e5b3cc69c3b79404405e0183a81ad95,7
0x6a3b0933564cdf22705c5fec305971f5f832ee40ff560167f90a8d562fce40c8,1
0x6a3b0ad33ebdbd40e65238c37d8058dfafaf55cc,1
0x6a3b0d6d4b8ee2b247b64802ce20ce3f4ebb69c5303cafa252fb57c5b6e9d18f,1
0x6a3b0f242d9c05bfc6de0616d4943f762fde9f85,63
0x6a3b10c495819bb6588423791a12896a5901b76b,31
0x6a3b113496968f2fa2a0e56a2b8bc09ca9250c17,1
0x6a3b121b34b1ee7a1c007d005bbe553cee6cfb97e1270ef07c58731a51d56bd7,1
0x6a3b134998230a88635a09ad607fb01fc4a5725774aaea15548ba70c649c4df0,1
0x6a3b166a03fffba7e1c11b8468a8da7069268583,1
0x6a3b1ab6e909725da5b7fbc0ff145cfdbe739670,8
0x6a3b1c5f89dd3201a4275e168058c2edfac201bf4a865029a42796c754a383e,12
0x6a3b1fad0dfb633d7d7599ce981a65b132e4ecdc,1
0x6a3b2759cb0ea2a1d665827494df628e8394a1dc,1
0x6a3b2980564a4661ffb9ec821ec9e646b7fdc0e3,42
0x6a3b29831fe92f3560166e471bbe5b3052642647,35
0x6a3b29a2e9ab0033eed8c33d3ccc2330a058f78e,17
0x6a3b2ec157629c0cf9a6a5c8bfc94b2057319d9e,7
0x6a3b313b60200340698c429da208f07daf6b7aa6,13
0x6a3b33aa47e5510df7de5fcf776a2742c5c32fd2,1
0x6a3b36a305c28ea7c2291b77412eaf7050e4441f,10
0x6a3b397b771c1e8f7697a064b9cda1f86c07eb83,12
0x6a3b43db5c0b3118717172e7b88d47c84bf27088,1
0x6a3b45d9be64df8462401956ba75e323a713c603,42
0x6a3b4a5b106d0acb1ec30e29a87427b057844665dfb6f5190b92a93d86181cc4,2
0x6a3b4cdd0178a5660da18d5e8d3e78768ced126c,1
0x6a3b4d53efd8d459592579ae8e803036ce4dc3ad,6
0x6a3b4e972d90b570765796d777d06084c7e59c00,47
0x6a3b50a4e54a5275e0f6661457c4b1a2322c4c90,1
0x6a3b521ffa4b79cb1c7ca3fef1f29aaa31c71a4e,24
0x6a3b547f087255a51abef646c1014798ef3bb170,32
0x6a3b54875a448520632c8ac1808b57f6645fd585,6
0x6a3b58023075f57f741eea30add597235a3b27d9,2
0x6a3b5915a01cbfa6a2b306b31d60f6410a6fbcf0824c7ac9c58f76da1150ffdf,46
0x6a3b591e8b6a77aa869f3f12aad0f8d15677d4b3,1
0x6a3b5f488b7cdcde9db157a0f380ef12a0d44f10,30
0x6a3b61b4cb05a80f712b6fd104ef4228595262bd,23
0x6a3b62657cbd601ca6c58916a21499f09053e561,20
0x6a3b628dbe2aa50eb9748fae0059ecebec2aa325,1
0x6a3b69f0deecc4d8555b02eb9e8a87a514cd9887,8
0x6a3b6a95c7763b9a31018ebf5110ec869654c725,200
0x6a3b6b5857f73d546d5c3336c8e6f94a2c758987,38
0x6a3b6c7d7ed27162bce5f9af5a58e930771b563e414fcfb79509fd18e5bf7791,2
0x6a3b6e96642b9f89bc07b5c8c8b769dc1122e663,1
0x6a3b704fba80c7c3b374fa09d918bbddc04312d0,2
0x6a3b736ae488e9e2ec40a936860361760e0e9124,109
0x6a3b76bc3c2d27f2beadcbb4ca609ff24f6b6138,1
0x6a3b77729808668e6e4a18ea835e8b7c17ad4761,1
0x6a3b7e4c4e844dcfe5ec915310ae4407b10569a8,51
0x6a3b82f775d9efe19518b1f68fe86faf0eaf2a90,2
0x6a3b863508ddd79c0577f4ca47fec9557d05e06f,42
0x6a3b8892885f7b9b3981f74c3f39c491177453f213d042464606e6e12436a432,1
0x6a3b8d5781f4a865643f0d9250cea1be2f6bbe28,10
0x6a3b8df10a15d786fc51254fbacedc468998c432,46
0x6a3b97af00e7cc21caa069ccbfdbe0c8087c2319992d7108da63838fe48fbedc,4
0x6a3b9b4cc6e0dea252f28102a31dd24f6142f52a,11
0x6a3b9d5307e862a3605f5d15b6d59df0ed56faf0eac0fba425112fb4906b9073,1
0x6a3ba33efec1aff1121f6a90a2213606c8e98c7f,2
0x6a3ba402c28d36d6c8bdc749b00c2b95fed85f39,1
0x6a3ba561352adf5618588009321e339405abe85b,74
0x6a3bacebc8346c7df74b2985d92a2f24878cba32abeaebcc9e5485659eccce85,1
0x6a3bb2c066c4add1a8f1eb714307ac3d4bea3cc8,131
0x6a3bb4292333b5ffc3b0a9658aaccd1602b0b81915ebd33371299f192a7db97e,2
0x6a3bb909b75693c271d6364bac2b456ec30d791368739d59b51a7359733617b0,1
0x6a3bbb556394720b90fc52324d3cb9a2ef2b37fe,1
0x6a3bc0e0c8f074c624c2408a4ff6b6d9ff295972,3
0x6a3bc1a5027721d4e33a2629e8e75f407eaa7e58,1
0x6a3bc26d20819c26c6b17ee37fabf77ae47e7f45,52
0x6a3bc28ab8088be8f78a1f53d80e23094ddce286,1
0x6a3bc2ae1a3c884b85bcee654e1412e9cd183436e848e2c861e229289f41796d,2
0x6a3bc582982955a0818e803fff2922f2f324a597,60
0x6a3bc7a80dadc6d9e459e8c8a0a6725799bff378,21
0x6a3bcb84c1a0f4fcf46fc079559d23fb5d872b93,1
0x6a3bccf4c4effd69df9abe36df12c6d60c44a76f,2
0x6a3bd03ba506729b3ec70f91ff487462f4c24be3abffa74b78a3c1d544ded4f,7
0x6a3bd1a310a8989ab31f3267046c8f4224cea0bd,2
0x6a3bd894f38e0559b44eb8b5672172cc824389c0,28
0x6a3bdcaf60b47d54fb6a655a56395fb215055c2c,1
0x6a3be24c406c2a1755de1349955f4fd37ba72fae9641eb57831fad9389938fb2,1
0x6a3be53f9f145b1f6c8bee40a71fd6d15172b437,121
0x6a3bed942d1299df72a01026440ceead8e264836,32
0x6a3bf2fd18ea43f2182b22322600e3644f355f11,9
0x6a3bf4ca4a829ab779df498786f5728f2371c2d4,21
0x6a3bf4d6b0d4b69be4f071646e09c340f966d5b6,109
0x6a3bf6c5fdd44398cab8ee2039698f21156122e1,38
0x6a3bfa97aae88a462aabbebbf87f5a75cee49603,59
0x6a3bfad1b13fb62c270ce29246adf55382fc2716,22
0x6a3bfbb0a072607d251473c2908699e2c7990bc6,10
0x6a3bfe28d1311d320bcb9ff143e8d3c1362c1a21,38
0x6a3c00841e43127658b1682476e96c01d78db71a,6
0x6a3c07819f216a330ad8844ec1c739281a041c56f6f6b04f8309cda131920d49,1
0x6a3c0f5b839406956a744508296bd1646947e5fd,32
0x6a3c11b2be0e6e6d59a5e6e4a3fb61470a91e347,6
0x6a3c12895b2fc42fa411fa5d904687a88cb8f9d3,18
0x6a3c19c9efda68219743fa51503a86a5ab4377f9,34
0x6a3c1c2142e56307abda07b6bbc9b60f3c2ddd16,2
0x6a3c1ef18d613f975863056797e6f62bb64542fe,22
0x6a3c1f0df06943d04c03a9a3d98ec21404545241,38
0x6a3c1ff661a4c8970145c81c80ca5c62d386f2f1fa6527ff0ab707d72dfd92c7,3
0x6a3c2ac357e3f39eb0fec52789532c20abdb662e,104
0x6a3c2b0e5d237af52843d3ebbb082a1eaafbde8f352ddc591f6c80264b8ec01,1
0x6a3c2fe89a08e5c1f4553fc392b7f06352a03abd,138
0x6a3c31dd8546955e836079afdfd0c1fb1d22ced5,57
0x6a3c321ee02af83465a9304d8b10e0fdce631168,24
0x6a3c364b878a5140f416bb5a4302fedcd32f28d4,1
0x6a3c3e9cb503349c91263fd6729f201b065921e0,32
0x6a3c41c8a5cdb2d8d08c953df38d4fac78fee611,1
0x6a3c41eccc2fc4007c85474ee472c3ff9fb237ab,63
0x6a3c4c4c78fa2bc818e5fc546f70beb429c97e86f0a9870ed997bb41835520c3,1
0x6a3c5269ab16590af59ae67e5a9f7237d35b2c7a7660463e7341063024f1220b,1
0x6a3c59489f75df432408267b83290cea0e215298,33
0x6a3c5ac5c6de6fdd644eed5397ce00e94e19dfd8,1
0x6a3c5b9230fd4ed01e922f462fc10dd9b053128d,65
0x6a3c5bc086b2596369d1fd75f6c999e0b8324f6c,32
0x6a3c6820c7a118dee37b2298900d452d79eb3a7f,64
0x6a3c6a0274bb70900976b50e2c282c0e38bb3078,1
0x6a3c6ad9ea12c5c56673ff638e02815200bfa309,4
0x6a3c6ce081c5b4869d42c88beefabe2cd4a73c6f,34
0x6a3c6daa23106d2f4aca104f005e9e6ad5c92c629cb3dec3cae1ec4823dd3f6f,1
0x6a3c74846cdb7e9cc55ada90e7a93e06d69bebb4,25
0x6a3c86efbeba52c09659018fd96821ccb23226cb,17
0x6a3c8854dfa214a0f34aa02c82db3dbadef5ba01,116
0x6a3c89a9616c49968b82ac592384b1b679b648df,16
0x6a3c8c997b65d3af393e539a637674fc0fd5a7db,45
0x6a3c8e6774d1215ee5934eadb91777e94626eaf650b790ef418f6550971bb01f,1
0x6a3c8f774cb43b963bc856e63adaf375233bb4ac,1
0x6a3c8fcb0fed2d0ee9df775046b989b51ade106b,1
0x6a3c8ff22cd2fed0d0af6d2ba82490dc15fe4dd2,16
0x6a3c902ba6dfabde4295fc998462ff45a51e1e84,4
0x6a3c910de15c9ee40807cd8c50c34fefb4cd5381,38
0x6a3c933142e3621be292c5cb866ebc35823dfafe,3
0x6a3c94f45f6dcea5ef8127227a178d58329fd72d6ec3912d7d527bb37f93e1b9,1
0x6a3c96f49ab9712fe96d3a297d40b8f9867945fb,116
0x6a3c977bcd82bdb5ed74854fa59e6d5f772df8f7,2
0x6a3c99135a011960920d9c7f10f72406fb209c07,1
0x6a3c99985703e28b39a50b619126d8e9934517a5,3
0x6a3ca29395f6473b2565c150e7e1b25320ca0d2c,68
0x6a3ca495a44769d3cf1f7ee11303631ad32536bb,10
0x6a3ca552103284816ed2eb7428be618b92722b36,152
0x6a3ca74cc0edfd22c173176e4078ef2048727d0a,56
0x6a3ca77a07bde6302ad05dc3f001f632dec245d6,28
0x6a3ca82c471f58072d86cab62c77b07c8aab6874,19
0x6a3ca9b3cf14b7dfbcc15d69b4170461133743cc,20
0x6a3caa1a916e744274f330fca0e3a6c82c9028f3,5
0x6a3caad983d6889f9787df70fc02f38a0aca469783a7fdb027f5924af7598bd7,1
0x6a3caed39a029d2e1278e0bf381865b733656a15,2
0x6a3cb1bfbab4cd411f0d6734fd5a35c00d85fd9e,5
0x6a3cb5fa412da8da80ad2c818926268eb1e6ecce,11
0x6a3cb9e7a09e6ee3009b069de7ba149b271c0838,1
0x6a3cbb5afa3691ac478dd5cc0168f40699c273e7,1
0x6a3cbb71fc006c2aed9232eb130746f84bab5bb5,25
0x6a3cbd496a8f8a2dc3683420bb1d4561fe753d1b,33
0x6a3cbe4efd5728454b4971d53057084cd38c046d73d62edd1bb7ce9c0de89f73,1
0x6a3cbed95f4338cae90e10ae937f19e5150eaceb,2
0x6a3cbf332dcff08b4d1a343dcc999a34a25be93f,1
0x6a3cc1afa68fdf2e598a83e9ac5a29c2f848a761,1
0x6a3cc8924ac8920c05168b33bd85ea94e5b8b3d5,1
0x6a3ccb0bc7329ab4e02693d9071c384b7e2a4f00,2
0x6a3cced1e22f5aca4404d4822dc2cf5659362403,1
0x6a3ce2769218b1fec6fe80bab1025e9c22da1236,53
0x6a3ce35586d5cf6c0d482c65407b1eb8fd8f4fcd,1
0x6a3ce6f6b6ac9db19a42bc6e7005b49fea250f1d,1
0x6a3ce80d3760926c1dea7a204da5ca62159e8226,75
0x6a3ced7aff9915ab9ba2d4d22885323f4399beea,37
0x6a3cedd3b7bd521762595e55f2fd0e549b3d6faabc9263cc9ffb2668705efd0a,2
0x6a3cf14583b8ac2e3c2bdbc8114c8ca8fc0d11b5,55
0x6a3cf90edc269bbfae37c12d0dd28dc220dd5de1,1
0x6a3cfe45250054ac89cab3edd659f3d68c90b85c,1
0x6a3d026fdf57826e83dcc17e0f1dde3035ca5d14,44
0x6a3d043c21e6a850bd1a7554880f6aebf88a66f8,1
0x6a3d04f0c67dd62b2a49bc31efad11c5378076ba,1
0x6a3d06e7a9a789da5502238b62f90db754914102,1
0x6a3d0ce8e79dd6f6f42125487e4824fb208f97b6,3
0x6a3d0d2968453f1825891000130a74544aabf5de,41
0x6a3d1011930ec70d56fb926a290d9b807851a9c7,53
0x6a3d1241d0e4d1b31fe67ceabf7d28dcbc951079,71
0x6a3d13d29f1839355eebd69cff69529225ded55a,30
0x6a3d14e381f4d503d0078d2a5da13916426069f2f76748fe553a1eae9483bf61,2
0x6a3d155bacb1e40515ca0aeb484370befaebc7c4,1
0x6a3d19736f03b748bfbdabadef741a9e6de745fd,1
0x6a3d241bb8a5d6ca0ac3ed13ceb40f7c2e1bc74d,6
0x6a3d279ffdd91c7b0afe30800274a7050b4e8548,65
0x6a3d27b20e9f35cdfd273332d6a24f3fe15c2e80,16
0x6a3d289235ed25b1dd09415fd59421aaee73284a,1
0x6a3d28dada84fabd5242d1cfa10d2d9acab9f234,2
0x6a3d29744e71e9a636da07a49856559b60c2d588,2
0x6a3d2d2c24e4f11258e7867001e561612aa7f7f5,1
0x6a3d2d8f39a16616ff1726a4e06ddb16192b1135,1
0x6a3d33264609a4dbb93ac048fd1ad66807c14640,52
0x6a3d337210066ad2115ccf7931ec86101213c1ef,2
0x6a3d34e66d1e33c16715f25ecae4ce1a7627741e,12
0x6a3d3d3a9ec07e8560896a4460b86efe08bf4c4c,38
0x6a3d3e04ce2f22cc25278f62263d22af7bb02499,2
0x6a3d3e6424ffe36d0ad8bf88a1dbcbbc48022e1c,50
0x6a3d400e148b14c19d3a8d24e891114891893c7a,11
0x6a3d404ac4710f1c51bc3ab73c394c27cc424c9b,58
0x6a3d45ea864867a378d8a697963c48b7f4e473e1469b12b89e036a4cb773aeaf,1
0x6a3d488e59440a2c60955dc5fcac353aa3d55bf3,46
0x6a3d4920a4c00b7d4f0f15e51f713f5972415a26,1
0x6a3d49859f17476bb7ac949164da66b18179a9db,2
0x6a3d4b36824552c304f2c94ad4e6695de54687af9eea40f3ac6d83671499a4f1,1
0x6a3d51fe0372ae4c0dc0c7d23e81560ecd3bce18,1
0x6a3d5382383111b51e89896ed0693ba20fe494cc,81
0x6a3d56bebfa2efa933a00e6f61e7094dbf2d33bc,1
0x6a3d595394d09548f45b33bb658839478e40be2008eb5d585c03a0e05a2f47b5,3
0x6a3d59f5646d87b532ae7cee29185fedd5434811,1
0x6a3d5bd2e17b0bfc00570b5d3d7b07ec6358f67d,122
0x6a3d5df3cdccb59a1417c9a9b559e51063c4f14d,1
0x6a3d602455a56d62fd0a5c5d4b344cdec08b7035,61
0x6a3d6579adbe698f2ad8afcb97962d1416d61651,1
0x6a3d659c096eb8fe8b956b27296742ac2bdd2248,8
0x6a3d6abe4ec1ee9755be792f96dad6ae1d46dc0eeff7e064bbf50ec5da78bfc4,1
0x6a3d6b3edf5dae017bbad8870b132c37392a34c7910f85b75deb7f829450a613,2
0x6a3d6cdc872025d7a49ce21e7c158beeeba28e87,39
0x6a3d75fa5152249860c55e579fdd6d5592c683f4,21
0x6a3d7671f45397e8cc90390aa441452cf0c574fc,2
0x6a3d76aab41130a4b2a5e1b066855b95dd88362d,3
0x6a3d779564a76f93f18108bf7c4f5afdf99d6aff,73
0x6a3d7906c3e73f431507ada632941aa41a483a47,58
0x6a3d7c9c122d07f6ec97dbd6000f1561dd9d4163,1
0x6a3d8bca22293dd3ab8dcb276f1419aa5baccb17,6
0x6a3d8de2849750001742a56b67f018e6c0f20249,21
0x6a3d8ed0c0fbc915443673c7f05f9be6e90b53e2,56
0x6a3d901b6c2669db7b29c557459d7235ca1eec74,3
0x6a3d91f8f7a4a6c7e2cddfa32638d66ce950ccea,1
0x6a3d9b90b4e8d575c8f4511275f4097cdfb6409b,19
0x6a3d9bba0c319b7dc48ef7fe014f5aa60194646b,1
0x6a3d9df8a4d20dbcf61f2fb3bd00cf9053a5ac4a,54
0x6a3da0a5fc38f7a10a9b06e29e5fa16b8ef2ac49,6
0x6a3da46bf3a9ca913cf2958fbe37a4eb3b1d1576,10
0x6a3da4f45108af4a2b3b025cbea98844abf64a2c,96
0x6a3daad7c22f8aab79d2d35d3826fc88c025b3b9,1
0x6a3dab4dcab5141fc6c3e7896c3761ba2c388806,3
0x6a3dae2bcce01b4d7dfa8f935d875db8a713aae7,13
0x6a3db0187ead3676165086b638e7ae5d9835ed75,1
0x6a3db0e79ba7bc7beff636b1b5fa3b4c89314c95,41
0x6a3db0e97b20c34fb2989be32178740e6ed9d5ad,7
0x6a3db2652c1cd01a1231c2081454c1d619b3c4dd,54
0x6a3db61841b344bd9d6e46c0cecd597d0f945686,7
0x6a3db8016a661d02f3fafae4b559b570b3a97ff2db1930a7843b85cb40f1dbac,11
0x6a3db8446667feb46b3f02ec8d47ec718f06bdd4,44
0x6a3db9dd641ca520d084dab2ba156bf51bba2561,51
0x6a3dbae0272910bb2184fb7e9f773b7effa7e159051bb17aeeb3ec88f82d68bf,3
0x6a3dbdb2a2b4239f4574dfd716596f3f9ebbb79a,1
0x6a3dc39b16138a0b9486019c7632298e8f96ad5718fb814fcd1121be098bc759,8
0x6a3dc6c90d60c1f7613bba4abc030292b131c319,1
0x6a3dc74f98e8714bb2bf94337cb23d3150aa708c8983ac915d1da6e3887ad8f4,1
0x6a3dc9d485d426f3390b51b654f08c036dcaa545,3
0x6a3dca9cc8e82a35f8ce9da4f14664587ec776ff,4
0x6a3dce7d27be036fb5aac9ef098e52bf3fcb826f,29
0x6a3dd0a1ccb7c15462754be0e36abeb92ea98ce6,47
0x6a3dd2e3c5e5a210f42843e6569e7c61ef2a0e75,93
0x6a3dd8be9d9d54e205b35d1e1d0fb274621fed03,164
0x6a3ddc1d4e8acaae7ee83bf1a5b5f6c6944c5d3e,4
0x6a3dde895c7ace467c7ed2e76c768b9d00e3ba8645daa868487a7f1da917e2b9,4
0x6a3ddf3a84e7505dde44391fae510ef6e1c69de0,52
0x6a3de26fce6d8cd77c785c056f6a2526cb117d70,21
0x6a3de45a26b27ad00e3003bb873d7f5d2d0d4440,1
0x6a3def3078fe588872c2426c796ca3ae0bafd4d0,1
0x6a3df2415c4fe7a3e6144bf1965ee1a17ab58f57,5
0x6a3df6011726c3dfaf33eab8d32cf1ad67637c0d,2
0x6a3df76bb2b27f1830b65b13df2546de74651e11,108
0x6a3df91537b54e020d6c8cc7dd92ffdc60563548993098537b74e0fb276835d5,1
0x6a3e01193c507915a19573e2b91f268820d5ad72,1
0x6a3e01ed93ab8966c76675627e1162d9b5e4afa1,61
0x6a3e08bb5dd6edcf249fbf5dd1d771ae385f6f60,20
0x6a3e0c834d1ccba06e9a39c94bca5a473c580f0d10702de3f48e923078b4be49,13
0x6a3e0c8b9b1e4c88ab68d08fd351db6d785ccacb,8
0x6a3e0d5c64573fc8b518fbaf28ba9a7f3ae520857196229d4920e5e9fff298c2,1
0x6a3e11283bb1be60f945271c30bb8f7fb0a1018b,26
0x6a3e1266216c740b308d26ea99d227adc448a9b9,65
0x6a3e162a688dedac3e8b9c50b7d1044babf2c6fb,1
0x6a3e1b1ef8aa16610b22a5a5e5b602a6faf21a50,14
0x6a3e1d2d92e74e148c9c11048d9690c7d48078be,2
0x6a3e26bc463451d5e44d064b572433aa2f7d23e0,10
0x6a3e27c1bcc89927bcd95ed527f71d533a2af009,38
0x6a3e295fbb01f40ca170c0a1647e89250f5821ed,53
0x6a3e2b6aa7a6d7ecdd78ce085f165a412243ffde,35
0x6a3e2f4c4cabbb7c5b88104e4797360645eadea8,1
0x6a3e2fbb836ec5f7e2fa36e98f136f349da0439cfcb08d97d9a2c1287f3bd6f8,2
0x6a3e30f57b52e0591182523fa85bdb8556974f92,1
0x6a3e30f5cdeca2e9b2381d434ecf3c3cfc60f9b1,66
0x6a3e326e01aab2c5c9728c6148a54910c08a3b8a,6
0x6a3e3856ac827d769b6b9a4727010c1292253cbb,2
0x6a3e390536ab927952e27906e785d065b5e236a4,69
0x6a3e39860ada220fed27ccdc5cd593b2a4ac0efb,2
0x6a3e39e2a824ec716dc70d3c90998c91b9120c2c,2
0x6a3e46a8e5fa736548aa6eef1b1e878218458a39,55
0x6a3e4749822b6aabf04408d2460e5d60170f1c9e,1
0x6a3e4bdd9e00f89ad9212f62bccb9742ad40d308,20
0x6a3e4c231594068aef9313ddd884d3a107a6b54f,59
0x6a3e4d7e23b716a3e9c498d22a3e175e8ccc2233848b5a3257f876973f505b57,1
0x6a3e5305cf1c4ed98b204f71ba4359bf37a0264f,49
0x6a3e5841e1fd6962bf29df95e350ffc58d759aba,4
0x6a3e5ca781e1e5d7c7595319e69c7dde18c3266d,72
0x6a3e601079988b761cf68cafeda728b86ea275d7,33
0x6a3e60b815bda8c3e87b72b54bef3261fb7cff0937a7fb9b8eb4077c5b8ea868,1
0x6a3e637164ecfb1c4b2ddb8d17abdcaef34226d0,1
0x6a3e66d5b160bfe257a4b38b59b0a2eacb20dbc2,2
0x6a3e69932144ff56ae6226d293f2f611cffa1922,47
0x6a3e6ba906ed6db6072a70246766c76499a2447a,1
0x6a3e7322c15c947dd92e17d4006baf9045be84d9fbc4340d666ffc9cc7ff0e7a,1
0x6a3e740fdd715c44c5b773e5c1c3d5a127740d4d,60
0x6a3e74882ebc024ff3069e05be1a2f84a121baff,9
0x6a3e78bdfec1dd1f353889723b401842fc17c946,5
0x6a3e7c4daebdf1ec26fad531a3a36ef9b4898817135f96f5c7053287f1d1331b,1
0x6a3e83b728bd2896baff445fe6c558e3a2ff3d6b,1
0x6a3e89af04624f5e8ef3cd1467611a3bf88c9daba64c47ce045dcfe21fbd88a0,1
0x6a3e8a8198b097b25494cd20b1b2744a75ee4ba7,32
0x6a3e8c69ebff1374f7e37a053061b2d32973af9e,1
0x6a3e8ffcc5b972184c028551de644c9ec5c7d631,1
0x6a3e90b3d10aff99ac5bf9fa12c59187eaea4ab4,25
0x6a3e90f6ba7fc99f2c3c9583d7cda11748bfd37d,4
0x6a3e911eb32f5f2512081c7df72d89f1c86b3bb6,4
0x6a3e93c351d3b892d3f5aa6bc5d98996172aec94,11
0x6a3e966a3e5638ea49a99a4a3377c2c1bb62f25e,266
0x6a3e9880374b9c24f4ef0b1bb8563bb11fc11047,2
0x6a3e9ce2bd5b8e6dc1f56c4438129aa2a657d69a,12
0x6a3e9f82dc538c3d7763c3e3a19555c4280865ae,2
0x6a3ea04b57e74973e694444c74f0d26c433146f5,3
0x6a3ea4b7069f40b503d7c5b0e7e4accd73a7b58a,1
0x6a3ea72cdc845b63d699ea2377b0c75ea04c99ec,11
0x6a3ea8757daa7792f73a3db9cc2367f18656afc2,38
0x6a3ea8dc80de5fafdc3109227149a3da664d96e3,1
0x6a3ea9d91349881f12ba9523b443517eccf27908,6
0x6a3eb08349508eb8976544652ae073e7af2c4ff9,2
0x6a3eb465ba6a2930cef0de69afac665315e557a467a4be165c58ba8417aa4619,1
0x6a3eb4f60704ea8fb7e09e831025d9e80081ebaf,101
0x6a3eb52645ac2e3142406ec364fa8e52cdf2dd4d,61
0x6a3eb77b90ad913edad8028a44eb6a9343e68bab,54
0x6a3ebca31f2e1936df71a2fa4c51e085d8dd59b3,2
0x6a3ebf9f11a434b84ff53dcb3614c4a2c5ac25da,57
0x6a3ec118a9206033211c467e30661f09a7e90e75,16
0x6a3ec280a8fd7f87aba568e624c846bc12c3ba33,2
0x6a3ec61056031f0a2efe0aacd401f9359536069b,1
0x6a3ec74b1920bf6836291bc4d7e84ff14a0c60ff,28
0x6a3ec8c23d2abd66bdeb88167fabd36de8684848,1
0x6a3ed8f14febc525f285669f1d2923fe32fd1ad3,1
0x6a3edb108b119e4a335377b90eaafdc2da82ff5c,4
0x6a3edbeae76eceb22fc3961b91ccc64ce4f471b1535675e5f166b9243e7edaf3,1
0x6a3edf035fe0cddade045c01f04bb11b000dd881,5
0x6a3ee015e9195405207f4739cdc98520d6b5fb02,50
0x6a3ee507377450b2b0c2f6ab26151b4442b10480,32
0x6a3eed2a43c5248cb583c44120344e0c187f1b68,1
0x6a3eeeb52459fa9c607314726cedfbd7211d8e5d,1
0x6a3eef71f67e8a79b2e2db8843389c790685861c,63
0x6a3ef0eafc669f299189a4e4f775e5a5832f3c7a,45
0x6a3ef1810f38d8396edef00d56dd9c0b2f0e631c,4
0x6a3ef74e4e1f6952663e4a04b30788c33f45419a,7
0x6a3ef7a23f6f2b99a5216d0179692241aa0dc595,153
0x6a3ef97a414363ae724e22f7c58a4b9c7c02ea13,3
0x6a3efacf073831ff5ef054e14c4971ff3baabb38,1
0x6a3efcfd601c67c7fe2ef28879e27708435b8d2d,5
0x6a3efdecba89ab3245807fb3af5755079e49547b,3
0x6a3f0089e0d0fab1a78e567930719c4752a75614,15
0x6a3f02307168d380cf4c7eadcefdc4c095ce33d9,1
0x6a3f03641b4172d9be3e5196ce843c045f545558,34
0x6a3f04d64537d5bf00ce6fc96d0684022a005315,17
0x6a3f051d119254f37fc60ec1ea319f66a13a5f36,6
0x6a3f096354be60e64590db27c2b5268ac6db8cff,12
0x6a3f0a37b279b3275c4163c6acbac6f0f046b904,2
0x6a3f0ada5d1f885e20f9eeb95e840de8f8de7dbb,9
0x6a3f0c54587a9b6a77af22d7019960a3e54f6f8e,7
0x6a3f0e00e448bf57218208a644101cde183ee3ed5e2bb02551e7be3bf3e63804,1
0x6a3f15e6ad42d70a7e3d109bb839123a2fc813ec,56
0x6a3f1fa342b75797bdc3505581a790f0d08c8b985ee7eac56fa06fa7743e7ec2,1
0x6a3f224fdf33ca2d71930e994d5fdad62324f0ed,6
0x6a3f2e730610332ea2cf38c19e7d2f5babb929fc558c99aa604ffa61bba1a4c7,1
0x6a3f36b247a7a100bb89308de0e613f10e67c00dfc7ce9171e41aab5f5633cb8,4
0x6a3f36c4f660087a5a63e25f4b5c37ee5140f90b,18
0x6a3f38c3962b908efe1579320b996741ff568f8d,10
0x6a3f3b698aa528703eadfb19d04f12981fd9469b,1
0x6a3f3fec0501956f7f18d3af34996759dd60a6af,1
0x6a3f42ebbd2495d43092d23f905695d0113ea410,20
0x6a3f48ad569d9f5dd2a0dc4b2d21cf0aedc7a84c,9
0x6a3f49f42940c4c2f85be25989cd97f72ce057f9,29
0x6a3f4f9f6d0a04bdbf89857ed6134dfd0cf4d692,91
0x6a3f59372703e5e7f99466a630701c1d04a9dbf8,2
0x6a3f5affd0d513a4a8206b4d18bf5cacea5853c1,49
0x6a3f5c1d6786c61057ca22c2bb046810df8144f3,66
0x6a3f5f9dca8f480c67f051ca5e1c70fa1a615e40,1
0x6a3f6503de51360955005d5bc4d7cc9404c09609,34
0x6a3f681732dd8d58e1b96f1ab898001569a8853ae4741b25be2f8b8d4d7517bc,1
0x6a3f6b1f770767a09d976cc9a6fe74e0217fc1e0,14
0x6a3f6d4de1f891e776ac0a1e57d46bbba3b0cada,218
0x6a3f6f799535f738a647dc5f18c631360c347776,7
0x6a3f710c2c30e159b71c71d3615ba4e790d8c425,5
0x6a3f7df67e36e17c95eee497457986e5efb253ef,31
0x6a3f7ebde261b84423058ab2ab28a472aff6c84a,6
0x6a3f83a5a011f0279fbf64022fcf9bbede83a230,1
0x6a3f855e93e4b91b819a0670ba47f64e80ad1489,17
0x6a3f85e405ccd001108498099c471849cb6b144e,1
0x6a3f8ae644f5d07b411d2f617654ccc1a4aade08,5
0x6a3f8b6ca7c7fc0a55637f29b9b4b91ff426646e81865ff2948d8d4491523b37,3
0x6a3f8e354a680323d2c72e740325d56035246108,1
0x6a3f8ed4288e2c479100a0b909f5a7ab15985e6b,1
0x6a3f9467110e2dcc0df44adaa202298fef8b5714,4
0x6a3f9724e119f95e8f8ef67ec28c734217dabe47,1
0x6a3f9bf782582e5fe4f14daf08caed63922c5e35,4
0x6a3f9dc7d6c3e377586aa411d5691716f6f72093,1
0x6a3f9fd17006f1542a377b5f7402605fdbf56f7fe145dc97c10c7494bf7cd1f0,1
0x6a3fa70dd8593cd41e4dffc987e71f7cfa0e9093,2
0x6a3fa951da27539dac37e34a1f945db53cac05cb,38
0x6a3fac7c43f917570b5b3a8c752f1b34d61ef8bf,66
0x6a3faddc61149bdaa8f97d6c34bc27f89d563558,10
0x6a3fae76669de6dca7cabd1ed7c8ee842cb9c5af,6
0x6a3fb051ce399345ca65d2b114d2c5d66ebc6193,23
0x6a3fb2fe148a20381c21887ad6f3a740268cf944,34
0x6a3fb76a9acf334ea4a60a5f230301aac60e9c8c,61
0x6a3fb9a85b317fe7f52ee357dd9605219800ae3b,4
0x6a3fba146d982bcfb0ed3c78c7faab982ffb2555,144
0x6a3fbd39063aab66a53bbecfedac2f156a6bbe87,1
0x6a3fc01da7b2b627de696f5ba66f359344f12880,3
0x6a3fc75453e55cf171a12252dc37c179ed4da092,1
0x6a3fcf314c3afd03d29b24c81bc13368a2affd20,3
0x6a3fd2eda515c6fcc807339f41496388f06277dd,22
0x6a3fd340431bd65bbf0dfc029c96482eab7e41de,7
0x6a3fd977487add0fa4b85bf19b18e52b542a36a4,6
0x6a3fdaef3ad605f9f6159f0fcd7292d8e496c268,1
0x6a3fdcc585909ed16bf21e9a8d59f098f87c2f60,16
0x6a3fdeef594126f24c9a3f236c53913ed842b459,27
0x6a3fe0b628e006465c9505f59ff845efd89a465f,37
0x6a3fe0bd29c71eabec89ed17bc58c06446938eda,1
0x6a3fe315dbe0b858eb1e58741fd2ff959aba1e22,90
0x6a3fe3c4b5882f0a740e8733173e1a2ec72bba08,1
0x6a3fe92486cbe9c11553974d6632b689074cd66b,3
0x6a3fe945c006a99406c89a1abc7ad946820e73ae9f98841dc67a687220bb2963,1
0x6a3fe9572e598fd21685cc4836a98a49523b345166bc07f1d786e7f85acb411c,1
0x6a3fededee536f41b378fa0b1c70ff71cdbeb7b5,1
0x6a3fee3a62d3798b5c2bf3195dee558cb20e0cdb,1
0x6a3ff1c6c3b337c24e361bc25964e26af4baa439,51
0x6a3ff285fcd24fcaa09b1f70ec1149bc9897cd95,2
0x6a3ff2c9613523997b4cbb2c5ce55409dcb10d45,25
0x6a3ff8368b569ec214a20c14868651ef60cec6d6,4
0x6a3ffa5c2f13898848295c3d2920614735069ce3,7
0x6a3ffff0348d7d697ea8d8121accd9269c62b79f,65
0x6a40082f910f52f432e8ac69c81fc6ad4d4fc97b,36
0x6a400aefd2854a7f48b9072d922640491fe2ae9e,37
0x6a400b7b0fb8b834cb3af357d9e76f51380448d7,41
0x6a400f226fa4eaaf140a4959211bce7a90441a7c,2
0x6a4011d43e5f4380d1890628b0f476989e9acfa498e8ced6dac4666e813d97ea,1
0x6a4013eb8eaadf9dcf6f104315080f63f6bd9498,1
0x6a401c2cb80628f10d62a948fa4d114c3cfb9595,16
0x6a401e38dbb55a3e74ec02cc9bc8298a15909302,1
0x6a4020f097501f572caa5711f53c4ebd9fdb442a,66
0x6a4023ae296224ea69d6c512bf09c3d0e4fdee40,43
0x6a40294f001a5422f514e3184d4a90ecc2861939,12
0x6a402cb0674bff541439e096778c9079aca39762,16
0x6a402cb88465e42a18d01717b271dc11a35219a0,1
0x6a403257e0c5ccb831e1add8b870c34cf3fcf98c,1
0x6a403cb5e4ad39bd079198b443f7ea295eeb7a37a80ebe543cb9552165ee9991,1
0x6a4042a894bf30eb87fb48a4435083db5b9d03e1,1
0x6a40432f11186f5346f9969494342faf250278bd,62
0x6a4043c050ed8d06570450b62b82e4b64e88ce8a,28
0x6a404a7a16bc08ddb2d973a64a688bf91b13f827,30
0x6a404ae8b4e7365c9167f4bc03acb6aec1eeb115,1
0x6a404ceca0ca153e140a5d42843c7633dbc6d77b,21
0x6a404e9af758cc08202630a118496d4397c72b6a1f28976abc76c5d1cdd06494,1
0x6a40524f23e26ef28bad162455932cca53116452,3
0x6a40545cec9ba63a0fa19cf578ee3c87f1f29753,1
0x6a4056fe9e4138b3cd87917c09d54a008051f884,1
0x6a405cedeb483656c48c8ffa4c133bb04f98be0080049d94872d94d7fe25dd6b,1
0x6a405dbac650d0db765ea95cc43bb3345e64e08b,1
0x6a40613936ed311f44f7ededdb3a7dad74db6b6f,11
0x6a406272ed343dba6c0c8e4012e7def2fc288f42,21
0x6a40637e529627cfdfcab04095fefe495b61e9ea,1
0x6a406d5badd0591f7c1721d3464c3cdbe9644694,7
0x6a406dd1c9d6f7651025b80b705195ae56942085,86
0x6a406e07c5ff6fe1ff1b2ebb970bd17b31503999,1
0x6a406f004ddffdec41b0cdad7e9a3f820fe51b46,2
0x6a406f38ef4906c118423b99cb2863ab9de9f39f,12
0x6a40748e5f65764ad785bb9b2b2fa9d5f3788c5a,2
0x6a407521cf9c4fade269fcb66adc28e0e2049516,3
0x6a4077f693910c67dc9aa139352f03845cbffd2d,5
0x6a407ac8b964895f68167d71467a5d7e33380a0d,14
0x6a407ba17a69207d5dc048c9726a55e72ae2e97f,262
0x6a407c6c3e63d68c4e45c71f65e3c15a6bde09b4,58
0x6a407c943b7bc3c47bf00dafa36a880dbfc137f7,1
0x6a407eddc37413160b61c3d97ba37676c7812415,18
0x6a4082dba57c3eee5354e1b0bd8ff360fa4eb114,1
0x6a4083094fbc93cba4e54e8ca70b81a367a81630,1
0x6a40854f17fddffa51b9b651483ba739dcb2653e,1
0x6a408916b29e90c9a0ab7905e105ce0f7a9bec42,3
0x6a409048baad7ac0aab7036909117a879c91abf2,34
0x6a4092bf23348b1b145a76c20f97bb3fc8d0d5cd,1
0x6a4092ffde23162be08ecb61c7e2992f006ca0a8,27
0x6a40956969953dd8e31572b0a1cbf88eeecfe974,63
0x6a4097d64baee9ca064e165b0be8676787941044f8a1e91e3a6482441574b1c6,2
0x6a40a1709cc5794fce2b634eb2b55debab0686b0,12
0x6a40a72d00cbc37d098e93d4bf4ec549ec893fc63ba387b9d6f7f8445af48dc3,1
0x6a40a986eb13460e5977f1a8c40bfc4992f9f613,9
0x6a40a9e1c05a37c4a9d095afdf8ce82856903a73,2
0x6a40aaf99c40383e9a6336a563d5a816179b54d6,87
0x6a40ade2938748dd068d28c24499762ec25c502d,4
0x6a40aed4be88e3a5f35125a5473f6ab9cf8bd4e3b7032a0598201515d74ff3c1,1
0x6a40b133dc4f390dd4727d1ba80eb285347205cf,1
0x6a40b238ec4a1b484ddd9aa5cd04b194661002cb,3
0x6a40b42fb044a275b2fffbe1328586431482271d,7
0x6a40b8ae06f852370875a6e98e0d03fd5d5d63f3,60
0x6a40bb4d4c8d4a10e6fb488316578cf25fa0f4a2,1
0x6a40bc6e5913c07a205e70b80524bfd5e5f5b4af,5
0x6a40c0e2be8d72923e4d4e3249c966d4d6672501,4
0x6a40ca2b6d6b853b1d7b48430fede619d86fbd4c04bffb81a205442481e98af7,1
0x6a40cf61307570f64dabd56abd18287560387528,1
0x6a40d0ff9a0e69b79b174797a0bb90171fa4dbed,1
0x6a40d2a7e1160b467d72dd22780ec6ca42c454a0,7
0x6a40d4ffea42b7efdefa74c9a0a21e57e577f90d,35
0x6a40e92a00f0600cd0dbefa8fbc0f7ff8d90c90e,1
0x6a40eb5928fcb0cabfb525ee3092abe4ddf2dcdc,36
0x6a40ef0400ed285559c528b4d9321f11db2dc238,1
0x6a40f1c4b4a5daf935c3661eb3bd8790b0e5fc8f,63
0x6a40f33685ee2ed7d16c6db149e3fa6364f43a67,7
0x6a410343c37df49ed5dba9f4b47eda68402e3624,67
0x6a410b68ab458338a7f2b5e317c01a503d3efc7d,1
0x6a410c7af1b1e3be7f3e855ba00ac43b5ad3349e,67
0x6a41121eb4fb6c4c0acbf4e0983802431ed21ece,82
0x6a41125f45b9f01846ce23f21fee6840c154d4ad7ae4686329f42ea3ca29a6cf,1
0x6a4117d51c5f2a5e628559fd7c23316c86e94247,31
0x6a411a0ead6f5d74e04cffaba30213499e1255a3,12
0x6a411c56718f7ac489d16a2fc1861b90322c4b1a578453808923c5acfc15a674,1
0x6a412566122f7ec13e778366ea2a764c5587e896,5
0x6a412655a2d150c69dc349598628be72b47410fb,21
0x6a4127c2187e01ca8fb80d5478d238e7cce883f6,72
0x6a41292568728893891e517d57c7ef94ca8bb22ea7a86af32f3316565405fee4,1
0x6a412a4276b2c97f833b2e280e010f6805c1a4b2,6
0x6a412bcd49a319b633d2c275cb230e4cd49a33d9,16
0x6a413630b62bfbfdcdd67f8ebe249a885572a7e7,21
0x6a41387f7d930172ff22b4a2fae07482b38820e1,28
0x6a413b0b1ba7c7e757bd85ae0045ec256c5f1856,6
0x6a413c34c729f451473b2e689e23ca54e5bb3d89,2
0x6a413ccdda2aade9ef647af99e627a5a36c7e621374f210188bbb8ee701d05eb,1
0x6a41446aa6c6b50b5b83abbfccee726f4188fce0d2a219d73d909c8d2cde816b,2
0x6a41479f24e1477814bdd9a6617cc528ec31665d66e0f04e6d66d43685f0c913,1
0x6a4148e02d9d8e234f0c524eb7dc63a4addeff4d,96
0x6a414a06eee5311a32b3e21d6ba8865a569c291a,4
0x6a415572e9c4d379e1e2835d2b5673b5d3b099f9,1
0x6a4157da6de3a112f071ec185a6e1ceca50b1e4d,22
0x6a41583666ff130dc2a07ce557e635e71f28c97d,12
0x6a4159d6768f022c6d9bae658097620785395a7b,2
0x6a415bbe88872338c4a22680741f70a21fd246e281ce81f7c1991bee84dc7b82,1
0x6a415bc43b9184fc4898c80e8212c5eff16277e5,17
0x6a4160eb3866a6b02ea53f27036de485bf9ff11f,58
0x6a4160f66e241fcbd7749df0ee6787d057b739a1,91
0x6a41628f74942c141e980e9a723ff30fe77c211f,2
0x6a4164839e36fa4b816ee0c6589452f1e15ca940,1
0x6a416671bbf5dc3cd33e1d5ffd56998f7fdf9967,1
0x6a416dc5ee7c2c67c29d74a4fcbf700d3ca5bd58,1
0x6a4171ff763d8c4a955b6280d78e8a897f9095a4,2
0x6a41773067ed31ce86a686f3fee2e22c9ebc0816,1
0x6a417d66177aab66e90e0c43d8b97cfac6d3cab7,64
0x6a4182c92f49cc05b4d12344b7990f837d583e3e,34
0x6a41851e7cd0a24d3b41a58188e43cc965890e6a,1
0x6a41852f3dd2c6a0b8bf8019df612ea2c0fc37d8,52
0x6a418765669ea87b4386eacdd324282b95d3c1a6,5
0x6a419064a8aa8349876109bb1bbe34b6e0654bef,91
0x6a4193d75ad5f0d785bd9d79b503dc19f389cda8,1
0x6a4196c2fb602d71bc2cf61a88befabdc8866f00,29
0x6a419a7c33f98682af253218dd0168ff49259a11a716dcdcbe9b343b4f7df8b4,1
0x6a419c650d1c94d362cea903786cfb3a797f02a8,48
0x6a419d51c52a49b11a3e2a15c78857ac4cf96a2038aa28ee0514c8ec3e13bfbe,2
0x6a419f5894e3c4f06f227ea034dffc7f7268932e,1
0x6a41a67ffce971451775af3b8d33a549f23b656e69b9bbd4c620d0c0da12920,1
0x6a41a692a3d4649b1a265b87895db038d4f7ef545af57b059c4bc2178074e061,1
0x6a41adb233d02bd06e5e043f69b038cb7cd416cb,1
0x6a41b272a9001e976c6ca156789afeb88917d514,9
0x6a41b43abaa020542adeabdc8b7de39455bbc7b9,12
0x6a41be7d88644ad071ed2d15b07855a9abaf8807,33
0x6a41c5672e1eb7af54eb6dc55c16c598823ab4af,11
0x6a41c7c249dc06585bf3846bdec903ddeafbfc5de97985dc44e0b7cb79503c0f,2
0x6a41c8bb45cccb89524b9d3c297f61efc793ca11,22
0x6a41cb787fb23cc8e94ed08d8d438066590544c3,2
0x6a41ccbb64806787383833decce9c043437f4780361561985f582629afc490ef,1
0x6a41d2b4923c11d52f6dceb4068b8659d50eff5a,9
0x6a41d522c34cd619c5cfd00474a279409e9c4ebf,35
0x6a41d6fc8d9860f763fbeef61ee959e3db5b9626,2
0x6a41dadefe68631f25d38bf4da5f6a214c220861df39efb3b1f9c4e088985585,1
0x6a41f08cf934278ef32215cfbd48f5080159bfb5,20
0x6a41f0ccea967f0ceed4695076fa34736cd89e3b,5
0x6a41f24141aff7e397790745af697e0c248699cceb718203dccb99bc86787c14,6
0x6a41f2b427fd950a92bdcf367b4e06486b3fbd92,90
0x6a41f4c9fb972b867b87b8e4e00471084eb64ee5,4
0x6a41f666841533a75e9101669b7a6943d26cb413ddb3ab6fbc57368683f79824,1
0x6a41f767c00c4c4a204464e6b8a1b3f96227224a,12
0x6a41f9cbc738c6c9bb489b2f3a70130c52e059d9,93
0x6a41faca19b9f9ceee11b35e890debcc8af65436,34
0x6a41fe2ac7fa0b6b56c95d72e3f0c650f7ee021b,1
0x6a42095375291b3aed3530138baf210891125806667279d190bdca9264176d75,2
0x6a420a7ed1a471d8dc55f3d99abe2a7c74aa69c6,18
0x6a42184ca465ada94373c957c2982b705bdc200da191c2f368e21478c3446357,1
0x6a42199f7841fd5930e4795245329a7782e93765,28
0x6a421b036062aa15883799cc1654cfc485bcd104,1
0x6a421edf96ff2efbe97b7038b675104ace7a821ce0e847b14398b219a4f541bc,2
0x6a42205cf676ca45d9214ec6b58c74fe1b69319a,2
0x6a422223dac2b7501b20074fdaf1fef272dcc6f4,2
0x6a4222d3941c473622d3287f715f9c910e620fd9,40
0x6a4222debc4c6dd333d1a62b03d56ac81daedb76,29
0x6a42247f1eaf7820e9ed0671ac9eee24bf3e8761,1
0x6a4224c1958adda750f423c01d7989078b646c2d,33
0x6a4227113f0c8e8807d865c2c7f61515258f36e8,38
0x6a422849e594f4dc099ad528584781d8072a9669,28
0x6a422d1a5bd68b9149bc36d9f11b5d8669a9a2ae,31
0x6a42382e4cdd44d25238653312a6862f3a5b6fa857eeaceeb022e20b504cb5b,15
0x6a423d3822437c13073a46dd00ad91ec8b84e654,2
0x6a423e040ec23f89f90d14d40badcdff7cc324b9,10
0x6a423e04bfcdb5573ce2094399a347ae9bb07a89,44
0x6a423e04fb3766c8ea9429b58141f2f19cb2f16d,1
0x6a4242b8c7d163851d97348b6f15c9885f9eab7c,24
0x6a4245c3bb165965430fc87c54a229935dac4760,23
0x6a4246c5976697e5b604acc3cdb90acae371de03e1382841f3559615779a47ee,2
0x6a424d4b4f302a0165eda1263522f4eb7bbc585a,3
0x6a424f1eeaff45176b74519bc7a538bf81dc202b,1
0x6a424f7a79e559340c055c3e3667ad63da23e383,77
0x6a42552c2eb14cc7a6d5dc4c6a276b3914676286,4
0x6a425ae6319bf63c737b9b42850e7f41fc166661,88
0x6a425c1125b3137645aa4b4fc9c2f710c834d0b119189f5b223e534209317769,1
0x6a4261d77e4829b0ed176568578b7ee377356aca,13
0x6a4261fccf2fd077aefdbccaa808a30ae02ec9a1,9
0x6a426214d51ddf91d696a80823f8fe3164eec0e5,11
0x6a4263191ea1a20fe697f537e02f66ef20e95a2c,1
0x6a4263c0b607395f93bc2280bce695aec500709e,21
0x6a42648948d9e8c847871d67fa60d32d27c99341,1
0x6a4266ebe7761190cc03e7c032175ee8d290ca90,1
0x6a426baf82e4a2bd92141bcfe07c4f93c8d4b86d,12
0x6a426bf1814b6a112c4ff01cb8dae5cae2ff8da9b619c07c5dfceddeb10c9829,1
0x6a426c1236b562938aae505b0589f2a9edd57d3545821d3adf6fcf60901f9559,11
0x6a426d531e28c954e6e44a20b61cea9bad15de41,1
0x6a426e1eb71ab6bbf372c33971122087cf819266,42
0x6a4275ee7213ea9475d3310b5c40059a24cf1057,2
0x6a4276ee39f9602f2a61a752ceaeb5590c561975,60
0x6a427996c7c56c3375308e85016f650277eda0350a10f2af57f4b7b6810217fc,2
0x6a427c398c665646ade1c94a8449ee5c40d8bded,31
0x6a427cdd062412219cb079d39b3ba297f8d6c03d,1
0x6a42811f95463e3a877f44f2bd3fde58803a6c7da9e7a522eef63f047f84d61b,1
0x6a42832c9d8b2bcec3501e7bbebdce1199765101,44
0x6a42839c79236855733807151093c66d293d1088,12
0x6a428c14477d00585a033a9c358ab6e52bf41e58,75
0x6a428d22646ff7f4f07de700e25b60e3c0e99b54,2
0x6a428dee02594600b82a081b86969564bb048588cea657decfca35d20f81e4f6,3
0x6a428dee7fa16bd77316ea37733b45f7ce8a786f,39
0x6a4292c1c981e33cd7ddd66424e8ea2659dd0cdfcebd7aa8b44ac8055d27ae33,1
0x6a429672438df5356ce8e27e0bf52b980654550f,7
0x6a429a12fb0839b5dc07faecd612a7c2d7ec8685,2
0x6a429a88bcd4cf8bbeed00b74ffb999ff3afef0d,14
0x6a42a32ed31609997c302d3cecb71b024e1555a8,33
0x6a42a48ab9e4e4263743ca9574f658d387dbd428,9
0x6a42a53e5497713c6f4f35c58feda918ab8da528,28
0x6a42a77ae5736c4e357abb10fab1ddf995e9ed32,11
0x6a42aa531d7e52adee244766c34d9334e156dfe2,112
0x6a42aada845299cf851b55ed169e08e9566d68bb52c7f1a341aa6abe12241f1b,1
0x6a42ab3be37e24685adc4a15fcf3afbe31edcd032d68ab70eb19658bc9d33759,3
0x6a42acadff111c7c99b97dfa43b2d0e99eaf306a,7
0x6a42ae79ea3956ecc2d29371a13efbc003379149,1
0x6a42b0860bd1330ee6374d40914c6828108c1ae8,3
0x6a42b1c8efbb25d40b59731e65a8abcd4f7ba8e7,53
0x6a42b49fbb0689ff6035a448f3f415dfbf26c939,39
0x6a42b787001f4ec6c0869a537904f2cbdfa29b6b,100
0x6a42ba4c42c4e4d4a7c4bf281a68ca90ce9cc2a3,1
0x6a42bc058c11626876b0d5e2302f73daf89cce58,11
0x6a42bfd3a66417602ad2facacb055ca36eef8f55,2
0x6a42c124710e89dfd94592ba8d108bdc715b9ced,62
0x6a42c1f4dd8d9fcf3bd7bbcda396d12dda35ee9b,8
0x6a42c2f2d33e21988b82c6f8c90ecdc916ef6377,1
0x6a42c87103d838326a69b3ac4904185c88d2d6db,22
0x6a42cad25845d39e99077566f1386bf1b2f9b670,1
0x6a42cb984495d3692563d1a40cf690d828ef0384,1
0x6a42cd618f6c4a62a9ab2c1338e0ac103e674609,1
0x6a42cd730f4433c9c60545082fcf1389987f18e7,127
0x6a42cf99ed05452ab6306aed263e42942e929abd,2
0x6a42d5abe18e8f1ec427c137f2642de6930b652c,60
0x6a42d6b0e702e94f16e8b9c2c199b43c89403578,1
0x6a42d880001583f3bc9c43dddff43b84d92d3f31,12
0x6a42da2616fa6eff4bff03739c0c5f70985517ca,42
0x6a42df12ea5a4103e94748dfd2f80a422ebfc0c2,12
0x6a42e1cfeac64babd773157b79cbfea0378fea49,59
0x6a42e48b52cc8d94b51e9f82f39000fc95fb516e,1
0x6a42e8db51efbdde2d0884b300561885c0eca471,60
0x6a42ed6f69a0f9e17dab11eaf24b88ac05c21accfe5bcb834307a4bb7d067c1f,1
0x6a42ee41edd63d9475e41e01604355a67aed3adc,2
0x6a42f063354884bb8776c57f33d99cc23c113e70,54
0x6a42f075145b7d34fbfb9cdc53d25b94c32c79e3,26
0x6a42f52befb70e920a3b3af3fbce4c7a0bf43bdb,35
0x6a42fb5d69fb862d22858358d8911ff8149abc73,1
0x6a42fc9cb17c5034e9293e0ad960c7592de3f580,5
0x6a42fd5fa87f4d21a8e22c40e54b5f45d3eb3b5d,3
0x6a42ff25032d4a57a5ee2e0a902310643062e38c,52
0x6a4304f0014270531c8212cd1402ae1130dff2bc,10
0x6a4307c3ca35a22ae6d56a7ba2d1ca3dd8451874,3
0x6a4316a35e7a260b6b762d44d63f8eadd97ba96e,19
0x6a4316eeb8ad082b27b16fe7bd56d7be76b10e0c,1
0x6a4319a7e1eb7bd004e10b99bae63e8260379f2b,33
0x6a431f6988daf8adaeeade09b4166644861bf44b,39
0x6a43210300cf9004955c2155e883f067d953554a,57
0x6a4325a11a766bc8b160644ef274447cbed75a9a,2
0x6a4328e02f6e4308c5d4c174acc433f0512b2c89,26
0x6a432cf8c0c0898b99bdb87b8dbd21a4114b7b2e,6
0x6a433046c08f8e68a3d079a76a93ea2a853826a4,76
0x6a43313781dd781ba45c0f0f3eefc69565b356aa,1
0x6a4336790fb9bee4315dbf7b0f37c82811765205,1
0x6a433ac6750e514169bce931cad3df1207f92922,1
0x6a433b5c8ae60c5ecb871dec18f76ea50d650a5b,1
0x6a433c848ad71751aba0e37585b349ee3821ff37e9f012db692c54a289b267ab,1
0x6a434480e661998cd87c40fb2f10ba27cad2049c,4
0x6a4346720236d925f22faf58587ad1ba56f2f21202c6b07adf8fdfb4990fc109,1
0x6a43469c26e3cea066707f3ddf431565ae136416,13
0x6a43478c7e6f6bf53d19ff9609e2ee1f65ed52ff,70
0x6a43490508a578bcf7c1aca2c9cbfc5f95ed59f0,1
0x6a434acccfc8ecf8e42af9efbee24eaac2e19e6c,32
0x6a43518b8c338f5bfe256ba99734290f71d045698bc40b9710c3da518996c3d3,1
0x6a435546074ee1337e1dcea0c255862b636dde3f70c61205905e83601ebd4600,2
0x6a43561950719b3a1e895087f8876611f4b5d368,1
0x6a4359b409a05789b1843484bef91a60dbbd748f38ddd5c9e8a62a533e09f94a,1
0x6a435bcd8ec93346d558b84cbb213a31da52222b,32
0x6a435e3fd842b76b266208ccbf96febf143d39ed,5
0x6a435e95331842d4b1ff77f725916258d979c5d0,58
0x6a4365603a00cd92790e499d4694c96f446dac9f,130
0x6a43665bc3fd99e03121f771bd4c364595409fa8,3
0x6a43674ce4f5da8a26867ede6a9a93c027330c52c8fadd5eb3428f78269b8901,5
0x6a436876d58b31b734bd773199028007e22fae68,1
0x6a436aac0a6c2708f823190443f81eaface7ae3f,2
0x6a436ca4197725c5603addce4d20e1d8583d5edc,45
0x6a436dc42111e1a2b125531456a67fc889bfb7b8,33
0x6a436e3f20bd5dc62fb78fab853b44f206ef6ae8,61
0x6a436f0551e99a02018589f722798f897a0bfe4c,1
0x6a436f1f2204c828b4e2cca06e7b52cd622deb7a,23
0x6a4370a5df71f7937a47aaede2d760a8d1bc19ff,10
0x6a4379f763b3e444c8548ccb7b7c061db3ad7cb8,367
0x6a437c617e05e42a5d2490ee0ff7e21e3c79818d,14
0x6a437c9c505c52f96c5ff594882096b326570b93,1
0x6a438113063ca80f315a9d9106b07645be7e51b4,12
0x6a4381f94d30d56e08771ceb15735ba845945497,45
0x6a43823e95582b27b93ce51f622d20b3ad9649f0,30
0x6a438b49fc36f2412ca42e55eeb0900a7bb40bab,1
0x6a4390abc366d523fa196a6da61efe402aff0d00,6
0x6a43956b8325053a4ea50bd8e5cab38789d074e42ced1a0ccad1f5a11d1e2ff2,38
0x6a4396e58b1cb7efef5ba8ade703968c08bb053a,245
0x6a439b25eda3da0b3be5127343f123ed54e296f4,42
0x6a439b67c358a7c4325a47797bb69fedac593b66,43
0x6a439d876177b6c687a25e9fa6197c567b5ff68b,28
0x6a43a14a831802e810305b9df823bb6ff6a0d855,40
0x6a43a29842f9827ca55e7517c0413117497441c3,1
0x6a43a7a4451f360e4235077718aaee81a9bca5df,58
0x6a43a91f4a6b89d8b74084078921f1e8ec2c3075,21
0x6a43ae200313c190ab403e9e4bcf37962ce3ae9de552e2b1e0f1bb8e38f67c43,2
0x6a43b09f4a86c71354a578c481e2d9c916c66170bd01ae12397b84d4bf3556c8,2
0x6a43b1794e388171aa68a05c1b61e0ddd138f89a,2
0x6a43b21e51d3c97b05bc30fd77925ea7f118d157,10
0x6a43ba7c26961eda23dc96c1efeeb528deaf50f553b88a52a50a5fdba025f2,1
0x6a43c0ff200786f7387b2126dc15bf8a24089bd7,35
0x6a43c1517e1fc79263a235d1723a58cf2a4c7ef8,20
0x6a43c47325f42c6341669d2a4854d77952d37b96,28
0x6a43c481f8c8dae7a73d11533ac8965c4b9ae4af,1
0x6a43cbb160989039d5bffc30af3b99d235f1791d,55
0x6a43d352a5bfb8f401552340cab882c854204e3e,7
0x6a43d4349dda70250cf0e94440f9a376acb5ffdc,1
0x6a43d7acd177f549bf87fe7a7878c1264476363b,1
0x6a43d8d66bce7fbc63e2307c78c96a45ca57f14c,1
0x6a43dbc40ec64942d34a28c95478ebb1a0dd724f3c877bf2ea7c9060ba7db3f9,1
0x6a43e27825e854cc7d841b9ba955a0ab196ec515,32
0x6a43e3d826f0d99a5267dfdbe7070a5ac635942a,86
0x6a43e60d5520912d20f19eb29a011e82a6ee50ae,1
0x6a43e61e617c38f4ffad3964ac8d7573b65e1370,2
0x6a43f3c597d8ad2f495612c609bda830a2226b7a,1
0x6a43fa31ff6a9e4d39283f4ee2e48bb804286924,10
0x6a43fbf9d98754c3533fdd20044e4c873326a3c5,10
0x6a440534f289a9cc3312aebffaaba617d1e6d748,1
0x6a4406e067c7538b2d42bafd9ce37c526a0e0ed1,87
0x6a4406f5be648b406c0c20334e8a5de6b4999516,43
0x6a440997ec871d90bffe2f3c7707ec4c3f0a42ff,2
0x6a4410b26a760925ab8549e30f66cf9b31ca3c6c,7
0x6a442451c4feb41156854cbbcf599f8c5faac0ca,50
0x6a442666c8c1be66b34caf1b1b76158fd03af9c38508a94e89a754958174a1d7,4
0x6a4426ebea72101c98da47e15331d34877c0e8cb,68
0x6a4428339f6e4780b36c75348196339eeb5cb166,253
0x6a442a86cab0ff60d0a0dcaaf762dedec21002de,64
0x6a442f8970b7817078625d77d02595cb72cd13c4,2
0x6a443e2a9ef1542ab86e4530845d30a96f74154e,1
0x6a443eee3f567637a755308d35a759a5514c9fc0,41
0x6a444156ab893ab0d34035a37f7ac0aa7fbbe8d2,24
0x6a4441cf1ffc9a3e9ac1a5cb301ec0d7f1479599,14
0x6a444213cceefb6e406e0dc572a765fd49bcd892,40
0x6a444353b7288831e0f56fcee9c13ef66aab2299,1
0x6a444417f6110f3aa26c95512404c8999713dc43,1
0x6a4446f9b5a688352b189ddbfa591948193d5991f55ec21caa57163098fb37e5,1
0x6a44485d109771a73e9f2b2f2c2645029a9ef904,1
0x6a444b7c92a1ff3e94a1568394c7e118f3ce1fd24eb38d3a09e8eed1bc09fd17,1
0x6a4450383fdf92532f2e26955d9b95165b697143,2
0x6a445074a86704a6e10f7dd1c9d7ece6bf120e92122170ac1564a9c19c9132a5,1
0x6a4455e94c00d9af5e1b557a9538adcec6d32ed3,1
0x6a4457e88d73f73bdd11d6a12305c405cec272d7,79
0x6a4458069b8ef0e1880ba677a6cd3d3796a8c6cb,125
0x6a4458d27e1c7c855c78e623ecb472911e5600ba9a13084c873750c3e9985b9e,1
0x6a445905879d30cd1bd745df85bbc641bd5b6752,1
0x6a445adfd2d912cf4cf1a4c946fab646cc37f416,3
0x6a445c54bdd83af7bc904c5499d7db2de394bd434d1140143af609876af74901,2
0x6a445d33f07d2eeb4eee0c9b76bc180bdf84e002,34
0x6a445e2ea5e577a2fe346a46a3f6a3bb62f50343,14
0x6a44610ff067751716e61468f6de3906d6382cc5661875d4efe04209323369c7,1
0x6a446216b31bb462e353d6eb9da3c47506fa5b4b,3
0x6a44645b893d897a41f8d3328ddb0d798294e873,62
0x6a4464769f54c146f67e35b255075c21b076bebf,1
0x6a4464aafbe89ff471e53f8ba61f2514251324f5,10
0x6a446663c555f9f1259d13fd8ddf0d848f2d760c,2
0x6a446a44425913beadf578eeda54f65146a21e5f,1
0x6a446d9d0d153aa07811de2ac8096b87baad305b,16
0x6a446df42ae48f91696c3524528c2e4a5a58de56,8
0x6a4474e299140497cc9c362802f00ab5d1120f52,1
0x6a44750b6da8afb3b6b32bb65858c0dce7a1470f,1
0x6a44792e557e143534ac31f5f269d797cb7623d3,3
0x6a4479fde23db8560f2845af0aa71f586d0d7577,1
0x6a447b7262541618790d58d238610cf016484233,69
0x6a447dbdddfa81b0ebba19eaf9f553535508b53a,30
0x6a4481f995794b37a0052caedf440c20d18e80d4,81
0x6a4487b475406d9dfd8a92ffeaeca8e9927a5b1cbb88a168eced9bb279e39038,1
0x6a448c4d8365ebac27bdd6ce24aa8e4553227962,41
0x6a448d8a3fc644fe2f84b1a0988b0d0b239f1edb,9
0x6a448e206f6676a3c2cb41260fb0dd55ccd24ba764d1065c07e003593a363444,1
0x6a4491e8da7a3a1d9f3f41eb9bbbbb6211159841,44
0x6a4492a4e34a920bdcc60ee45fcb77b65f935120923e79b6bf555bb47e6659ef,4
0x6a44932f9a4b225553f8312909ffb016c306a3a0,3
0x6a449469bda8d6e198c1ebd44531b9c135da65ae,6
0x6a449e348e9c944e64f0ecf2d69c65f08288ddfa,8
0x6a44a059db67d183ddad0659cb04468c854425c7,1
0x6a44a68669e2291d23bee4e85fa9e21895870c1c,1
0x6a44aa5f2b20aaae5e423e6f580a064045f7994f,1
0x6a44aacc550f8ccd7b599fac936798836a285fb1,43
0x6a44aca950e70dccd5d90fd063a002f5ca2bf63b,35
0x6a44aed70fb3631dac6a22028b04e6eb9a736963,15
0x6a44af079615e408fa2d73d8d578e296ace15920,1
0x6a44b28e369719295c5ac911932ecb1a76577766,1
0x6a44b910260ed7f1b9d4647a7577552ebbfcd750,49
0x6a44babeb83a313da2888c52487cc263d15edb08,1
0x6a44bae0d868417ebb317bc659024785c0a331af,36
0x6a44bdbb26cc72b087c4a0df64c5277c7b8fbfedf6135a3105d6fafa34f7b8f,1
0x6a44c5d57a8ca9d20f53d1c012e9315b70f094e488e63665313b540d8e6be72c,4
0x6a44c9fa4921e16f252a3e2790234afe784aa7cb,31
0x6a44d0651f325d298123d90e59a941dc005961fb,3
0x6a44d57ad59610d0aaff0dcf9e17072a97e40fff,34
0x6a44d5b746392fb1dca7f9b04e8aabdceaf20a66,13
0x6a44d831c8528cb603bd47501ca625c095cffc8a,2
0x6a44de46cfd2bacc55f183c56fcac250fb2699c9,3
0x6a44dfdd126ae4b58e232795fa07557af9efe5f2,1
0x6a44e0eb14fc00ff5adec55d948e62b92d27f046,74
0x6a44e228c324c1a59d06c91295f4eced1bb3e4bd,19
0x6a44ec33356ef1dbb5886ecd1778c08afada8311,42
0x6a44f0167e6cdd226705adf85470f504998d94fdc1b100b430265b949ba3341a,2
0x6a44f357c97ec544633ca3204d18fbc07c42398b,18
0x6a44f7467eecf48599b280e3a51275b8adb9f0bc,92
0x6a4500fd29e9925a68ee05ddc68a600e5ee5c89a,1
0x6a45022f93ae45e4939d7ca4d34cdaa9654567b4,37
0x6a45051a1fc833ea4fa36ad1781a991bce789174,1
0x6a4508dc11759eac39d5f80e4b0dd277584e629a,24
0x6a450f296f8ee151c46aba0eda98a420d36c2ebb,40
0x6a450fe6d9055e41e433d1a92ca4c00b7c37156f,1
0x6a45100c7fe2a7f7e97120451abf762cb93ccd12,2
0x6a45121a1874260db17f8386ceb021a42a4145b1,45
0x6a4513d60cf1b7e8110b003552b2b8d0ff729142,5
0x6a45160dc5979f1ec21ca31385d8d48296f3f2ec,1
0x6a4517d637e8741a253570f9588f80ca04bc7bd9,38
0x6a451fbac99ed5a4bae59789498a6cad180f66c6,97
0x6a45218427694ffcb0a8c8fdf4e7df3fefe0690e,8
0x6a45232f22768441768de109f890f2dc392a5f51,4
0x6a4525f59fad71f9587510503e99b545cd3be33774a552ed602cb15c3c259a32,1
0x6a452664ecf2b4c06710547491386339428065f3a762aaf48d5daa8fe607aea6,1
0x6a4527bbf29874fc34cc15bc09aab4392b5b6337,48
0x6a452b4fa1dabed50b513b431c00ed707f61536c841ccb8b9258d7902cc09a10,1
0x6a452b81a909968e51947d7b32eda3254740788e,4
0x6a452dd33a21559ca26fad7c0a6b10b586a87080,45
0x6a452e1ced4de087733d49c2fadc6c3c3b8ab02c,2
0x6a45311470062a349e9b992dca96088a509cf017,33
0x6a4533fda2d6caeac8ff396cb72dda71d44d3bd61ed4ab502263959937e83916,1
0x6a4534a25786afc308f998c0db75d684bf42c5de,1
0x6a45385470726cc8b904870fc9bea96903127bd9,13
0x6a453ac277d6623af198332fc1500b7b4261589b,58
0x6a453b233059be7c067140f0eb8230af93baf235,28
0x6a453bc0797d34269af5d409245c5aaa4350669e,11
0x6a454488117529abf9ac245cb1d23d31dcf3ca8c3d9a6cf7d534a8929191731c,2
0x6a4544bc7a9ef0af37227f43e828ed2936568c98,26
0x6a4550c4fa53f6921f2bc1358085791d346b708e,35
0x6a4551afbee2e651747a4c73f258e32210c3d14f,1
0x6a45532eb0302ea66467072761e9d42cd4110474,32
0x6a4554d0ae7e2f72d5a468e17803c76b58177b175e7a99c66fbfddb6719cd85d,1
0x6a4554d5e67cf71a39d299a1bc93170261bca92d,32
0x6a45597b9783f7ed150e5e21bf41b6a48a120cc8,4
0x6a455a73032c2df49999c914c722034b238e074d702fc8946f332b0ce47e74d6,1
0x6a455a8a803048d1706edb75b56dd54e76a52d55,48
0x6a455be66d2c89f680e9f5caa12732461214b1b4,32
0x6a455feb31d7e89809598206ae39c669693ba4d11b344df52dbecf3832eb467,1
0x6a4564101178ab8e27f5341d85dc1b30bd751db3,8
0x6a4564f791f036fae7d4357ae544d8e0f91590e5,1
0x6a456ab35758c7857cfc9f2896396a034e463dc6,9
0x6a456c16891042add3ee928030fbfe5ac150fd2d,4
0x6a457067296fc0c1aa0415513c231043a34d899d,1
0x6a45760b62b239ec8c42237314ecd6e1b953a7d3,6
0x6a4576d65504e549e4c5856d95a2d375f949db0e1cbb22df34ebb5fb3c1f35c0,2
0x6a457b6894a8575b3fda6d738de2c7977f75cdb3,22
0x6a457d533f83511fd6ae7dc813b88be85cbbc060,5
0x6a4581f757433c9e97890a4d85a0f1d4c8d579d6,7
0x6a45827688470e7e2511b6b57a817f96d2f54b58,16
0x6a45871ea7268cd46db0b07ec0c92ffa391411f4,3
0x6a4588a0523593e279791d63ef69cffba987df24,11
0x6a458d9efc0b0c95c5c2be3bba690c0216bd0475faec27076f0c15842f33235e,1
0x6a45970c219b107691a6728197f3c60e9cebf888a968d697e0715063442f513e,1
0x6a459ea017aa12d821f2a035730747f859b4d43a8f88166267c3129a5efa7e57,1
0x6a45a265dfcddfeafae3aa12e4b75da447ab8ce1,12
0x6a45a342ea6c4636cde2cf4891290b39c10630d1,31
0x6a45a7cf33cd27d7cf556641ef59d98e2b6b5af2,1
0x6a45a7fa6af7919d75e775613dd5ed7e8b50595b,2
0x6a45a9ba880c9d00d4a26d5c6bf51e306daea6d36df35b188b56f1d0cccbc8a,1
0x6a45b137c9681cf3cf531eb61e68545779facc36,71
0x6a45b71e5f9d54aaaa8458acbf8a42a8b8ff8f9b528594a2f755c57724aef62d,1
0x6a45b87d69cb6e719f7332ce89c0f635b750a891,37
0x6a45bb8ef41f45a8d310eeddbaca1b58dee9b7c0,13
0x6a45bbc24801116f338d7e7b1dd58910764caa52462e5cea602b80a3060ae6e1,1
0x6a45bd60a3d13f42304298974d54e3c9e1203b5b,5
0x6a45bdf28c3b5ab12a9c2c385e76e712d97bbaacf1b8297c9c86ba317b8a9a7a,17
0x6a45be3dd48936acdd08c98dae147ee44f44b586,73
0x6a45bfc345482d94879ea1d4b181795b9cb933ef,2
0x6a45c19ed5d5fd7d41fddefa7d36a0e2aa8dbea1,3
0x6a45c27e47ecb7d51e69839ac949aa69f8f0f15f,58
0x6a45d06debf8c6079fd4bed8d9e1b5830bb65fcc,2
0x6a45d23e44b3a694db33e348e8ab5fb6a72a36ff,3
0x6a45d346d33c11c3d96510a6f42646a84fcd7996,64
0x6a45d63a06cff9741d663aeba4747110948816f6,26
0x6a45d6b675e30aa6a5da65f9d6f4ed42438428560b5ee9344bfd9f2d0457fec1,1
0x6a45d92faf23b03ecb0be3def07f92142825bfd8,1
0x6a45db29791564c3408e217ec832523edddb1a74,6
0x6a45dbdb47e3eac52bba41609102594813573f8acd0b1e9752f75b15b82a7e0c,1
0x6a45dc4ff56a4426869e5c52ec40bdda2e906b1a,5
0x6a45e12d20cdf83e19b6260828102d297eb0bfa4,12
0x6a45e62de903ca019f624cb775e3ab5a80cb968a67e284bef668e129eef78938,1
0x6a45e882ae25b3006aa8fe83983af14af7949fc4,1
0x6a45ea0ee83f523eb8a67c96e87bb22d9cc72263,34
0x6a45ec1bc245a0f497ea11ba19ffab063963a602,4
0x6a45eda638afdd57e98f5d96cb3f0edd12aa5bf0,37
0x6a45f0cce080959d7243226f2167882b1144bbe1,5
0x6a45f9d8549e496e19af2e499d25e16ef8074fc9,1
0x6a45fb4a700ce8b893e124454e5540839883c4a6,3
0x6a45fe47e16e4c49df38d65f5c0e4da9fc110011,38
0x6a45fec0ea36ebfa569cc21236c0769fd1fd03b0,4
0x6a460289c7f0196184aa2718fd1d6701d873ee90,1
0x6a460b897c9f995a34eff77274c7873df18c2272,3
0x6a460c654ddf14cb67ba39853f983c9832ce7b9a,7
0x6a460ef2dc6431af43c0e968ee2030461248c30d,53
0x6a460f49efbb41d2f2ce5eddf8a85798ea7232da,1
0x6a46169f05984e17a9cac515ca69cf89fbd9447a,34
0x6a4618704d4e9659421791d8d47f371a0b8bb3ac,1
0x6a461d57ecae6b2d4eac1eec9115985883b80d7e,1
0x6a461e29c5631058dfe484796e20572b28a37ba1,1
0x6a461fce86bdd7918f5d21dca28233655d51678d,26
0x6a4624702d01d329f078926d57b84d1228b0c25c98ae2e8a5cddf5cd64feec07,1
0x6a46289826b99da0616c91001f0ffaafa3f3857fc51bdc488382f70fada86d3e,3
0x6a462a414ee850c7e91802d35ff002d28a2b59b8acc1e5651a5409a44199bd89,1
0x6a462b6b47510e961d9351a006cd0a56ea4273a4,36
0x6a462e2339246edf347ac01ad1734f5674f5f282,1
0x6a462f9ad4dc21ce897a78ea6f0fe10ea3c6a1d7,1
0x6a463376d273fc0321fc827fb00c381473891f77,36
0x6a46376ae60fa44733eb1976ebe3ae25320436c7,1
0x6a46380e3dc57572ddb1c3f811bddab4dc9297f89cf8ff10caca5ae5815d544b,2
0x6a4639129df44639864b392e75c706f4277b4725,2
0x6a463e5a00967e361e63ca67f7b0300b4ac83b4e,2
0x6a463f1c5a919b0b003af1b860b372e085b593b75a21249a9b659c2b0056f4ca,1
0x6a4642ae620b169337fd3e4c3c4423198d3dbbe1,3
0x6a464766e7d573edd6f0ddc0c5cec90f4f85fc3c,70
0x6a4647df3e9595c14de877dbcc3547bde9613038,89
0x6a464d8430a626c9b6deb116478e0b99106ebe86,1
0x6a46563b839011883bfb7ce920b80ec723f43026,19
0x6a4657dd65465466466081447049e9ec70f792b5,110
0x6a4658c0961b524a4478cdd46286c10e269ef7e4,96
0x6a465ad7681644d06cac62e448472e895531ec79,7
0x6a4660383f956b390db54920e535546747f22cbc,1
0x6a4660eb2b812f54c2b94475dd600e4a4b425b64,2
0x6a4662cd159bfecf8d3ed4653fbc4b85032b8df8,4
0x6a4662d48af62e65515552b5fd9b141de9d784fb81184d1c684d4ac46a896230,1
0x6a4669686b0fba6e5463383beba95a4b397d8984,1
0x6a4671ec8c6bbe4b277353583f6357b700009abd,1
0x6a4672959639531f4bf649256232b93a02cd4a38,6
0x6a467677930a3ed89a25aaa2cdcb8e622f0c0eb5,19
0x6a4676bc4b2d3c18a75cc516fb3e3982b7c70c9f,1
0x6a4678262a7d880fb5efceb167182f149b7c5e83,99
0x6a4678b62cc0c934567840b58f7184887dec09aa,9
0x6a467dc0cde2b51cb87bd7022f43bb169796b7fc,1
0x6a467f136e6809cd4d6f943467ebcf6ca1e223b8,56
0x6a4680a3c55bf13215aea6cf3e6b4e6208eaa024,1
0x6a4681e823890abe4388481c5e6e8b30ba5cf3cf,1
0x6a468319bfd4a1fb10656d84d1c9c7aa3c5a0350087d2a1cbf149ad1ac80fbb,1
0x6a4685a461541077e73b35880e3103ae0549f769,149
0x6a46877e4410498e71d48d5dee4eb694601971f6,2
0x6a46916502560491081f08fa20b8aafdefe1cb34a4217cbacd0140039518fc04,1
0x6a469576d761e31b0b3cdc4addb613cec9ad3534,40
0x6a4695e3b9e7261451573e94ff3d54719675d1e8,2
0x6a469a116f20d8d43a9181da23dba60789d8a672c5c24c0154c1edd99c7d5891,1
0x6a46a3bd185bb1b3bee2952f805d6e7d921be708,108
0x6a46a4912d384e89ae19b4a4c434413f9cc3e155,3
0x6a46a7435db20fadbcb6cce83deb3da2b52df17e,48
0x6a46a9fce05e258776e6d2968c533bfffd8c6e34,11
0x6a46aff18d2d4f086eb12ede332a38a9f2d0d734,29
0x6a46b1a23616be52b6baf3ec0b404d303d931a54,1
0x6a46b96025e3abbd7ae5278fa1e287e7700d44d2,29
0x6a46bf190c5bce6e24e7df27b432e113f938833f,114
0x6a46bf392ca2e0a14e613975eaea8aef09e38da0,1
0x6a46c45a9d5a5042c50340e966d66d2f49413a1b,1
0x6a46c8610a18ef1386f746fe3257555c32488fb3,31
0x6a46c9ad464754d5a249a7970aa5fac605b200ae,125
0x6a46ced1884372b4faa56df522904df0096b489a,74
0x6a46d104f58ed4f4ced120d295ec16e35a369e25,1
0x6a46d21bb4e3addd4c5fdd482a5c4f9db94fb061,1
0x6a46d3307506c7e371fb9f64fd8ed0fde826da13,5
0x6a46d334b64fc6bdff492cc0e9a4fa63194dd869,71
0x6a46d3c91125f8c4dfda286eb53f3f9f68646112252fd84bd6f731936ea41a83,1
0x6a46d4fe61458b2d6086526a17b56aae5dcf5a59,111
0x6a46d72fe3908ee8c51c23425c863a4b30ee3c98,8
0x6a46d8423873bf64a689241b362b188ef4e9c69a,39
0x6a46dc629c0fed200b0eccb7dde69be7ea43578d,1
0x6a46df1ea96db7629d1ee56480228069ebe02b01,1
0x6a46e0da234e73e86aa4c971c10fa0bb6d37c3e5,70
0x6a46e1ee4039b213e1c9d75db2545c907eaab538,7
0x6a46e66acf436796463a87843538ac759fbe2315,3
0x6a46e74f960658cc3dc34e51e0c58674e75345a0,23
0x6a46ea9a18607f5606343078bb7e4819b9fd6506,1
0x6a46ead2feb33ed4f825a305c465a5a88865778ecebb74b68391dbaee215574e,2
0x6a46eb000b58c5876c7ccfc7ad30ae196a8a1b4b,83
0x6a46ec71303b01887096f08e0f9d6744cc6891eb8914307bf502e042caf72cf5,2
0x6a46ef6aa4a8823d15ecb33c258f5d0959f3268863dd27977cab52deb62ddd2d,2
0x6a46f085e73aa7bff05f33a40285c1885925d9bf,1
0x6a46f626ed814558e9bda1feea13fbf34ba45fa7,3
0x6a46f65a8804510249b9103975db7be53ff15a8c,1
0x6a46f78b4c51db5eabcaeef007dd32541c2a6d7e,39
0x6a46fdfe75c9270a7e0dde30e21b7c4c1635c3a4,1
0x6a470477f6f362513b74cd2e86907f86cab30c7e1e9f3ed378249d5aac3b2079,1
0x6a470874c1a489b3466b750457ebde6be3070f31,1
0x6a470d22316e87a829176aa9bdf732c7c77c25a1,1
0x6a470e6b07f44e16f190a4ee07af8b6c11d7643e,1
0x6a4710b76252dbdd3606603a18f56a1b22ca13c5,3
0x6a47124535b50687276c0107d8e01e5360638241,15
0x6a47142ad5f626cbb94272bd744a0c76d9b850ab,1
0x6a4714d8bff821509c2a2fcc67f1b4a0334e2e2c,62
0x6a47183cc6ef2d03a2cc58eb162b8a9a52a009ce,4
0x6a471f73fa09ebaf92fe3af0c250efdc4ddcbbaa,2
0x6a4720d9ca8fc29a079cc658aac2930097d69765,7
0x6a4722a54ee49667a96f5268dad8b7f770e4f519,1
0x6a47249f32fea9c3f3049f967e5e1fd3396a8a03,25
0x6a4725f1f755b76e5a4f6dd68fabaec4b544ab99,1
0x6a4726bb86f34aebd73e985a00fb092d7d77bbed,1
0x6a47274bde33c0f8fe5023d0eae546eec6ee3809,1
0x6a472c3c16c1b68739dfe79de2360ee679980bde,6
0x6a472ce764c5b78b4edf1cc7b0d52a0e143f44fe,59
0x6a472d38987a63de8025d3b08b32a5ae963221b7,58
0x6a472d3c9fe154f4448af976819ca457403da77e,38
0x6a473169d7d30aa4f5457a545f56f2aad61cd1a2,44
0x6a47325034e7e57c2ea91cb983efeaf751b12217a186ae23234d334f2d30de2a,2
0x6a473573ae1aa1f896d1619e985ff320f534b9a4,2
0x6a4736c3ac4fe212ddefd56620062d1dcd9bee3da5a5f6598460daced87f827b,3
0x6a473aeff6904d6bfdf5e94a5fd9c44409c630fb,1
0x6a4745642e4610be508bfc1bb2dac978ab4eedcb,1
0x6a4745984f51eba552933c4677957c1c9e940837,7
0x6a4745c1c960aaa922cb5c723bd1ff55ebf94992,11
0x6a47465f87c60e929b6d95e96339fca7d8f50f6c,1
0x6a4748c3e262148e873a022263e1996f77c33c36,2
0x6a4748e9ca69848ae54ce67f3618ba4463aa775b,7
0x6a47496c830d7664927df4c5b18516d63407f3b1,1
0x6a474a28b01a17deeb429b2e3dd950f5e5b6f388,17
0x6a474a8c4fc551432c22321794d45243d2e43123,1
0x6a474d1b2db201e436fea14d986bc9fb8f306abdafd7734ae4d16d09b0b77335,1
0x6a474ff40095739ef317ce11d9fc935181fba27e,66
0x6a4755380684f485177220a5043a9ab10e15b21d74820a25de4c88a621c6b0ca,1
0x6a4755dfba0fd32ba8ecd8d0a5fb0b52621200fc,1
0x6a4758adb1a99893f32b7089d86357ce94132810,1
0x6a475ce748c1d0d0a545fb5cd47a3cc21ee5b31dd32bc66779beff30201d0c47,1
0x6a475ff2cd4878e19efd1f03273b8d461bb8bfd9,2
0x6a4764a25d2648c4715b89e16c7e1c63648ede2d,8
0x6a4768e1225eb73bcca93eaccbbe7678a9bb06d1b73a05b9f198f14dc5720953,4
0x6a476bd2f75ed67298ef18d2df94b41f7222aa17,3
0x6a476f184e469311810e614d83504b7e812df4a6,2
0x6a476fce54ea9081367ec71cd2969aea097954f9,154
0x6a47715846561705f6875a6d19bdd3f290120adc,2
0x6a4775d0f6dd9360e0994b49aac0e88e40017e22,6
0x6a477611afd5170964d5ebe5b10f2c6e26c24fa6,6
0x6a4778e514000ab7ecce50575f9e13f1a2817347,1
0x6a477b7b5cd8d8b73813764205cc449b89888d7e,1
0x6a4783c6d994a99ae0acff868dbb319d84dd58b6,3
0x6a478548eddc800abcce272b1bc67302227a0d97047c4dba728c44520262ce6e,1
0x6a47871ae25301a7997df163e41f00a0aa1b8fbd,11
0x6a4787f9201cbb7fcc6d958f7a33cfac01ec7b24,12
0x6a47891f0d3dcfe10b37d2e6734f4faa55c0b997,2
0x6a478a8d51d5875809118f771f627f5d363498a84067d4b7a60935feaf71a7e,2
0x6a478c2328ac1747d63c6f01fb8a8c18deae07d0,4
0x6a47920769455d1fceac8fe7bca0cc98222c75e1,36
0x6a479260afdc5c5a7d79b676f9ed4d17f8e74ae7,2
0x6a47926a41696d18ba41530e117d75dbf2caa893,58
0x6a47926d34917923acc4d113eb1ff3712be61581c544d45b9fa87c65d98aa9d9,3
0x6a479baa409fa88889e0c6bb17d7e140fe1967f0e1096ca21f5a8c65f798bded,2
0x6a47a0b80b8e4d7e6fe4697ea59791dc67977356,3
0x6a47a20fff6c793ba88cbdad3efd9f4ff55f1eea,1
0x6a47a26e89c65bc4ab2c92c0aede62043cd92539,1
0x6a47a4fe1cf91552ad15b48a15cf699beefb4da2,12
0x6a47a585d103efe97b264a1a963898f784de0c025971a58214d32d8097b2e238,2
0x6a47a9fdd223cd7010b138eedfa6aaad8e369812,3
0x6a47ab12c09c41faad2a339e4e4db8f1e1b9ca4d,57
0x6a47acfb9276c6ae0e055d154c6442e9d24a8bd5,1
0x6a47ae32c5b746b3af0fa0a73ca579c4085c1008,30
0x6a47af01c31d9a7eb3a9bfe4fe068374d409f44f,30
0x6a47b0e307e13f1d7125a6800bb145e775f28276,3
0x6a47b3cb86f62db71ca9942fa6a303da45d1e271,1
0x6a47b479de3eca3a57d1e5cb32f85269bdd26d37fabae00ec56c12a32bcab626,2
0x6a47b6b51260a6f67bba5a7fcfe87f4a7f017e2b,3
0x6a47b76b72758f90cb4af752405b7d7013ba69e75370e04c84dc4fb69eaffd72,2
0x6a47ba95a816a441e57465c7f84e55f0b9253d15,3
0x6a47bb30018a259964faf806c592c5596c1afdc4,45
0x6a47bd6f30ca77f767e96fcb4634e03dbfbddf33,4
0x6a47bda065bed19b95ecd43efa7b1a3e1c399ce9,2
0x6a47bfa0d57eeaa109262f663c84215cc2aedffd,5
0x6a47cc312d59c72a80a19b2c993aec2722614257,1
0x6a47cf5c964df32236821ed6609dba289ed0055d,14
0x6a47cf82e4149fe6986d5b0bfd69daf8d3590982,10
0x6a47cf857a679fec08086291b07b5efdd7832f66,67
0x6a47d06c0c915b42b54e59ff03da0285c00998d1,26
0x6a47d0850269b27a885b8abbb815b230331af216,1
0x6a47d4543e05afd89b051c3429fecb3d955f0894,68
0x6a47d6c7add332d5d134378a5b84cc602d9e93ff,1
0x6a47d8afaa66fb3f1f05e7034ed69aab928dbf21,6
0x6a47dc056e0f9dcd30e0ec8e617449a33bd21764,49
0x6a47de068146114248410d36cd1d3b72c5dd413b,3
0x6a47e2390e51b4fb20ed2c8cf1a896f8d6aa8b78,3
0x6a47e3adb549bc8ab3a892597b53d2287b274761,1
0x6a47e82bdc07ef9791917c77cbea12afddfd8875d8ed3f502be19acfee69263e,2
0x6a47e9052c5918969accda5108423641dcca7d36,15
0x6a47e9f18d987be6269a5e3c711b39fddb45333e,2
0x6a47eb50155d85ee853e529c70c8f882fff13574,10
0x6a47ee9896b002f75699173be146416a5ea3a4eb,35
0x6a47eecb9d21c23a086281539c77708c418b3060,84
0x6a47f0fc5c273d214ee4f913157f0be16a5368ec,3
0x6a47f2c74abaaa12645e51bb0c9bca4062a5bce2,8
0x6a47f8294b6430641e14981c60ac05c50d740ac1,87
0x6a47f83d5338d36a5c769c7c861aafdbc45de7b7,165
0x6a47fb3256fa1796d38eee366df6b2bf590f7294,67
0x6a47fb9c6dcecb1efa3b82110aa9d5473f54b825,60
0x6a47fbeacffb0345e06cc3e1aca9297a2552833b,110
0x6a47fd6cab9fedc9331d758a1c137f411f374ca3,1
0x6a480104464caa6e44bc924a35e5c4db6b7379ea,3
0x6a480592559b3b3852f95af90c2030961374495f00d2f5c93815329566e8994b,2
0x6a4805c9da3ccabed9e0f6bf6892355fd2e9182fbc00e749569a5ed1f6cfec86,3
0x6a48066a21290ae235e25db8c88b8b79c692f519,2
0x6a48083dc3db9bb1114a89e383f046fb8f37a6b88e19f3532ba44e12a3e9dcbf,5
0x6a4808a8edd94dee7b7e6c3c032daf9b415738dae2108f6f7c3d114259ef420,2
0x6a4808c7a4ca662c95ed2abb7cb1e576a183271e,31
0x6a480983e00b7d217b50738568298e011f3d91c9,36
0x6a480a03118c9c2d0fbf43c41ddc61cd7f3d7b58,1
0x6a480a5dff776510ab4b24c1ddda2613dc093bdb,84
0x6a481136f56a8bbaa77a8a62469fed3ca929a662,13
0x6a48113d2b0b964517661746259f3e64a115a302,1
0x6a4812a1259f29cd724ef461a024975a99852efb76004ece74ab264b1f885c05,1
0x6a4815943db4621b494b0e2788302c78e3dce013,3
0x6a4816bc371f09cc0efd10511d163f9521481f658e65164b9a04f386b9445de2,1
0x6a4816ca89d86cbcd70d1daa237ef311b330d390,6
0x6a48196759b3c5f74cea63b5afb893cae8fcea1e,10
0x6a48199538ba0be21f7c3a7034a2840ea6ffb922,117
0x6a481f95fde60cbd74ce7bfce23241efd6361fc2,16
0x6a4823fcb7d433d15dde38e5ba78ed1d1cf22dca,4
0x6a4825e5dd50593eb1d9af78264943a446d66dad,1
0x6a482e112962b2463dfcc70d9e140f3bb040aa74546e6be55e16a97de5c0a1cc,1
0x6a4832783e3633cf2f00a591e2a7000f4bc7fbd9,29
0x6a483290ba8e9b0fbce97ef57c961218f115a5a9,5
0x6a48332b5e2f26dd7b6128188d0eeb5c2a80dc5ff0f0b71e8ec49f679732cb39,2
0x6a4834c88b8833d6bb84795dd89e8af7612a9a16,15
0x6a4837907e845c4849a9d6d6a30472cdcd8f8fc7,2
0x6a4839c583eb0c3257c2d29feb1192111f3e9c4f,15
0x6a48406a60049bb710f9954c3f45b364eaf5277f,128
0x6a484a23dd84b5ccb25819351a259ae7ffa1ca08,6
0x6a484f564ffb227f78bfcfb24d4da1997e97ad3a,37
0x6a4853fecd73b3efe9c39f7115311e400514caa4,1
0x6a485501ea92866940a7eadb342d268c586434c0,142
0x6a485750ef0f2d95ba1c10e86042421197983648,1
0x6a485a08fe22349e80ba2152805e48d364920e0669cc45bc1d6ba7a3de4ebe28,1
0x6a486178a505f799aebd78e681c8cdfd48cbc5c6,1
0x6a4866a18fd24bd30e2f667abd58c6361f0bd53d,1
0x6a486751d35c1d1aa2699d86f8946d732cb223b3,67
0x6a48679420de1890c1150ae44c34b2c49c2cea9ca17dc3ce5b14ef3346f31909,1
0x6a48681dc112388bade32459c76ce9bb9d79db2f,1
0x6a486924d41b52a028e00a514fff6ae888949694,12
0x6a486a31d4ae2712fd9a010e0fe19ecd065e7b5f,36
0x6a486ec1a5810a74179669d3f71c41a56cac7017,1
0x6a487536cec9d06c6dfd27f39aac5b62b83aec83,2
0x6a4875a04c10363bdaeb3c4c89972ee598b9f004,1
0x6a4878b5ab834e7187e665d820e6185ad4b2aba20ad30420626a4c94bda3672b,7
0x6a487ac5a77203cae5c38a0dc68e90a8a3df4be4dae3a0a53fd8cb4073eb03ee,1
0x6a4882e7d54a947813e21c17f5e8cb09f22c5f54,5
0x6a48855480ab76485f62201089ace723819c82ad889342587b1e0e1d8ff10b9a,5
0x6a488659e2ccd9d5782fa3a88fb45a14958127b5,3
0x6a488a3fa02cffe89b82e1fb864f9d4e72c5fa27b9862b7dae6a85794d6ab46,2
0x6a488fc6c460878cc49d71f715d4c0ca58f94e2562eea2fafbfa70f2e777178a,6
0x6a489198709251cb761fbb07d2de3a9784610d2ac3717d40a5ac3ec02c1b4c19,2
0x6a4891b2b0830fc70970803c4ee9be306b543789,15
0x6a4891e580567a00fe23500adf139cf39221db27,125
0x6a48924f91ec3af5351a625840b3c48eea43ce6f,1
0x6a4892b91c79eeb621270934bd44425228eea82d10a1841e84605efe37eef8a8,1
0x6a4895dd3ac87a7399a68becfe567cf288fb07a0,2
0x6a48974b85d419e302e663f23d808c7d2b142739,1
0x6a4899f2faed8db985e7ee4a2e9a41566bf21b7e,40
0x6a489d49b2da995b46535b0ee73070b324a729b6,24
0x6a48a35b3d84742401fd75792098b9e88857f651,4
0x6a48aa6c753ed61c8f8cb94221b306452f85cf48,23
0x6a48bcd7bc70f8e5df5bcc78d8a1248540101976,5
0x6a48bd72c29d3183ae278f972f12a3c522a329af,53
0x6a48bfdeec95aef3e5894d5ba8ab5afad491b637,21
0x6a48c3acbc91fb19931dfc1e4ab0753a1d17d0b5,85
0x6a48dac2aa1c3eba25633af3d5d882bb33ba0151bbe46bbc4ff0374b93b0d24a,1
0x6a48dea2700a2ee741d1e0642da8eb627d757393,3
0x6a48df720f060acd2efcaa016b724da717d3cbbf,42
0x6a48e493f26632c424acba64321cfd66c77c914b,57
0x6a48e5b70bab2553429f9b0c205b4803c19e5c2d,24
0x6a48e7ac84ed914d1112087d247a1cf768bea3f9,1
0x6a48e9b9aaadb65328b900cf1c0be5353c9b0622,14
0x6a48ee83367b30cfc1b17c8aee6061554cf1ddec,25
0x6a48f031a8d7df4a97920fd135802369a7319f58,1
0x6a48f2c504aac8241d5d62711501be0bd3715324,1
0x6a48f5bf36cb1e75fab2390d87e7941fdd0c98da,124
0x6a48f87b2a9408b90162c94c8bbad2e5e1d4fad6,19
0x6a48facc84c92377d2e06c2f8bcfdd60bc695ba6,3
0x6a48fea9e912da9acac6e0f17ae4e550cb3550e0,38
0x6a49003dc84172ff0ca0fda7a6658afa38992d12,2
0x6a4901c2a705f9e9766dda2aca88287ada14574a,4
0x6a490343e2813173e706c1031d61512e4cba23c4,29
0x6a490c7015f7c02165f8fb164805ad94bd68a734,22
0x6a490e583a44e7aa0e318f63b7c19835ab7817c3,38
0x6a490fee54824964addf22974b8d8662dd36579b,3
0x6a49114ecb355dc691298b4a7ca9e00516806e99170a0e7dc175dc07c3ef6062,1
0x6a491c25f1f2fc45841ccfbb9da66a6679ed9c2c,132
0x6a491c5a798b9b7726c0bbbfb6d5e9a761b68848,1
0x6a491c894a97303e598cba28a64bb2dbb94aff86,234
0x6a491cccf6408edc08a95256d9438d0bcc81bcf3,32
0x6a491f077cee1accf8c9d316c66f06bd19e7a725,129
0x6a4924b832edc4fa8fa239d5911dd5ce91025f9a,9
0x6a4927bcda52d99d428d493570da3f32777951e0,33
0x6a49290b307efec7269033445b06f9818b7eb04c,21
0x6a492b853bf82e5b419971c466b7853ab00fed82,148
0x6a49348348c90a059d39df01acf8226aeb49c3e8,28
0x6a493e3248687d73b9b6dc29245fef03f3568b53,1
0x6a493f74dbdd4e19604decabf1c273c71d59e4b4,4
0x6a494345ed8197a46436fefb13eb31acb3b8eb76,39
0x6a4946fe0a471196688f8565b9987d4f52a8f02c5d7e9f37e694713f579887f3,1
0x6a4948c673dc67a0cf547898239893c7b897615b,32
0x6a494c44ec39db7e1c2548781ff1b906c48ae15e,30
0x6a494cfb659f3581b713b93baf76f1f65976d153,12
0x6a494dc683ce19ede2555aec869ba570150a65c507be56ea35c194674b2ffec4,4
0x6a494deca5f366b95a6f33b6398e723267d95c48,1
0x6a49519ba5550041d3a3393e6e80805f3105dc92,16
0x6a4954b7f49c59964eb502069a8caf3fa1e06dfe,14
0x6a495bdcaa62050326cfb1320868f65b0de11da7,11
0x6a495fb019e50d72470b37550980cca16c551e66,86
0x6a4965fdd32af827a4268cc6e99ce2378ae6d29d,6
0x6a49661baeff7cd7d7bf103dacfb8749fcf8e20b,3
0x6a4966ca98641fe11001fc688220ca40845a12d2,43
0x6a496f280464d20b04b3c4f7e1a99b463ba5df41,1
0x6a496f35831ca2196de2a2432611f935dec13287c293eedc135ffd1fc4388971,1
0x6a4970441a6daa7f8229bb08e7662dc84a6b2e63,21
0x6a4972dfdfb0b227ad5d11f1cdcbeae77aa9535e6814c98c730f836f33416ac,2
0x6a4972f1dd090ae5d00f705a36baebfe7469b9bd,33
0x6a497a0d6855f45ff1f43c1698aa1e9e54fd2b8e,15
0x6a497af0be512db687d764964871dbac22be85de,4
0x6a49845748535c7ca85f2bc3e4974ae6e25932b8,2
0x6a4984c3a9efb8aee020bf3ce5f149fdeb838789,24
0x6a49878aa43c0782b75e90d21a6704ba4a97862d,11
0x6a4987ce010b90c93f7a7cabca8a6ef1d352d88b,12
0x6a4987e0b5f846f61592f2cbde2032ab94095287,64
0x6a4989806c3c904fbe0ec13096623a613da64190,1
0x6a498d024b24e9c89fc56b148ea8c764d5ddc6922e8e21bf7d17de3bf5a3cd03,1
0x6a498d5ee59ee73289dd70fcad8b4a2025187f34,1
0x6a498eb1fcab6184e36cd19059c40be0a338b281,103
0x6a49913e438fb4c456b4c2960ec60b10ac4d795b,1
0x6a499448525e5e674eb5cea8ec379667a6b72bc0,106
0x6a499564c864c4ff9bf3240047b18c4b03b9aa09,49
0x6a499b09e0e8848b6f821ef3e326cd580799931e0a1b1aee402a71077386d687,3
0x6a499b6d1fac853b9a76b248dab476b52f0330e6f56683d96dc7e744a9260387,1
0x6a499bc889328b44511be9b96997f2835679aa41,7
0x6a499dc34ad200fd13b8129fd3f4660eb490893d,1
0x6a49a00d883ad1f746b7719cdde05cb245850c12,10
0x6a49a16c7961b8bc1f180eb9c8acd53902d5ea20,5
0x6a49a1e0d74cde939e702efae914a38659e641f3,1
0x6a49a260d5b3e436f0f46d53fc9b1860c941698ed940ca99bfbdc4779af35e01,1
0x6a49a2ac39e2d28dea1db497bb5a559c87c7d952,62
0x6a49a3d99af5bab0a564544858dcdfdba7f8f973,3
0x6a49a5353ee62175ad3705677ae8ff7fc61010a5,2
0x6a49a63853fdc381903ad93bd722ac2ab36843fa,1
0x6a49a6ef814435a31e0e84d96fe6147baf3121ee,34
0x6a49a724997bd58c68a0ce65d0198e29e1936c69,8
0x6a49a8734d907c396b0f4aa97e4534b4f7e585ba,14
0x6a49ac943011ee300b62398ee83d35d6e064f1f3,9
0x6a49b0bf7e545c3ddc4b18358d75ac62895ed1e9,49
0x6a49b1c399c378e27919f774c0c80e1d96f76b87,121
0x6a49b3aaf5eeea1e0d4fb2b5deb0d00228ab8790,46
0x6a49b8d9ff0f24561bc95fe41007c616e1b41afa55c094f4b4bae8db1c6ed2a4,1
0x6a49baa3da85cb1049447245e80428780e45a89d,1
0x6a49bd56041e2d221dca3906ef1c5e931ccd923c,1
0x6a49cae6e502bdadc2cf07c5030c27ba64064989,64
0x6a49cc90e73edb659d87211b8d278a2bb0ac7add,1
0x6a49d155e65e8f3a52d2eb2007b1b4c21406ae9d,44
0x6a49d4bf64cd66dd666687ed6ca3195df3cdd5a3,19
0x6a49d51d8c920fcc40b99f424312c5630fd6ea9a,63
0x6a49d5e082d1bbc48d78628cb97856a196d3ed36,1
0x6a49d667a1a56f1e3579f35f626debee0378e5ef,1
0x6a49d6f0765ab2c49c8a4b75ddb883a8910e8a71,1
0x6a49d7abf2ff7b92becc3fa3fe15acbbedd9d8e5381e032c7f15392fdebeb253,1
0x6a49d8583e509d6fc1c432760143cb9de968fce0,45
0x6a49e008099974358ef6826292dac4d1413458f4,1
0x6a49e01391bba3a6e7430fefc3f293c75fe2b0f6,20
0x6a49e0d564b54850f0f1675220aad449da88998f,2
0x6a49e16592ee805cff7f68dec0adba1a2ca1f7e37a4e0b0bd53b062d85ae0f9d,1
0x6a49e4ae06ebf87af73706db6a972f7dc9782f81586f15a8dc337d8f3d57abde,5
0x6a49e733d300fe96babfd86d43bd15916b100a59,4
0x6a49f0894d36a7d33cb946a9637b51ec8d9f71c1,200
0x6a49f0de718334858ed0ea3e528029ab020e06e26c61619ae585c3b01a138c78,2
0x6a49f167337ca98f5d7e197e225f38f4b2cd5bad,89
0x6a49f1c9d1222f45a87dca181365a9f8f4fb7b28,6
0x6a49f361e5644b9401b7aa35de4992ca4387b657,43
0x6a49f4ea8b19051eb17df099a3fb16077a43a905,21
0x6a49f7a99ef60a875e65b5b2cdc002a90d6c36d5,7
0x6a49fafd1ff314edc676c03797c094c62a01d785,63
0x6a49fe8ccafdf7ced0ab397eed4e66db5de60fbe,22
0x6a4a02b1ac511a43f4ef635b175e64cbd77ef32e,33
0x6a4a03b7da4738bab08699899b77be5c1062a415,1
0x6a4a06d14f7dd8735fa1289568b1e2e165341aed,35
0x6a4a0964eb5442b76e32150bf0945f58252ebb80,1
0x6a4a0e2038bb40e9c5850855370429d33da833fb,4
0x6a4a107087d028d9a4c0245e53e8b093e19e60ad,1
0x6a4a1392f8ea974bf91aaa2d3ff6a9580c14a300,1
0x6a4a18613f0c698efd7bc4a23026c415fc02c620,1
0x6a4a1afa546405bf0078e3e28ae2f263f449fb3c,2
0x6a4a1d74c71e884de6e6d34e84fe18987e972c34,49
0x6a4a24b528d97f93ef0ed75f3fcfe7296de2e713,3
0x6a4a26064744266b8e4ea3d30de7b4f5d8234496,31
0x6a4a273f8b78b7a303c9f58a19267df67d78b3fbc1c77e8dce9c4ac51be91dfc,8
0x6a4a2b7d3763054da63ec3ac85253e914acd9668,15
0x6a4a2ce388204f5c41146c8ff1f16c8b469afb94,74
0x6a4a2cfdbfd2a6ceccd9709328fd9ad580d97f12,15
0x6a4a2dfdef1b54c7140790f8a0100debbbcafc1b,20
0x6a4a2e5ada0a1dd95eec0df0ae33ea10468ce197,57
0x6a4a3101f3c9e33a461ac2a30bc124f04ccb0b39397a8821cb2ee6d2b0a8289e,1
0x6a4a3a5b5132c236ace2acdc2b31a32d78a0da54,58
0x6a4a3b12e1ccd0df693014b78702e866cd3b0ee1,12
0x6a4a3eb87242fa9254cd768b72e5887bb4c7542153539894486ee2df2676e902,1
0x6a4a3fc0a14aacc4d1a4536941d3027bc1ce7a62,32
0x6a4a4210180f8491163ab248d7243ab19bbec3ef,144
0x6a4a421cb48565da41d238a4e5cdb1861881163e,9
0x6a4a4d4af4da9fd967b126f320b6a0a0cf9cb358,30
0x6a4a5425ed7452407a2ac5842ca5233598ba6b2445f690d3b337c1258f7ea70a,2
0x6a4a558747dfd0d49cec8cda3865989027921319,7
0x6a4a587d952625af9ea6e03e11c5c8e312b86aa7,43
0x6a4a5b7f9913575a1006acd77f6cfd6cc97df091,26
0x6a4a60ca2fa7512987d4a13cd46e5ee1f211fafb,2
0x6a4a630feab69f9728552018ef14a0a746aebaf5,61
0x6a4a6738fb615e8ea4b9965f49f23b979aba2574,1
0x6a4a6b0c3e4d0e7b6e4fcdccec8c89f1b552e844,2
0x6a4a6cccab97c8e4aa23ad005cfd453188c04c35,4
0x6a4a6f15eb3c970ccb505ca4e7ac17ee584093ea,1
0x6a4a731e27ea1b7110810ff194501e9a8ada5a66,2
0x6a4a7449f50da8b73dcd5aa7197e5ba083f36128,21
0x6a4a74e5bdd59776656972068a19ad5308155e38,1
0x6a4a75e7f1d8293620c27745ccbae38a39f60be3,11
0x6a4a76d8cfa79b337f9bbbba0035207c7077ac40,3
0x6a4a7a03bdb786157f230824dec0b373375bda27,3
0x6a4a7acb12032ee8775fef305366873975b5367d,6
0x6a4a7b8f77360fac75d7dc6a3eb92613567f22bd,1
0x6a4a7e8e64acd149461918d6afbdd1be2fb02dcf6c100b41f6a2074b23d1f1c7,1
0x6a4a7f20d0362ea2736e89bffba6bf4a2dd46b77,2
0x6a4a83c435e92f491fedd43d1b73e24b1004abbc,1
0x6a4a86686addb87830553590bff0336ae3454fde,1
0x6a4a86bc81fb8752c0140f40f09e006a670a0694,1
0x6a4a87212765b63620c16814d6ed939644ec6e86ee6e2dd58086a2e661e4af9f,3
0x6a4a8976323ed0ccd5f8045ec36b4cf47b755a86,25
0x6a4a8994dce118308163cee3473a965cabd5d830,23
0x6a4a9153744085a51074231347b56562cae18025,1
0x6a4a9250229f1e5a87ada40d5f30328597293755,4
0x6a4a9652328623f27844bb5b69bcfb287b8271f7,2
0x6a4a9b5d7a166c3cf0780f00eb6c72f751d65dd242beb2be25a592af058e41f,1
0x6a4aa1b67a121038ab8dec196fb9b413c94e7788,39
0x6a4aa2a3b62bbb1e21cd5f70166bc3590441741b,1
0x6a4aa2d56508d07606a679a73d2d15b9d69d29c1,5
0x6a4aadf4e6b74345dfbe787bfdd1a90b0efbfa79,10
0x6a4aae8710d949588ece27ab92f48dc495bb9535,3
0x6a4ab190e4951b408d0e8b028fc8d0998fb1a2bc,40
0x6a4ab2135fa540b6f3a195399d0fa742b9a8c961,15
0x6a4ab6d558cc039fcaafdc60350f550e3b0a3aed,4
0x6a4ab9ab7ee2328280c20759fe6d2446bd1f62c909e58eccecca92407c40b39e,34
0x6a4abba3c5e63b37950f3c8e4392ca69a2798b98cb90dccbb463fb06dace3595,1
0x6a4abbcbd0993c65a3a6d79029aa5291315ef0a7,2
0x6a4abdec50159f0fbdb0b8a6dc050b7fccf1fa8c,37
0x6a4ac22b3eceba9e29cb5abae1d82f7022f34e82,30
0x6a4ac3d17428412c623478c217b4ad220130ae15,12
0x6a4ac434d0e0f15c597d4af85e9ac9e35994646a,2
0x6a4ac76891b3d5aa07108ce95bd2f180bf591ab7,9
0x6a4ac976f02bd97f5a98df260a3eef445a81a687,6
0x6a4ace5efbe760ed3c2f742035c95be6fcf0a445,1
0x6a4ad133c2c7c3e80ecfcc9a4761e3f8ebc9f1cf,12
0x6a4ad450b90ba2ebf2b8782df44b1c49d464cbbd,7
0x6a4ad4b3c4a346fd3432d889b3ed58cae7e4362a,30
0x6a4ad707ce54724653a2d80a7f7a816c21d909e4,3
0x6a4adac94122265731bb36ae8f521283dcd09eb472f5ac4935068e1cb7c153d6,1
0x6a4adb3950777c901c959b26358265e5cc5d8836,108
0x6a4ae1925dd9ccb9e46aabf5b5a3fcb2dd2b77f9,29
0x6a4ae3e0da8f017a78cd12ca4dfeb162703ef365,63
0x6a4ae4ac34d93934c5bab5c1ed3f3c14cd4dab28,10
0x6a4ae8e8bd5d8b0a5391fb5a6458712e5773d682,123
0x6a4aea5f6883c3f9dcc76fb5d7dcaba0055b8dc5e40a165bbe33e52822caff4d,1
0x6a4aea79e0ad969b79e1167da2399916fc7143f9,28
0x6a4aecff9eb300bc02a8c47159fe9deafc578e373b2d720739b4c374abf3a07,1
0x6a4aedf5f0ccb354a1131d8e6451c342aa3c6677,9
0x6a4aefb647cbcf6df25d7951bd47b85f8991ce78,1
0x6a4af128dea949993b3637ae08f6580112134a5e,42
0x6a4af3e24e5dd7dffa40553ba0ac2bc2a40d20db,2
0x6a4afc4b8f0e627c44e461769e9f3a3028008106,21
0x6a4afcecfb8b7c1690818ed6e96e835e2a85377db05a4f226d219be66722c97,1
0x6a4b020a7561415320634818e58571b9696d3737,1
0x6a4b049581a0f9745f8b6d2d3661ab6a07036ade,1
0x6a4b0b2d48688e7d9a1e5833770df658456b85a9,1
0x6a4b0d135e58fa0601cac0d9e717a3be13a90539d5a3ea6828b9d4f0dd1c06c6,3
0x6a4b112ab2b59a7a779c539cbb2d6439a2e06bdb,1
0x6a4b1130f8ef5e1890b5ea6a4fce00e77540a15b,4
0x6a4b12db531d31183c61a3ec76606954314e8ca4,34
0x6a4b184800a93168e22e316f83149d3513cc8f23,5
0x6a4b1c69c1852dc07e42483e790658ed7f0e47ae6377b9945d1cb1e33190ab04,9
0x6a4b2437ef1698ae42a9f784540bc131a69b3941,1
0x6a4b25c94c05d2644379aaffdfa2f448149de5f767d57102d50f993ec4c5f146,10
0x6a4b260331ceaa70080aabda77aba26a3cad3531,1
0x6a4b300583583ed283fb9cd702fe53d34309fd5f,9
0x6a4b31b9fa46c752f6f7da04e36004c3f2a3d7732730f3e1169e883c5be34b3e,1
0x6a4b3a89884a8abd79e6968b445c8f31fd951e7d,3
0x6a4b47f7abc810211aaa567894dac64ab3835379,3
0x6a4b49535cd066f5751b23d393f44b706c159993,45
0x6a4b4f4d757b2572df14b5a18ed2c9597ba58f35,1
0x6a4b535510f479800e741e9c14f35bf0bb0c41d9,2
0x6a4b571c62a9e77488146c4fcd4f65a84ed4a554,31
0x6a4b57c8f7d4fbbc238f2e8fef23e59d4b303569,36
0x6a4b586d5c20b25a3af18ade681acde99cd20adc,3
0x6a4b5ae78e34088cdd7bd02295d6b6855510e9bf,35
0x6a4b5cc06b1098ccc9a0b409b9070067f1a9e6ce,7
0x6a4b649cdaf4f2148842236817ba8d59d766c143,35
0x6a4b66a3e589f5302f55820116513e075ce4e4c6,3
0x6a4b66beb4d2e56662eb53bd8d98de3d44ebbe97,32
0x6a4b670d1b789b4fa2038fd3f4f85e49a65372e25495e64f1a24789e2fc51b21,3
0x6a4b6e222c08fdfc428efe53699a2488d75410af,32
0x6a4b6eb0678689de0905ec989072902fb52b5253,2
0x6a4b6fe289fa0e774d9f050a6d4c7e490c9471b6,136
0x6a4b73242bc7651a496bd690f6e9ed4583d24dfd,68
0x6a4b752356cbdef61acd603b12afb0596e42fde9,176
0x6a4b7ba1a33b3eff5643a8bdaec6b4763f5abcad,8
0x6a4b7c793930449880885b12f713f92d1c984c56,21
0x6a4b8019b5b993761039b05043a9b1e5ba1482b714818beb3005340bdca3583f,1
0x6a4b81355dfe8931dbf99861f4f2b7b69edcaa9f,1
0x6a4b8644923c8ec78b921d9ed8d49886ad4aee14,31
0x6a4b875b235385c357ffac9e5a996ccffc037c7f,1
0x6a4b87608023d394c1ab8a11ebaf072f727185dcc6aa2c7a10fa82f03b2ee7ac,4
0x6a4b91d6f74f077b435652887017e58939983914,4
0x6a4b9a91911741095e558068599aba846c1e9877b5cebe0c7ab0aad662b60f41,2
0x6a4b9ab2758d09abe8e89ffc18d1543b3cbe8088,11
0x6a4b9b559268b72b88440d7c5771b612f27b9b11,1
0x6a4b9e79ceded2190b311981151512a83c72909f,39
0x6a4ba59b1514a01306459849b1b3a6b5786e0083,1
0x6a4ba6522684cd5872cfaa1a5d00be80cdabee22,1
0x6a4ba748dcaf4b4f1b5bb629d922a6e92700c12b,1
0x6a4ba7e83ab394fd2031d5394ec2d5fa47ee3e74,1
0x6a4bac688e9c232666bf07bc570023ae33db0df2,1
0x6a4bb08ef5a996e992c32f87586d9b83e75eda66f436bb15df790bb323465e6b,1
0x6a4bb2bd605818a733b2a55e0ea11ae1d038c851,142
0x6a4bb447f2baec283689045c9d562def14881ce1,8
0x6a4bb871577305fa1d8a949420a4b8ee6cc2628e,11
0x6a4bb9ef8e5987e8ad9dc01b53e5b7d220e7dc84,2
0x6a4bc2171887a6ab0057ef9b2001de9a3712ba36,2
0x6a4bc2df1d945e31d04dea692877d9245a24f8ef,1
0x6a4bc2f6ebb453203bd98e712cf3b1594eb52e7c,161
0x6a4bc445551b7522fd7b5950d51281af2886088c13a7c5e260c8addcd1dff5ad,8
0x6a4bc6a1a4732adb2d792471ded38101d049a083,4
0x6a4bc89da545316d8fbb9a173dcd4c7684f6894f,1
0x6a4bc93a81e5653055df06555eb0335540228234,11
0x6a4bcc9ef4dbd19d4445105635abf05f5935d6dd7dda9753dfc1acc2e47c94f9,1
0x6a4bcf9df98149b66355c436acc13bab434710be,67
0x6a4bd1bfc96f3b39aa35d29dba2b90300ffe2f53,1
0x6a4bd53913fb43aed156eb2cdfe610904697f938,1
0x6a4bd7e35098c6edd453b6df97851f1788d1b24c,57
0x6a4bd89c91860521512a29f1d06805804d175440,46
0x6a4bd8e68d568dbdf883a8f1a48863108a3e4964,2
0x6a4bdc653e9816061d6607c7b5483e568ed80eeb,67
0x6a4bdcead3ffbd0b0ca43047f8394cd91e90aa42,35
0x6a4be00a5f7d485b805a62190735b38895872a57,12
0x6a4be2889cda610056eaa2336a79a7433f8a0241,4
0x6a4be7a0ec1829ded592db902000279e4e2060c9,60
0x6a4be91d6cc747219c861d1fd619c8dd4f626e65,14
0x6a4beb483889c34d078583730c57da11d260711e,8
0x6a4bef80378d651697c4863d8c04e54e3e072323,3
0x6a4bf6ee089f9340d5425bc8cfe10916b3f3f097dabe53fa1908dc2337cc48e6,5
0x6a4bf776f4056ff452f5d67d6531932dc314964a,43
0x6a4bf9162f59339162530d2fd576a2604212e9f9,2
0x6a4bf9949dc169e79762cc116e309d08a6ea4a5e,3
0x6a4bf9d03c89764001c8c4d4cf760d67012d68ec,3
0x6a4bfdbf4f4367f428b7f24430106b2ad6403ca8,14
0x6a4c02ca9bb0b6554679a85cd2d23dab88a3e2d2,1
0x6a4c058b47ce9ad9b412e4fc2ca8e19b9147d0bb,64
0x6a4c06ccde694d637ffcefe4aa30531bea2a31dc,1
0x6a4c076dbdc91a441b3729d4ca61d880d9fc21b025f8bb7e74e304a2d1dec51f,15
0x6a4c07d2d68f994191eb7dde92216f7bc206d76e,42
0x6a4c07fed82eed1620ceca5743d54bb9bfd56015,33
0x6a4c0fc1a925918bbecc15266f2b305431ccb4d4,18
0x6a4c144fc9429514663c37cd3bf6fbe3f30a6c71,91
0x6a4c148a0eb169b593505de889f95b8dc154948a,2
0x6a4c1635f981bf1be2e953fe94038d7a53a5e01c,124
0x6a4c17b502dd7c357b99cb2aa12dda1fef4b11cc,20
0x6a4c1c5e2c701d55e7d1337bbdebd24b906404d2,33
0x6a4c1ce179860e90954b396153177c8ab268e4e3f462071827a7faf7a6f7ae03,3
0x6a4c20531b6999d8be762befb3cee52d93da6020,21
0x6a4c232b63be216c98988294a95af79d85432628,37
0x6a4c2375a23197dc8a22af9ab05abd4af0807589,1
0x6a4c259a839ddbfc040525719b843fafade41a05,4
0x6a4c25cabecefb46bcde45a2cf14a22f39721e58,1
0x6a4c2c64aa031a9e1ed25291e3419138d505a4a1,48
0x6a4c2dbd8102f788c933f7d5a1b0cc09a785e6ae,13
0x6a4c33ab9301dd39d31e5b559f2d6d1693c5f3ba,1
0x6a4c3466bdc9443c7264eb93a78970474d2b340d,17
0x6a4c3b5239d577d65c5daa48c4e2c6a995beabe798f74b9478df782f38d2dac0,1
0x6a4c3bb9de58905021782007fe456a5936bb06a9,21
0x6a4c3d01f8f3cc99dfc659d2cb18bbae87ae385a,6
0x6a4c3d02f2f32f4def8fdf697dc9b077b44bf024,1
0x6a4c3ebe5cfe2157d7824aa706d6aec422cf11131a009dd6da2a2aba5cf5b02c,2
0x6a4c3f211f303c2fd67c36bb36c3e4f5d38a4174,58
0x6a4c40631caff422987143d668d2457bbec6e28fc6886c304a381bd1801892aa,2
0x6a4c4695428d1bb3fac49614dfcf390bc78facfe,1
0x6a4c46f6452e31fad9d83347a54ccd5f7670b710,1
0x6a4c4af8a9ac7590ca2f68b7705f315f314fc438ca0ac22e98cb7b5a3bebc6b2,2
0x6a4c5a42419ea0e8707c7ca1efbbf017c1372e168ee59206a856b2025b4ecab,1
0x6a4c5a5f425c392d85bfa2b494d43dd9e217fb697f49ec2e6eb0113293ac77b1,1
0x6a4c5b80ee59f72d5acb062398a602656626b39b,1
0x6a4c60967db990707de29cff82d384eb604389c1,70
0x6a4c60f72916834adcb7a70a8368c4e2b2b58419,1
0x6a4c62f3344ff904a97db2ce6cab02c9f39aff70,5
0x6a4c650b566ef3e51043fe3b0d23c2376757539e0a108d61a46e228c3b49de92,2
0x6a4c68cda5e82551630cd77bb3e8669514b66f2b,2
0x6a4c6afb65276c2d66a6b3f2e1ca47baf9614aca,4
0x6a4c6dcaf3b300e07eda02e36060f31f05e8678b,1
0x6a4c6e02008a37574d862eaa1c4c07b02e6b9aea,1
0x6a4c6faa9de41e2a3e56ef964ba217918c6ac66a,1
0x6a4c6fbf5a358d48c96b6f045cfcd94ffee281dd3b68d9a7e3c3d3a807ee495c,1
0x6a4c7088e0c1bf2f80b6c8cc2664721151dd2be202b60461618dc68ff8c7cf9c,1
0x6a4c7131d7b651425decdc89a4df3baa7b5a77f4,4
0x6a4c73b2ec9338167c641e6951f038d9c202fc88,45
0x6a4c7762de5948592f0973e5c56466d5902632fd,47
0x6a4c7c211e2874ac6d8b5d1be5dbafc2b57f2de6,93
0x6a4c7e296ba0b9b2a4db04bfa55cdfcd4718a6a0,90
0x6a4c7f24490e514c6f92d1bae3d1ed69f5bdc559,7
0x6a4c84cb0af8f609ffa701661ce15616d869120457651b713753bb11b4b5c95b,3
0x6a4c87a6389ec223682b8ce645769dc261ed5ba8,12
0x6a4c8cde597b61ec784f04c63ee3edb22e5e4452,12
0x6a4c8e4d810fe18481d4711144f33481bed60a44a965cfbc187817c2715fc03b,2
0x6a4c9030e261575b17c38526523bcf5ba958db2c,10
0x6a4c91dc69187a9685665a4b88fb77de07940597,1
0x6a4c93c6091e41b366f96293d10966622bb1fc52,1
0x6a4c9e03a7ba3376427935a79d41e9cb35bbb29a,2
0x6a4cade3bff3bed7225e19c292a043612c648057,1
0x6a4cb3ff83e47d36d16855174c1c213ef51c9388,8
0x6a4cbd8e6a5f513a16b9057bafdd61cd6e1df95a,1
0x6a4cc16fb8b7e84cee4f33763621054e96f56c58,121
0x6a4cc30e0ec00bde5bea338f2fda4fe477b726ab,4
0x6a4cc4f238d594b516b71bc340d87afdfd848d1f06336ad0a220e9205323b899,2
0x6a4cc5385c183f83a3b6b4d914680a7c18221661,1
0x6a4cc78cb59c7735c629e38be6c5dc50ffe96e87,15
0x6a4cc809526d2273ad79a66cca0a05efc454f6b8e308ad787c1dcab7fba70c27,1
0x6a4cc97dfa9f9b9122d8d1a0bcf4718768f10d62706bcc53df4f827d1b78a5ef,6
0x6a4cce6c0abab50d108a7b2f4090c8f11ae49ac6,3
0x6a4cd04d2603ce8b27fc5c23dfcc7b54c87b5047,3
0x6a4cd573511e632ab9615d8c4c31f24c4d6b81a2,4
0x6a4cd77e2543c2a0efa12292feec182666e6cf13c0124daf6aee0c95a2caf1df,4
0x6a4cd97dab0217e07706277d91aa18094d43a8b3,1
0x6a4cd9b5de017bda24967a0951b028cd01747a74,2
0x6a4cda16b7136d960e2f5ce3819237a416dbb22c,57
0x6a4cdb5713e9f843bcf09a98abf04c7448536599,1
0x6a4cdb6019fba4ca43df3f3e7c0d0c60af9427e720a1ca18d7d2885d20297919,2
0x6a4ce07bfa41fa78ea78ad28d79aa3d308eafa5f,58
0x6a4ce3e7c76659f4603c22cdc2000b9f384547a0,1
0x6a4ce5fe646a45aee13256c5535c6a202e70e477,1
0x6a4ce750f54ce25090e99b0c944a513217040288,34
0x6a4ce84c83a73abecd9aaeea2bbd4e43c295b043,1
0x6a4ce983960855d4bf302ed656141a1a4883052f,36
0x6a4ceced934486b1597021b07204c0e2ea8301fd,2
0x6a4cf45b34d3ff22b6c612b90963105f1ae25b9e,174
0x6a4cf759542bf1adad9ff71ccab58fe178bf9201,41
0x6a4cfada40889e3f2e1ea4b7ea4db35db2023a0a,103
0x6a4cfccdcc2b3252577e809795883ae8093e5622,5
0x6a4d00bc2a921e9bf5397cecba78c6802be3702f,10
0x6a4d0153c5bb8889d122f7a9ac1ca4ab2e48af8d,3
0x6a4d02733ae6b40c1f8e7fd66054bda696f90ca2,21
0x6a4d0384bb1ef1eb7bc2caec333f4547cadb1684,1
0x6a4d03da973ea4cab3bb6a336c94b5120fde9403,45
0x6a4d04a552dde6e7c354883c49696691cef6ba0e,32
0x6a4d0a02075c30189fec4b9a4657407d48a71823,2
0x6a4d0ef5fd82861a2efb0403cfc576949a99fbbc,3
0x6a4d146b9739b43036ae3eee86678dab8abc667a,1
0x6a4d19bf9e47bfe2961e0989d7567d57d63554f5,1
0x6a4d206201ada0f8946dd13c731a8383ca899479ace452faa57c3d1d087d8ead,2
0x6a4d20fcfa9919757d3195029a6150a703e7d5a399aa28bf208f77e49c866b69,1
0x6a4d230a94f100fa9fee8047ca15199caea642a7,2
0x6a4d23bd37319bbc1a778a014a7540c07cd0489f,13
0x6a4d31cdcdc1cf67548f6726f3fd7266bd9f2cd6,1
0x6a4d38bfd4f4ed7a65a6ae520c0058a95957e358,1
0x6a4d3ec8e59c75174f1ab18e57c5fc4057f02cf9,3
0x6a4d3f18cb57a4d68b39f230d00780f9ecc6af4b,27
0x6a4d4092f316d4003a06e4e35d4ee926b9f7bf81,1
0x6a4d41de2b5bc48a1c6ccaf3ee9bee2eacb0254a,3
0x6a4d42f1624e71125f054facfae1b6db97ab0c68,134
0x6a4d4496621e1c298dbead388afc1ece8e1e99b7,52
0x6a4d44b2f83a613d8381e1749396158df60e3712,1
0x6a4d470be0ce54c4578b3cba8439af08f8ad7dbf,1
0x6a4d4716d3e6988b0dd9fc2582472a8f03821469,1
0x6a4d477e0bcf05083dbe306a9954ed441908082f,17
0x6a4d4a46165ca36b7c08d31c3d4e1f9c2cac8e7b,1
0x6a4d50d93a3796e82ad0941bb2e166081df30d2a,2
0x6a4d5135d8c0ea1134b20920fc1da052d86d5292,1
0x6a4d53896ff27c9b287c1864c9a0dc160f7228a3,56
0x6a4d5713310fb44e28c3f7a62a2078de68890341,12
0x6a4d6125b716408f23777c94895d24159007ed8c,34
0x6a4d61484d894cc4e1677ad3550b9bf48f81b738,38
0x6a4d6288714a5670f4bfce6f18ef2a6cd71a9fbba8df467ac0981422f4d5b2b,3
0x6a4d648667d079e3bcb5189f2078e3429b3ef68f,1
0x6a4d6872109be518684609a25b27cdcdd0b65083,36
0x6a4d6d466df813e0da33c7dec69020abec3a86c84261d796b4ee9e6564c36a32,1
0x6a4d73c2ef305641644301ca590114885b0c7b8c,7
0x6a4d75800da24a9417cc4f9159388f8f2fa20d22,1
0x6a4d776550fb81c212633edc54e211f4f8b432de,117
0x6a4d77e72943c70aea777153b191718b2e916a99,1
0x6a4d7d0126a94835008df79af793f6e0e0b85a8e3d07510866d2e2d3f62de36,2
0x6a4d7df79a803b0ad534228064d01844b69ad65d,73
0x6a4d7ee3a32d328a3309ad0d9527767da94ce0e5,4
0x6a4d7fa66fad83b442bc467194dc9fe8dd5ba342,3
0x6a4d88fc5f506a1a1bb76abfe4300f413061a636,4
0x6a4d8bbf1ffa1e8ab1e4697f0b0a19c64f0fd871,103
0x6a4d8c1fd91b211dc0894a8d6bb3969f097f9489,35
0x6a4d8ccd90bb60a5c08e208b8ccb47a4ca71913f,55
0x6a4d8f8f960057f1747f5545100a85f5f5beba61,41
0x6a4d93860cea34af9aedae99cbfec1b64e8a0154,1
0x6a4d949d3114876895b6344b9336ac7c43b4f03f,16
0x6a4d9c41551954d6f0663412cc419b3c7415b96c,7
0x6a4d9ce04078c07966c2ecd4e6db3c5223c37dce,2
0x6a4da21a9c312472d14fdf9dc80e9c3da27e3a2b,11
0x6a4da47f19ecb789887e669388e35b9459e0320a,2
0x6a4da548342ec1803754284a586288cec74c928e836c240aaf77e6f222109652,4
0x6a4da7b28557513491ae9efbf4b7e64750f717f5,1
0x6a4da7fcf17bd81d4947ab720b2842616c2b4b5a,69
0x6a4dad3cea27b8145059afbe8f7a0d41d1b73550,11
0x6a4dbdc81bb7d2ee45994afc2d2159d22000e325,2
0x6a4dbdd423a1fec48dc9e3363800b5f91d99ba1a,10
0x6a4dbe5d5b72219a19ec6b0d59a4c81facbff513,1
0x6a4dcb5a0727f3e594146b3c6f51378304e63db5,1
0x6a4dce8052b176474efdcdaa3895579f6a05af4b,2
0x6a4dce9501dbe4598788232f8cf7f20e9d90896f,31
0x6a4dd33cde7d466ff44091169490d23d5e90fcdf,1
0x6a4dd46ceeba95a068b026d6ad5638d02467c19c,3
0x6a4dd4b0711141de847ed67a8c4fd4964ac7633c,5
0x6a4dda4f13d7589de3d20b251d7de374b6acbd3c,35
0x6a4ddce685cdc2b2c2ade9fec71f2398bccf5ef3,5
0x6a4ddd3d4967c2ac7b4563cfd613e4717bc895916663f921272b03114a745798,1
0x6a4ddfacaf326c1c59bbb7909ef4bfe32b6c5611,51
0x6a4de147e00238110a50a4ca1714bc5c190d417d,115
0x6a4de219e972d4efb4a611e6d752e4c66c3f180f4673dec485cdf4532b75785b,3
0x6a4de4cc5b4d8052cdefa1bf918e591dc5c165b2,1
0x6a4de6310027e3e1b63e332010c23ebd9c77701203ca5e94daabaef21474cc87,5
0x6a4de6bf0c574fc8948bc260b7fc7966fe2a6302,33
0x6a4dec15615cb7ebb879a8bcf6afedddcea0b6bc,39
0x6a4decd8097326d4e420847dc0f77b95d1d52f3c,1
0x6a4deda2decc076ca38ccf13697897d2f73913b6,57
0x6a4dee8e24f77e7486b39e17776d6036ddc33cf3,54
0x6a4df1fb38f94d46aa3761e0a96ce1314583b560,27
0x6a4df3cf60af7bd84dde76fee4c28d71e7cc4035,58
0x6a4df53b619f558a464126fc15ce1f3b6f83f8fb,2
0x6a4df5df9f95dd1671278fec629c8d1bcb3cc927,45
0x6a4dfdb06f483259ad665dd16dfea283c35af8c3db6e22a94b9b153f85f797d0,1
0x6a4e0495f90ad7dad7e47d28c9d3d83bea073b16,2
0x6a4e0650f2e602e7d37cfe4648339001189e5524,1
0x6a4e093a7fcfb750765f96d42ed7d01c9d5b946b,1
0x6a4e09703f167109d3484f6e3f70477a8031f74b,22
0x6a4e09abf18bd85be74f5fdeb929e94f07bf0047,1
0x6a4e0ac18445b63e47e83da89db7e3b7f726093f,11
0x6a4e0ea3e72a1233d8cc1c2d835442437879d580,35
0x6a4e113fdf75ef2753ba5cdf31558a4495d65a69c27d81e726a21f872f385926,1
0x6a4e16da212b9d3df5ae61ac9a332c2bf763e7a7,54
0x6a4e184ed9757004d4877c91215a6593128778b5,1
0x6a4e1d82ad6360e9ce0304493caa9969989db27d,34
0x6a4e1fc1902da95e3cb0af7ae05ad0e3d117d2e0078629c5e7c4f7ad37c46c9e,2
0x6a4e20f974ddfd7bc833818145e91bf7ba3d38eb45b0adf2c71cf93d9505cadf,3
0x6a4e222fcc09f3fa737b0ed64de6465248c3f053,1
0x6a4e27fe3448eabf4cca5bf1d0a2cd987b53b241d51c7a517b4dbb21600f8dc6,1
0x6a4e28b4b463905d0d096cd2b7000157f01ed17b,8
0x6a4e2a41646ce28744563c8cdfecef53d6869298,35
0x6a4e2c9ac55ee6c743fb28514c703badcf0b80bceb56ce2db145077a85a6e7af,7
0x6a4e2f557301879ae6c0400adf08193f9637e458,1
0x6a4e2fa6bd43d974a0e5598d869a243bc9d8352a,29
0x6a4e35870b0d65db50be84090ab169593d1ea6daed17613236dd1c15057abae5,2
0x6a4e35f678af28336e7709dbb964a7cdd2ed157f,32
0x6a4e3640403bf3ff8b21d2841af874c4cc634282,19
0x6a4e368401b9a942f9ada5e78a958bc84c215e8f,3
0x6a4e3867285a199babd5c94c2c2a83037400b9af,6
0x6a4e394862846b27fbf6733c18a1df80b33a7e4d,13
0x6a4e3ab7d214afea28f4c522971edc92a0ba9132,3
0x6a4e3bf4d81159f9d148f005942d80e5a31d5c6d,75
0x6a4e3d5368c48e5660887d01e4b2262454b32f61,4
0x6a4e3f42bb0af7aea5840a3de176a7dffb482f94,2
0x6a4e3fee317071cbff09952a8d9efc75efcbfd1f,30
0x6a4e447dcbbfe8618e176ff3ba157bbc83d6a573,40
0x6a4e4db6dad3d38b639c3af6bf162f60f4239d04,5
0x6a4e566476a646eb74e8126623af31ea5f1d8449,34
0x6a4e57b116c833247a7514462211c720a8e94ded,87
0x6a4e58e89eb0e0714a2f4e4a190480cbbceb4ac1,1
0x6a4e5b909feb4f28444ba767f26fe7a4f06988d7,4
0x6a4e5d9c4998a82c5be9984781130a9799ff68d6,1
0x6a4e5fd0ecb1ac6bf980c0e2952e71e09ccd1898,1
0x6a4e61ad49e133194f84eb27fae08df173a869d920b7c415495d515cb191843b,2
0x6a4e665b368ee8d8485c3c2578a08580293cc01f,1
0x6a4e67ef8ee85dc12bd1475728b849ba674f6483,38
0x6a4e6dc0124b4bde54a511c18cc50870feedd8e7,1
0x6a4e6e8fdd5b4a4b0b8286a7a243fdaa0155f8ed,37
0x6a4e6fb3d041cacbe308a9771c7787c576e8b0654eba7b683aff736e5f2c4f,3
0x6a4e730c05dba96861a64f656b398d620a0c2ccd,11
0x6a4e73612928d061b725ccdb67d847c9ed700bfa449fdf437360f2fa289a94c9,1
0x6a4e73cfad5dcb3d064600e5e27157c6be20ad8e,30
0x6a4e75bbd2b3cfa6767b0e26d5fa2b7510ea097f,31
0x6a4e78e6dc16a54ac0105a65c54daeda972c3d92,23
0x6a4e8210dc6e9bc46454fc2edd8c4711b5974df3,56
0x6a4e859db03dcd2b7b53ca6f2e5e6aba13da33d6,1
0x6a4e90aa70668c49402f882ee8d597148c6ee35b,1
0x6a4e935312b762022b04616853d53c6d8dbdce72,139
0x6a4e99a7e109e2324a8aba22aca65960fe7ae2cc,27
0x6a4e9fc60d96308df2b173da0f7adcef740a23e7,15
0x6a4ea231254485a339d20041dc17924f710fa0de,84
0x6a4ea3a8e91c5b7dd0c7905be2640e55bcc4615c,1
0x6a4ea45b46088f81303d197da278efc6683e9580,3
0x6a4ea56b059619222691442f2e9fced22f053793,68
0x6a4eab912c8bfefb71fa1de228631efa075cf097,14
0x6a4eadb892e7785cca297920e00dadf0582e0318,37
0x6a4eb035357693ec2f56dc22b192386bfb4b5699,1
0x6a4eb42788d07dd947eed23cc4d1b8f53d4586820fbb42270b2b90c4a2b29d72,1
0x6a4eb78e78323ac715830c7c2235f5f98f98c36a,31
0x6a4eb8ff18d53ed345d97d9d02349893e9ce7ae7,117
0x6a4ec0340b690aa5400e5556b719e04cca448578,3
0x6a4ec99068c00aca72bd361d5314cea6b9b1b3cb,1
0x6a4ec9cb13cafdcef37bb3d187b27dca27cad213,141
0x6a4ecb6ab200a08f6a68d8b47d9d621de18ebe95,1
0x6a4ece74d6d0978b1d22f08e28047ee7703c04d9,1
0x6a4ecf00d005ed59f983d8f53d87eb513d59faee,15
0x6a4ed1e7d7230b75bd0eb4d421c94343d0c4934d,1
0x6a4ed3c1f727f22f4e8f3b4ff972486332b8f3dc48fc50572d91e6578da51747,3
0x6a4ed763e544aee32d921c47db79dc293f5cd571,44
0x6a4ed9f848177809f86e70bebb522aaa44a0d48a,34
0x6a4edfb49fd7f327664a20bfaa649ad9ea10c9c4,1
0x6a4ee1ec61014552452f54ce9d5019a33889e49cadd19c7da7389cc81fc0df4,2
0x6a4ee2664915a3b6a835c30d8f6996c0db9c8113,1
0x6a4ee55680dde941a5fb9c42dc6081a388291c79,115
0x6a4ee5a89f021a09a7d642981d5b2c9ed14c85368b346972ddda3e65bbf55bff,1
0x6a4ee72138f3f92bf79ea0d2403f61c0f56ee605,7
0x6a4ef316cf547434cfdddf9f9a68194095a56e33b1a179fb6104aed529c50642,1
0x6a4ef42f811049e4659820561c262695a5870ed9,1
0x6a4ef495cbe165a5fe082b5ea4ffc3bd29b5c0a1,3
0x6a4ef808f51e1f70e99d322a4a88cd58a45e87cd,1
0x6a4efb99194f5a55f122d10fea7f0186e4290fcc,24
0x6a4f07322fc5ed1a6749a0ff3369e466450d19af,7
0x6a4f074462424085e6896ce7265f597154123672,8
0x6a4f0db33bc4d5c40268e583a012d33d99464877,115
0x6a4f0dfd033f4793fabb925906e715137eff8706,6
0x6a4f118afe5eefbeeb1591e516b3c9a8fabe6026,3
0x6a4f1552ade9499a85f9f9b02fd424ca1a9a8095872628d9a4bfbf88f767dd22,1
0x6a4f15d1ba4084534ca8cda46bffcf8c072ab2c796e6043a53965ae025198a4d,2
0x6a4f1623e7255123d011f8667a4cbf8180713451,13
0x6a4f19b6a481a10cfb6366a022f09ba113d6a3b1,53
0x6a4f1a3e43f5518aa394ed173cbf741d8322d4f8,8
0x6a4f1e938a3ccc650e62065a0df6b8091211b4db,1
0x6a4f1ea3babdcd7226cc1b16c92a1912fc902c51,9
0x6a4f2287bf6ee2fe0794fe589fc330bc20ea154a,21
0x6a4f240b5ccb575406237737989300339432aa1f,5
0x6a4f2474bb3c9bc9be71f185feac017ce20831904c5143acccbd3d970d67e914,1
0x6a4f28cd5a34f4ef8edc3fa3ba9604afe19dae25,25
0x6a4f29442107f7b8a8db2ac55e6a9b0b0e3128fe,1
0x6a4f343b17d5f4e9827f88b09a4dc8504d6fc8d1,17
0x6a4f3558a825ebd95d9a3cc248a3602fd3f4a632a2a129c316106081861dab4f,1
0x6a4f3683c018854065fecb99c177c55a218b0202,8
0x6a4f370fe43659164d0b9294dff504f5ce8a0d18,1
0x6a4f3a08f889a91c89bb80ace3bae4d8eb267d86,99
0x6a4f3a626c0b35c8aaea8bd6d0bca70b1085e2c6,13
0x6a4f3a9e20be9c4530d6168c3c85530d8294c771,63
0x6a4f3e9bf4109e7c3d11f7b8148d502fa7ec6ba2,2
0x6a4f3e9f3dba1514263941c69ad26ed5a34eb31f,24
0x6a4f41a7a049b99aad8d68502746c627b55aed2a,33
0x6a4f41bfa4e7cdfe28935e9abf24207203af0eb3,1
0x6a4f4778564bca578840286396b0e48548688ec5,2
0x6a4f49949cd04ad4b87df524d291ea43bdb33443,3
0x6a4f500c54b9280b28d0909919c7e0d017f12314,1
0x6a4f50eb118847bb01c0b4f9bd44956731a67bc8,2
0x6a4f50ff7da7707d81479c91489449386f927d11,1
0x6a4f5364860ebdf85f80320ba5d072d35a83556b,541
0x6a4f54b2984ea24de4fc10975a72ba78b083a5b9,20
0x6a4f570b968b44ce0326288fb1ef2f4c45b511849434b5f51f3c9ad751c9baf1,1
0x6a4f57a77e22b96f14fa533d3b1fb18fec1040c7,29
0x6a4f580cf7c774566b1978398f33f778c1d93561,26
0x6a4f5d9bedb590f90677ddbab5f8dc37fd06c85c,34
0x6a4f5f49c5c45c1a742df4f483e9fa2bb596869e,12
0x6a4f6214200301c1bc2da7d7307750dc89555ffe,3
0x6a4f6357f78722fc4321ea24a63abc187d67e1b9,1
0x6a4f637b3d2b55f0e677377fc400f2001e4ab135,1
0x6a4f68c719c5b87465f84d7ed432cb85e4ae4cb3,6
0x6a4f69a716a2e31ca76bcad85681a50365586421,17
0x6a4f6a569778717b3c809ae68691ca0620aecf60bd8f2013e765ad6053271031,1
0x6a4f6aeb396c003aecb6a93572ddc4b837f5ce95,42
0x6a4f6c1a82392ba578aeb496e3c260b8ac9680ea,42
0x6a4f702fdf49a348ed98a45e0298be8952fdf866,23
0x6a4f72cf30f77140f3c5c220fd9fd6551fdc5578,5
0x6a4f74246e4f4b2a18064bfefe8e856f3d13c1a7,1
0x6a4f7ebe418739eda8b65e2f5a77a39f400169db,1
0x6a4f824b07cd36fa42fbab79770b215353834158,1
0x6a4f84b5cc41ea1fe91a0ec50a5348563ea5b808,15
0x6a4f8b9c8274a9e0a53522f42633e21cac4f88b0162577e71aa61bda9d15886c,1
0x6a4f8f0c437881dd59006614677f718f19187f6b,9
0x6a4f94885ca77730ba691d58200ea67e52adc6c5,1
0x6a4f95eef7880943220cd71c4fed68728bb6dea97aca0a951f9123db07500ce,1
0x6a4f96192b424b56cd5cb486b97ebd0511854645,24
0x6a4f9a71e0f3909fbea0ff5599afd18455086cff4a431d26888e83ea77e328c0,1
0x6a4f9c1dd8f65af4f4776817be4676c42accc967,40
0x6a4f9e1d55846c064e30a1f21b5ab66f7d04a5f6e2f13f6351a8a1a57c23a0b5,1
0x6a4f9f08a85dbe6db1532aa0a2ec294091fe40ab,2
0x6a4f9fe6feff7b6336830f0bfe7962aa0a01ce3b,58
0x6a4fa4c08fab056f77dd6ae7b51405e855bcb98f60c3e5cad887378ecaac2c2c,1
0x6a4faa0a3ae3bc890d28d9487a105dd492f8a87f,33
0x6a4fae70d491706b1414af6ca9c3254a1acbef98,89
0x6a4fb7a748eb6cbea8693318d4ec85c9debcdc86,112
0x6a4fb8585cdfb7306ec51095dced80c586402688,13
0x6a4fb89d5f4abc251ab620d4b915738bd0e3de6b,57
0x6a4fba9a6d1fa6117c8e2887ded2b59930fc6ce1bd4aba381587f5bb384333c4,5
0x6a4fbb2369881c7af9b8a888143a185fef36b511,2
0x6a4fbf91becd8fcb653702a926b70819ce56b71e,1
0x6a4fc11ddbb383224bbb0c3d4579d7aac1d7326d,3
0x6a4fc147b9807f0dd3612e15e2a66ff46ff3e2a3178936a40f32cd173d5d1a46,1
0x6a4fc2b964a80fd28c56bb99d7130bfd5fd54e02,1
0x6a4fc447c94276a9132cb6cc04f5afc5d64ba29d,1
0x6a4fc523d2716e12918c78d2bf1d25d32f866ba7,28
0x6a4fc64f7b47682a7a10ceef01a19d0999356141,105
0x6a4fc9d59f4a8df8c63fbb5be4007189e5b0f5f4,6
0x6a4fcb2a42a9a49e0265281c05fcfdf2646411d9,71
0x6a4fcc45d8abc2a74163ca4a1116e07eed66699f,5
0x6a4fd2d82696f8d395805fa1bf2852c3a5121dc0f9befc519e7b1dfde63b7a73,2
0x6a4fd6c929afe358133d66bf73e1d8da081b3f3612c6b0bf615f05df50c956f1,1
0x6a4fd81e4275e9361e7204ebbd4eb696f10c2ffbf735957bb667774ff9d01e5f,4
0x6a4fd8a0ad03c6db1d2118aa446c767e39fafd53,52
0x6a4fd8e2a1a7d04c64e78c45f75c0cc7d0f442fe,26
0x6a4fda10f7b735915f90365ca13396dbfaa7823a,1
0x6a4fdcd1874a4054d92bd93b4c6b0a5dcd39eab8,1
0x6a4fde38bcb17fb29da416f31d72e5a5110f85a4e3c473f9d785fb1f1d25bc2b,5
0x6a4fe2a6bcbaa41699efcfab57ff51f046313dba,1
0x6a4fe4f9769005459807637cf6697b943f13c84b,2
0x6a4fe6d619835a91f304bbb2f69c18377875118e,26
0x6a4fe6d7e6d940acd5da158b9249c4b0bf0dbbae,16
0x6a4feea40b7ec5109a322cc2ddd284a84a6ae7fc,1
0x6a4fefbaae7c20d4acb4ae2b3957b83108b4a864ea07e0e55fd5f85736583396,2
0x6a4ff36963809c8d17b975a26678b59c2e30ae48,37
0x6a4ff3ec3e35137c4989b972930368904327cf49,58
0x6a4ff4b506c6e1247ba7eeb6d0275d55a8c50d46,6
0x6a4ff7c7d2a58fae4e48ef477772fbbbf8f594dc,1
0x6a4ff7fed6b37ae80d3d0a878c38a431690908c056b2a38a1b9ea226e78751d6,1
0x6a5000c3fe7ee2a7546027defaf42306abfd4068,1
0x6a5001898e65e1bc00339d853d5aa268b016831f892571ce2a32d074e81c882d,5
0x6a5002872c5f6e49791450c83170b03a4e32549f,23
0x6a50036346fc0c16719426484c8e5f09717c5a8a,65
0x6a500367463f4d1229d728d0ddeaf03770c0de90,2
0x6a5006dd66a0c8149f60bd47b64e7cbf7800a73e,1
0x6a500929d952147fdcaf6ebb10f8cebba5558318,2
0x6a500dda586fd45b9bcd28a44f968fb93456cf6d,46
0x6a500df528ccf29e483329e6d684aa86309102a5,26
0x6a5010c62ec839ea065ea8df684bf269a284a9fb,1
0x6a5012a69094c69a0b5cbbaa5b9cdf31be36ba40,51
0x6a50135255b2122cfd27318f8ce30c10a3ef02b0,64
0x6a501a206b8710a0c95ec32826b54112dcb28844,3
0x6a501f988b8ca0af7e73bb826a9dfae0c2502442,8
0x6a502026364de837c4467f6c6ce7ccb2aed0c41e6a017e09bd89288a114d0af8,1
0x6a50231e90f37aa227a567192b676754febe90ed856b480128032b57aab75241,2
0x6a502580128539944fa0b81f44dbc1292159f2ee,19
0x6a502cecbc787bb9ca7721333730be6e380c2234,1
0x6a502e94c1c69aed9addb1dc4109b226b06b2a41,1
0x6a503344c9e91c0e93c6eb1beb635072b5986764,50
0x6a50344f8cd04cdd24d64fd4f3edecb9d502f9a5,22
0x6a5037f85b000b39f8d6031c39151908d7333c9b84ccc5cd082259aaa7e5e2e3,1
0x6a5038768b222a5a6b70151e549dea03bea052ce,107
0x6a503b4e76e521cd606e0f2d17209d4e1604b586,1
0x6a503c8435bbd32d161c04b3d68251b948f57263,17
0x6a503edb40d73394acbfdeccfa63b8ccafc27bbd,58
0x6a504075c19dca669e479ac45653efa51fdf4b7f,15
0x6a504128dbfc192b42914576c20663b504672265,32
0x6a5045470e63cef9f695ac000b6bcbbd16631e21de69afa4886c89f91e5ce522,1
0x6a504a0ce79268702c22cbe33bf93daeda599968,1
0x6a504ca6bcf38f2a522f5e4f7f011500f9ee84efdadc07be70f74b5ae1233b6f,3
0x6a504d6e86d4382c7a192ab937cd88c60fb96f97,107
0x6a5051506ad245cbabb1556033f76e0a589fa492,23
0x6a505398cad741936499c41feb5b844d7dc3b8cc,33
0x6a5055a1583c52a75f240ce5f7383c2185d17878,4
0x6a505672e3055a1ec93d04c57c3f493639b9ffba,1
0x6a5057c58ccfb43214a81b38bb98ddd81b7198b8,1
0x6a505840d99d8cbc294fcf7571eb00d0cf35a3b38525dd1c9fcb51df981999cf,1
0x6a5059bb3dd259a603490b1e121076b69affd83a,1
0x6a50606c4186567d5fb8333030147c787c4e0670,40
0x6a5060f716ed0baf6a6d610c156cfa1523da89fe,66
0x6a50629dc6e9c9d76625672e4bb97c9cf1d23d93,42
0x6a5064043dd46e0d4db68e7d609229c990033c2797c4a7247ad4e44575ce0b37,1
0x6a506993bc15475001d0bb3aa9cb84981df4e784,7
0x6a506af07811e840cc2162c95a89e5f5a18084c0,1
0x6a5072104624ef4a0e3b143cfab9d0db2649f94ea0b5866ec685fdda2d2ceec6,2
0x6a50758b8819af9e2293cf17355b84ec6bade20e,17
0x6a5079308783e77f92449261b27a72b48fce6fd9,2
0x6a5088a974470cfa0cad87567075f2eff3491b72,39
0x6a508ab736619fe7986be270cb90a3e5106c130f,1
0x6a508b6d70665ca80db6ccfa5b6e15ed6dbf2264,173
0x6a5090233e864718f029e1db74121c5ec1799474,94
0x6a5093b0023ac7502c1d96e2eb56db862fba9645,44
0x6a509692a463c67146c3ef30cfab6b22fdad6732,1
0x6a509ad199110a4236258790bdd23cd9ea8d280e,11
0x6a509adf7458974da88a2c574e921d8de705ed54,11
0x6a509ba4595b5e5cbf041ed194a8363cdbf05ffa,15
0x6a509c607e98f6fe645f6fb2497dbebef7d656b034d8fc07be58f54be67c922f,1
0x6a509e77c2f8b76a46e20515a848aead646254d6,27
0x6a50a0c96c4b372148f8ab2570b9815bf954e010,13
0x6a50a18d4794e9bf803e6539b5744779ade958716f5183e1d4e7f6aa93dc6197,7
0x6a50a482735fd1dcf99c70cd9c2424465c791713,1
0x6a50a600c0b6d34d37a6df4afcdfe72fb8743f6f,55
0x6a50a7c1bad1c07ede904ad5a49358c4f53ec3d2,1
0x6a50ae0be30537011432ae816936c82c61ba9849f5b38aa629b2ba00c08b55ac,1
0x6a50b1fda8f7fdb27eff757267995d6c2140850106a3876fc3635bc87b657fb2,4
0x6a50b492bcec15610d562fe58fac7c1393a21a89,6
0x6a50b81265d00290e44e13961de191dc5dd231ed,5
0x6a50bf1b720dbadf26053c989011bac52f018bfa,1
0x6a50c05fa23b724202b760daf442d253f9bec459,1
0x6a50c16b54a18d6274e93ee9d6aeb928bbdbbeeb,1
0x6a50c49a39411892b4a6de92bd4bd7f561bc4f99,2
0x6a50cab98afe6ac9bf3caca79563afd205dffa269722d42c04db7355cbae2952,4
0x6a50cc50c7dcd718ea7297de3f4ca267a6f0fd92,13
0x6a50cc898dad96bee758abbd88eb481402ec7c96,141
0x6a50ce6ec44c43026e1f08889848c435a5368f97,2
0x6a50d889fd17291b5efd35003096f6d3eaf3a435,1
0x6a50db2135f8ebcfc86d17c3543533ebfc46d210,1
0x6a50ddc34438c70b5c5e4c780c32602584718668,1
0x6a50e3f0c354614f83bb94b487f4d4144dcfa1bf,1
0x6a50f24001deea9ea2bf834c5ad0cee7ab0ff8fa,7
0x6a50f5bb7e0cb0b372c322b7dd997cded040cb4b,48
0x6a50f9bfd5a6a6326071c759fd3f17a6b17dbc1b,27
0x6a50fac0434462c5c00fa6d37f1558ad4cdcc40c48e40386788ae08a6e54247a,1
0x6a50feddabd04662e2b6cb2e7fe138e0019f1131,76
0x6a51000cc8a55c0b2fafe5fca691cec8ccfcd9d9,11
0x6a51009ba056b349d7d202c7d132ab1e74ce6eb7,1
0x6a5102d365976f6430a39390c6341df762faf530,22
0x6a5105100b441b9f882e7a1edbda77affed114a2,36
0x6a510785cb35a6e9f79e07b941049f0a5ef2c710,23
0x6a5107b36edb6f3e282655b22394b8fdf1008db1,19
0x6a510a60a61da1d442653b8deb4f2c27a6cf0c21,45
0x6a510cfadfd3c30cdc4f7a6d20ea55089385d0d0,32
0x6a510f100b42bc9e3756f765ca133e447bc7e7341c751e0361e6915dee6a3845,1
0x6a5116bc319270ee6ae7e9cc32ba2712be362500,44
0x6a511c45136369c7c02b3bdca6a704cad4dfa3bf,29
0x6a5122ce7d789b2d18f7ad169f11cc4fec27c969,1
0x6a5126b2ce70c8a375389d0e8d2ff98d68c4e850,53
0x6a512946a9ba1d54e6f7752d6c443589e4645b09,10
0x6a512bd782548d424e9ff162d1d16b1a0b6290f8,28
0x6a512ec3841ae0f8fed2c80a74de374f3de6e525629222fa49526e15e9bb6dba,2
0x6a5131f60db655868b373782676cb78345bfcdaa,32
0x6a5138817c46fce12199d35e4f06eb9294a660b6,14
0x6a513a8d8bb53bed80d53567021191a916500ff1,5
0x6a513b89ba71f65f40506cbba03b40449189e85b,1
0x6a513cb43c5b3913384e40af29c8b0e0604e3a04,16
0x6a513ec6ec7e23030574a151393aee25bedee662,1
0x6a51410e3c7ace1a0c96e8427b5a3ce97de8388c,1
0x6a51417ec669316423d01cb8e71ba5b81560f96c,1
0x6a514460d5d4bd7abe8bd7fb2636d93fbd8bab46,31
0x6a5146f951f863eddaadbc4eaee1631620a910ea,3
0x6a51471b19351a45e0dc6b84bbe2403663902e79,6
0x6a5147bfcbc18b6cb3807da8ba5b3b131f8c5bbd,6
0x6a5149153ad26c1716583a00d09cb795eee4e4bf,8
0x6a5149debd2a6b882fb8a6a95fec19e290ddbcb7,1
0x6a514e464d1f65643ba25a6bc32b495bd4017803,1
0x6a51507ed1dc30d40b670578261adebd93e37a49,1
0x6a5151abbf3ea937ee2a28285f11b80e15966bfa,27
0x6a515511bd845eedb2a8c2d4f999ecfb828420ac,33
0x6a51589dc89b7c8016487196212f84033273b3b0,1
0x6a515b77ec329356c0ffae7e785c421968948abc,1
0x6a515d69f5d6289b19f190e5899972f41c807f0d,5
0x6a515f235fab2daa22a4b0393c32d0854a9867327b10fd3dcbd63103adced66c,1
0x6a51673bf63310193c6a7202ddf300e3615d068b,16
0x6a51687c41b8a1b7913b7c05a9592ea9f7abe64d,1
0x6a516897c71d3aa4e525b3f388a70e2a2e4b45da,1
0x6a51699b997f1c4e642a31350eaa98ffd3edc56fa3a6798843e986ddc743a2c6,2
0x6a51699be84bc7b1bc589462eeac37482e4edc23,15
0x6a516f4b33c43ef03f90e04433d26b65a16b1a36,3
0x6a516fc11a24731de3c70110a76d3e7be94182a4,29
0x6a51700400556389f9dad2f419de5a5b4396dd2e7a7056cb75277ddaf001b32e,1
0x6a5170da56fcf3ad4ed63509d48cde40796ccf42,130
0x6a5174363165e2cafac8d2cb05a530da49d19806,67
0x6a51765f95b46f402dfb5d63ff55b0dfd637fcba7ce8e94d14b5eb4ae06e2eea,1
0x6a5179cc9b850ba953268785454657baa0e16343,1
0x6a517e13d542b0129d963c3d81ea5f35c753f64f,57
0x6a51890fd029e668c0eb336bbfde460d24c7fad6,17
0x6a5189544d7ab42e8f49f2a1c7cffda926d32a41002679a0978bdcae46ac3a5d,15
0x6a51974eb26bdb4da4e4e8714c232e266b43c08e,72
0x6a519a9198c2bc172d89f7d1a0ed34bb31a8b409,28
0x6a519f1279f43d4a9a2f861ad0785e0829f68dea93bb24f4f591bd080deff364,1
0x6a51a15377cb137f1a078189d5edf3614ed0ed01,3
0x6a51a2005640cd6accd0237321665a7ccdc5e02d09da23ca92c853a34b5bc127,4
0x6a51a496f0a6177de9bc2e40e7f5de0959c5cd8b,41
0x6a51a511c47ab61d524137ac0544d6b62b8bd13b,2
0x6a51a541340b84f6d4a9c357fbdcf0b6716e94d8,2
0x6a51ae4220d1b5b19658c7108b6e7bbb1a82117f,26
0x6a51afb0ab571fd3344a6c0d554b0cb8badf0109,2
0x6a51b19254eb27b23a3fc115e3267413b284d1f1,16
0x6a51b1c6cf7f69a1c61a97382663e03fc76376e62d4a98a8ca59c1db7f894a51,4
0x6a51b276a77c6915febf0c2c6c8a51bb0b894d11,94
0x6a51b2ebaec0ee2a3515d141ecf3b5b9d833b27d,30
0x6a51b424452c3fa631fe783a02b593b84891356f,43
0x6a51b8dbaeed26e279348ba63e277ca4c965c82c,79
0x6a51b9e6496ec6e1b9fd9ec77c9e88de6b979245,43
0x6a51bc515ac61c9b039051d0166674ff05fdd331,27
0x6a51c18786b87417980fe79489d17174e88dffbd,1
0x6a51c19e64ba91cea8a5b441ba0d6a0ae80b6cb3,26
0x6a51c5a2723163051da1be6016689094d4cfb9ae,138
0x6a51c6d4eaa88a5f05a920cf92a1c976250711b4,2
0x6a51c71a9397ab1e8a747aa88bc3e0cef367d936,30
0x6a51c878f3343ab0e98a199672c5ea44d87c920d,8
0x6a51c98beb1d8b13fb94f9e3d2e77cb411549802,8
0x6a51ce9add61552fa431632287aeab13e46e9a9c,11
0x6a51ceabbc7ca857d0000401306a4a9fad2ca6c8,1
0x6a51d9166cefcb2a14ab2abc9f700176a07fff51,1
0x6a51da4dd6656767a5cdeb63f17c11a0eac321c6,23
0x6a51dbd4b0cccf250d0039feefa4311ef076f826,76
0x6a51dbffcc39d4e9310c5ac84f8ee87965743583,31
0x6a51e133a3a27f4fa1bab7da265755f68fe0a92e,1
0x6a51e667f38fd107656de1552f62d3c8757edcca,24
0x6a51e7665954094959ea3aeec8f717b5a7a4a612,25
0x6a51e88072f795b4ca5d869b9aa74d9b2de40b67,2
0x6a51e9e1ac3e7cab35056d2cc334269b65a8a134,20
0x6a51ea0828f091c68b7e307b7a7841fe28d6b269,2
0x6a51ec2707380eccf59eaa63d9ba58eccdf7ba92,2
0x6a51ed6c77d66e038dad68aff5c9fdef10fd6c54,2
0x6a51edecd84bef067ea964bda87c9961c1d7dc04,40
0x6a51f096b1ff834c4be36e87fdaa98be6cce86e6,39
0x6a51f438469100e53fa62046abde1658e7f786cd,1
0x6a51f8da32571223000457aaf2afde992c5ce35161e3643fad6977da0e5debd2,1
0x6a51faab8351ef1f7c16eb94522707bf940302af,2
0x6a520023fc2e7ce2d3033ca5deb6b51698af21f5,2
0x6a5208c0c01b176381efdbc680efda129b89ac4c,6
0x6a520c9611f7b6b9b7456ffeb38d42e41b76538e,40
0x6a5213763f568207bb32909905c27a21d8e1b930,26
0x6a5213a3a1188d4a05729296de1527baf165250d,65
0x6a522313a11dfd653dfea3407b9cd56b530e25e8,2
0x6a5225cb50323ae89950b6bbfb7adadcf75b36f8,2
0x6a52267ba7c3e8f395bc3ee9686be9fea041dec9,2
0x6a52269654c3acaf76b2aacca02893f7d1a78820d2bef910deb49446c2e80af0,2
0x6a5226997926d770f08e37a098ef787fd1b010e06994cdf6712a6884f23b51f6,1
0x6a5227bb91ec1d895339a6f9f1eaead8145f8e38,16
0x6a522b68fb54beeb271a205e93cdf141677a4ce8,12
0x6a522b8543effddfe39e22ad99570d7c0502deb0,2
0x6a522bb25b662d1162c4c7d93069d05a867676f5,9
0x6a52310c73e3802ebdaf6250e2be6c5bf237aa8e,3
0x6a5232a9bf5e8f6e34b9a8e9b0d3bb290d1703bc,6
0x6a52368a39c30b57a9c7ce348b06acee3fc20cc0,1
0x6a523a374030270c89678aa2eeeb3043e7485e1a,1
0x6a523c9ceaa611e0e1f5f7e5f86d90295e13636e,109
0x6a523cd630e5b26b339b9a001836089ead3d65b6,3
0x6a523d4254b88dab3541cea8b4598bc55303936f,104
0x6a52403eb056d62ab6f6cad0c48762f2914f9922,73
0x6a524304db5a89a303ee6b9cf2b1f7e081fcb980,19
0x6a524c6b750655f5039908b1b7e6bc08d37b5607,1
0x6a524ff49931fb8ff69767641309a37c1d821978,254
0x6a52510456adf882307cbfa238ffe4e1f8c15571c831cca736b9bc9c23e47d3b,2
0x6a5253408821750dda24a051ba5f33df98244300,10
0x6a5254caf71c6e693c1775261c1004067c0d9c5619c1db4f540a71e72a69d8ed,1
0x6a52571d2af472dd001c3b2a6749697de5ab2465,42
0x6a525c58464266d2bd19ee565e966e9f103063f1,29
0x6a526089a02137f21bc98f19a2c92aa98b9e6a5b,47
0x6a5262897e07c1c904ff046efee2f638c7adfcf6,1
0x6a5262ad0ed89d2e4074ed006c0a42eac81a6577,2
0x6a52650b90fe2efef043219c1186506f4276767b517c459f94eea16c876c84df,1
0x6a526b3624996405f75719281d5984ad96d805a2ffdad24523b21c274470097b,1
0x6a526eaea02fe928fceb88d590a4c38fc2be9a9c,1
0x6a5270c2fa511c75082fbb9ec6b0c89ad2f8278c,16
0x6a527171a008f84aa3bd52cc776bff04799e5241,14
0x6a52723e071c5ae0c43f306a805e419cbbc6cc493404dd7f5dfe34eca204cad9,1
0x6a5274812f901e48e001f9c4d719b23feee89454,37
0x6a52779df3c7bb3770581e31376115524cf3301e,2
0x6a527c25f3ae73a613bd7c7e765aa8149f5445d671087166ce92c1e2d296102d,2
0x6a527d9e26679e9ccd96f4f62e53c2ce5cd48cc3,2
0x6a52810443f51ab86765304d61c07d40cc73e8c4,3
0x6a52820f5584ba4e4f54c49a2803f20544d38461,3
0x6a5282a527e41a117f4a46a7fc46ab09edf69088,1
0x6a5286cf3a834c83e17473c674519897db77fb964d90ff6517b794e1e206ab46,2
0x6a52875e0182318bdda9ff893050f3869805fa04,1
0x6a52889380f193c0cea1c50d1ec13da75d6bdeae,1
0x6a528c46c98f7e6f6c17c1cf960ade90169c5fae1920917bbcc65df7569e944b,2
0x6a528e242ed72a638a6c16ac60bc5b5382eba7eab27b9ee0f83b1627d18a5d4f,1
0x6a5290310b7dff21cff6e7eae20cc09a4cb7885b,38
0x6a5290efe91b4bb1a6a40b5a6beaea10825bfd6f,1
0x6a5291de845b27b89a24784280332d821618b564,1
0x6a52945a04c793eea0f737c74fae67e3a3ef70b6,4
0x6a52958a621f6c412da41f82683088c71a3fb3445789ea01db7d071865cb6172,1
0x6a5298d8d643c962559186c75863012f55f75116,6
0x6a529a8363219076183d28b754c5a329ab6e7798,2
0x6a529c34d1266d37171ea3bef3e49e454095b108,53
0x6a52a23d28fa1278e888b1a1c4bbbab0859ccbc2,7
0x6a52a7ff4ceff906816f8f81a9a1a8c3213e34c71e9a0c6a479ee28f73136265,1
0x6a52aa7ff46c53e3863bdbfae958dfea9f238de2,100
0x6a52afa24663e51cacadcb38389d0ac6b72a70e3,3
0x6a52c0532f2061ba0b513f0500d561cb351469a4,10
0x6a52c1662bf6819f3d16a8092dba58a76bf9f6e5,45
0x6a52c2d83c0b649cae0876d42a7f22450ce88221,1
0x6a52c627f7e901c410cc3f905127e75d3c1aef36,1
0x6a52cb48c717eb23f1f9d3122a22085b7b762fe4c44ab3a1e04b7666348a5f89,1
0x6a52cbcd074ad10d5b55a6808b5273818586d467,1
0x6a52cc433052b359aef7ade6074e9269f6140344,1
0x6a52d52504369d64d59a55b6862e98d3623d473d,1
0x6a52d6dd50e12642ca83c00a90b21ad73b4f22a5,2
0x6a52dce2e11f1ecc13a939bdaf4b710654a0f97d,9
0x6a52dd5cf6bce91bfa8037e8014a885bb7fa7a08,1
0x6a52e14694c35e9df43dc5ac87a11857e38d0599,21
0x6a52e2a9f04ddd646a935eedc0beb20c2bdc2bfa,5
0x6a52e851e821cbad780eb8006259b5df4b578a50,2
0x6a52ea21c16664920f9ad564dc68b355f29192a4,35
0x6a52ebcdb44e1609938cc99500460de4a9334c4e,1
0x6a52ef6cbdcc3bd010e1fe803a45a144f699405a,118
0x6a52f1041979f0a7771c7697397c9eef0e7abc1c,5
0x6a52f2b1ea5082bfadbe90ffc83cbd813cfdc0ef,1
0x6a52f5f758d930a9731fe57f192e5ca457180d5fdb88299bb87e6db8709b9499,4
0x6a52f741f09a4831a35afbc95b4329d507270f06,1
0x6a52fac062872b8480f1faee6ea3d6aa07f79d6c,1
0x6a52fad7288740e58663526afb77de504a68d122,76
0x6a52fca5b84ca4758c16d430f46ce42a2560b89e,63
0x6a5300da9a5cdf135c06989b2ce36c664c0fe24a,2
0x6a530808069c31d0b1a721e0540c7d669044c3e1,33
0x6a5310feb16a2ccdf91fb3c24144633a03d358e9,4
0x6a5313259763468bcb66ca92124eb4faafb69978,12
0x6a5314a4b68ef346cf6c776b3c7887cb9f52b7c8,20
0x6a53154d4b0472f174bfa52a124e15dc0e41f767,3
0x6a531585fe0058f5537afa402a83c31d16153ff4,11
0x6a5315c268247ad94b201855f8ce0426cc8abcfd,2
0x6a53161926c8b42c23d54244003a4bfd854c0f1e,29
0x6a5317265b27868b4d2a0f959a24c45814d35a0e,30
0x6a53177d4ebed74dfbb7062f37375d5e65256a2b,16
0x6a5317ef54ef91775817c608bb17236b829a5647,1
0x6a5318b96450e7493d28323a2d039143e1222fca,10
0x6a5319a17ef957c4b92192e8f9986b6156438d7c,1
0x6a531a4adf1d097a4e17fdb4f047da33ac38bb24,1
0x6a531c6b64ec74b866911fc33816adb86ee850ac,51
0x6a531f4aad1c3fb49fab9305bf868e514bc4d9d9,10
0x6a53225359ca8d2276604baec33bea31308a4b92,157
0x6a532647f73ca4a8c742a5df60374746100028af,2
0x6a53287fd7f3bcdb92a92d0e863a7b0450c54d26,2
0x6a532a106eecdb385a355e3335d94522bb2e0c3f,40
0x6a532fd572777437849d5507a7f5cef83370361e,47
0x6a533034927a2eac3acd31bbc90f2663d20f700a,26
0x6a5331c506f07d6c3fa627af7d780aa7f7358187,1
0x6a5335d42146f0da9b593b6eefbcf7d6fbe3cf72,1
0x6a5336f749022aa5b290b6ed8022d3de1f8778e3,43
0x6a5338f51eaa64d055d9cd869e08f5ea94d2c5b6,1
0x6a5339e6d7298ade909753bd627836fd1916d39d,229
0x6a533c1c1d36e42c8c750e9bcf16c3cfcc4ce44f,5
0x6a533e441dd6c3c8fac4ce4ff5f40562b033f70e,21
0x6a534a911f833820bdd5143fbd83a863346934de,1
0x6a534d8d54cc0990f2e00f9d6806929c5676a4f3,2
0x6a534e5ac07832ca0fb073dd27fe9726dd045794,35
0x6a53520e52da6c8e66697019e92c05de9fb0feb5e6b45c2e3b652dcfd6ff675c,1
0x6a5355c6b886e5f3ca1c0f3a7064814b460df337,1
0x6a53566b37f80d4c6a949f6b5324b1412d364bc3,4
0x6a5356b0017f7729f862189b6046d945d502b02d,1
0x6a5357f8cbb39c5293315b7bbe412a48ad708b50,1
0x6a535943462b7b5b68539bea62350b8bfcc75257,11
0x6a535af8ea85b4785bd593f9f9e647fc9ef85d34,14
0x6a535cb802c6054c4f5c6a9ac15e7518fc159033,1
0x6a535ce3eb5db7abba3a3163993f42ecf8f1aaf0,38
0x6a535e55dc561c8844d2a3cab0d50a4f571f1e62,7
0x6a53636ba7108413fd82155c104523abb59e71db,45
0x6a536674920b1bd5375d74305f8e1a0efa9113d8,27
0x6a536815e3e2a08e1d5df5879531c0aebc88dd90,1
0x6a536ee94ccabcd768e9ff900d2666778a8f0a13c994b43bad316bfedacfb724,9
0x6a5370351f5558fc2d7be85504bb1e65ef229e35,55
0x6a5370645ac18adf2da63015c4efa0771c0cbdaa,3
0x6a5370665c82454fbd6f30935636c6e1d4164c75,105
0x6a5374bb738a4e07a23d3b0907d4f7012cd9f88e,1
0x6a53778c3d8f2b40aaaafa5fab18c4473e46331f,13
0x6a53796d166cb2b44d15a1c2f4b045e6adc318a3310a3e970eda8ccfb9379ec3,3
0x6a537c0b94e3333295d9ac76879fdc2ebc94d558,3
0x6a538101453476aa7950d5d7b42e2c152586fd601c5d9d5442384f598348b56e,8
0x6a5383b706c78a293f7b534a4a8342d4c73caf3b,108
0x6a5384888005088a127505772ddd8fb0594a6207,108
0x6a538b46571b63e2a16c7e4dea204fc32b9b8421,3
0x6a538c9efa26fb8f9def96a26dad9c87e4a6e8a4,15
0x6a538d00bb131e73b403c5a47988dda75936f0dc91c1dc31079885751a68d652,2
0x6a538f60473186a708c084f0c8572197b107399bc0e0dafdc007814963477bd,3
0x6a5392c03a40622b669e3aabe730319f03db455b,24
0x6a539458f41aa71ed7510ac54370e5ead41a0d52,1
0x6a53964b3892ceaa8a938c94e4f3de2bd4cf7e0b,5
0x6a53975925485383feefb2de955f75548236000d,15
0x6a5397ef401f6f4cbdcac60710198fba8af3e167,2
0x6a53987b3ef5e2150cc2ddde16f149da0fd00983,5
0x6a53988c132810d0f1c368f87893b14d1e5ecf72,72
0x6a53999d229989e3c12fe25011fece6f029576ea,2
0x6a539a1003f2b3f2b4680414f04f72504c6797a94b2c3798325c3699df12af62,1
0x6a53a1d67e4000819741336f6023335e7c14936575481e862e3221ba2cb1273b,1
0x6a53a3944fc93465e109be548b3ecba3b4489d95,1
0x6a53a61b762a99284a4bcba7f8c5f3cae7adbaf2,3
0x6a53aceacb36587f687e1e4a0d2d7ef6599148a1,26
0x6a53adaae47030bac26e3759338dea6e16b6a95e,4
0x6a53ae034d219dd3187b50b4ebda6c13f2681bb6,12
0x6a53b16c1630970bf5d0cbd89824fd988897fa7c,1
0x6a53b388028f4edb3f1e1c91bc5b51eff781239e,3
0x6a53b710cf0c6f30897ebedeb7e0cd942542989c,3
0x6a53b7be525e623cdadfc17ffc557af36993c63c,1
0x6a53bbc3f3c21534dba7ceee971999f058c34281b669115e1eaa7904f8b6a48a,1
0x6a53bd741fc1e1d9fd201dbdd480bd9cac08d4c7,6
0x6a53c182cad3b2bf575e9a80a464fa5606311458,1
0x6a53c20ddd24c2a7125d32669e55828eddf413b057e74582252f36be9167ae2c,2
0x6a53c3aaa9ba0444497095aae8c182c30d904c8d,14
0x6a53caa36bd687e701d20a211c4f303c42f03987,4
0x6a53cb93982fef93ed93babfabfee5b41af5497d,4
0x6a53cbc96a53bfa4c2c5da2478f0858247328be3,29
0x6a53ccf3d0ec5104f3aff8f2f0d28a43fb2cde9b,34
0x6a53d0a68039d048218f324c0d5a3173662ff219,13
0x6a53d3488c069e1914565fe3f3a7ddaf8fe8237c,1
0x6a53d419a89ac0a1b095af301bbaf9ac978f576d,1
0x6a53d4a133b4489fcbb672e71835185417893bf1,1
0x6a53d7dfddaf5d0e0ec5f3dfb382578aff26e385,62
0x6a53df8ac378981f0843c889d8a67cc3839db66f86da4f092519b26cfc2d3ab2,1
0x6a53e2ac110b02c80bfe8d412ab0cdc4cb4f2e64,3
0x6a53e3fa2f85f945ff3fc1e8f514378d22082b7a,1
0x6a53e774857be2edad535939fd3cc10c46116aa7,2
0x6a53e9c2040d8ef64b78ccecbf71cc9d6f0856bb,4
0x6a53ed626243afcb88643e7ff408ed2f8e06be3c,54
0x6a53ee5263244045f20c38bf8c63e079ff082b03,39
0x6a53eeb66c3bf03b41da6672ebb1ef5fdb79793f,4
0x6a53f4452e1f93c69f83b2086e5d320a9f2afcc6,1
0x6a53fe3834f1d7cfed71ec0796d779d6cc100453,65
0x6a5401021d5442f03eb16868727b1eeca1de9a8e,51
0x6a5402288c966d41265a212315833240b41da2ea,3
0x6a540545ca0b044dc10a1c515f87624b7cd560922717a7d9d6411c1164611e20,1
0x6a540648c322bc9a52f958f187fe45aec7b5ca38,61
0x6a5406e83bed189a1d6c516a5a8fe9813ef609235e48a8269b8da7b5ced8fd82,1
0x6a540b76b4c8cf648d72e823f7986cb899514c01,6
0x6a540de56acbea60ea07d7b4856324b25eafb2a3,17
0x6a541854c2fb40f2b27d2182d494f67bba060df4,60
0x6a5418f5489fe4296e1c7ad8ee41c220f99b9ea4,15
0x6a54191aa2011301ec6444804310d8ab1d619ee9,72
0x6a541a1a9ddbb962c721e732d3674d72bf6a33d6,22
0x6a541b0e6234e59f81615de23ca8ff5b334cdebc215d327e8c88df9736f85579,1
0x6a541b6e587e708a28792e9095ceb8a000bd8a5f,3
0x6a541e1b9268a94a6c864acbcbc3e9f62db0da78,7
0x6a541e201199b6a3a314bb8c1ee128c43ae8cee9,6
0x6a5420a25bdd28c595e833d0b33c58b50f2b3badd21c59ccfac897c29542c134,1
0x6a5421434acdcdb4845f076d7944c29aff69ce5d89674b356104cbe41e826f76,13
0x6a542414e582f097cbdf046235a474fd4f947982,84
0x6a54283df34729b2a67f6ee87e840b437f15489b,27
0x6a54289e262818bd7dd20abddcb08dc18e64f716,4
0x6a5428ee028e4113e9079bf6efadccd0460c83e0,31
0x6a542921c80ea05055f373b21fff26ddf04a8408,4
0x6a5430dd06d5ded1957e7c99aac1802b398d1405,101
0x6a5431bf439dffaee2dce527dc8edfcbf44d71ae,37
0x6a54352466f75cfa0f6d712f3989716a38cb1693,12
0x6a5438352072fe5bb62a0656a8cae97a56be35e8,1
0x6a543871da7f3ea3745a25b5171e1429437c10e913ad81e767a1197cb3061cf9,1
0x6a543896695678d5ea8a62c79cc4503cbb811e2b,115
0x6a54399bb7bb193f3e18ed3d70a034f7376b270f72e9f19082b4dda21d387134,1
0x6a543c8ef2fafae6e7b3a41ec0b6be53f986ecf29a19f1e0a7d2dc1d062a463b,1
0x6a543cfa7050054fc3c6a1f9c87fa27ba60e578a,20
0x6a5443709ca97b7c58b6668da1f72b3bff644d5a12db03890abdab4573524343,1
0x6a54443cbdd3c28adbb8c908ce1cfddae34dc28f,7
0x6a544b269b410b7ce47b8e9b2aeb7ac726c7ac83,4
0x6a545126bb517110c69713d0e9861ce465d177ed,1
0x6a5453663dc4a3b37a73f3703d2b66374c9c7da2df6dbfee9cb2f1625e705daf,1
0x6a545997fd8cb003f32d3019f3096710324dc4d162e2fa25f5a0b270d221015a,3
0x6a545bc8a08fe033d036bb9806fc6d2c8b3616c6,26
0x6a545e6a05361a62c79f4c3ba9fc8a1c67d3319e120f39702999c12f0a4b4fac,1
0x6a545f064f20205b1ecce4c6793871103fade007,2
0x6a545fb08ad1cd2029fedf7a7750661c253b395c,44
0x6a545fc7dee46119204cbea0ba75fe89b5797017,4
0x6a546912cfa315844514a741c4d4d743bea57817,1
0x6a54691d4e44bd5e2dd450ebf939bba72adbbf84,2
0x6a54702da42b051fe37b1d9d8e0590757b1d15cd,17
0x6a5471f50b1fef1174bddfc20f77bf947d955a08,25
0x6a54749fe746417a0e6cf18361480dcc1bc973d8,1
0x6a5474f6f308adb706b4f0a51ffe3ee581f339d6,24
0x6a54791774c58f19633fdd1382af90ba173459d8,315
0x6a547b2386988d0fd53437422355aa6650ea0bd6,49
0x6a547b7593c6eb49549c5f0e04d5df1c53559d05,1
0x6a547e1dbf7c9b7181dfc76ae3989101fb4b0533,8
0x6a5489ca095982340e40dd269833e80677a38b88,34
0x6a548bb324d38b8f71904ec34778f36a51a59409,6
0x6a54932960f34a033e1e0a869f3e5367065e12d0,24
0x6a5494a21658aca71bc5011788da0d44b54bff5b,1
0x6a54960613ecb38c82cd7dd978b41b32ac55ff6e,7
0x6a549723052400bb4c811b8c3b3ba39d729ee846,31
0x6a54978534de46b74fbdd89f825845579a4e20be5505c35c8bf1a6b5ccdd5c6c,3
0x6a54991d7aa3fd614795f46b23e05b7debc3a651,29
0x6a549b3a22bb29a05634c0a25a663cc47e4063d1,30
0x6a549b97989b1fea071ebbc4ebf189462240a120,57
0x6a54a28c229a57830e75a2fc125efa80a049ddba,3
0x6a54a5b2c0dc87aa7d79c013030e41e51f24936a,2
0x6a54a9d3a4916319355ffadd47f2ebc73ad78f65,1
0x6a54ab3b9b6e3e8f0a4fcb33e1779a1269d3cd56,59
0x6a54ab553175846732e8d2c7cc04c2c20e9b0dec,103
0x6a54ad5c582f1e6c221e2bfbea391fde4dc2594e,1
0x6a54add248a8ff667072e71915128ed455b1b444,2
0x6a54c0a6f4a553da3f35ad13db42e13445b6e685,1
0x6a54c2253618176649bd3952b16e62baf1b32457,23
0x6a54c36c8caf7225a91da15d72d8fb7a954a7cec,33
0x6a54c56809cca416b67dbf98de2bcf3260f8a07e,3
0x6a54ca71d3ec7f7f8bbf7a269d38addc9339ffe2,21
0x6a54d0d75cfac6e46b2ccb6cdeaa3bff1b550a8a,19
0x6a54d129da35e5485a26ef12e9ca210f6b34b9ca,41
0x6a54d2d686b1f7220a303bf6cca53f79cfc29792,1
0x6a54d340cf12bbefcf967476dff63c594c065f1d,7
0x6a54d3578548456803a9df6a98baf2f0b06928e0,69
0x6a54d3e00278cd20953a210e2c685407c35c52f4,1
0x6a54d52c23ab4bdfb6a6d6ab852c8c8507e1dff4,60
0x6a54d8a0084326819b0341a6cf5e93f216e105b3,1
0x6a54dd4c428155bf8efbd765e9ca0cdaafd11432,60
0x6a54e7db61ada4b730c57290a112859bf478b095,1
0x6a54e8b46f8efc22a94193db43efd652aa6c56d2,81
0x6a54e9388d92172000b99c457f78a0a0cb67ba93,43
0x6a54eac407153728f6602b12bbd0b8d0794d4ec9,2
0x6a54f23bf4fee0bd0803822f56ee2e9fd85d91504f78508dc2042a40878bc2aa,1
0x6a54f4159717fe096231730b7544a8b91396f8ef,31
0x6a54f75fc470d0a29a9fe262de6550cf0458da5e,3
0x6a54fe16aac2ad2913adf473df08f1d56fcb9a99,2
0x6a54fe19d1090aab66b0c3d1f5a0134ebe6bcf3fb78777354c449b76306412fe,6
0x6a54ff0c8f107cd84c022d67edaea37c1493dd7a,3
0x6a5503406673f89c4d9f86007a188ab99c51edd0,4
0x6a5504acbd9a5c10fd6f820adf6a2c567d07a566,100
0x6a5508d30bbfc07c15e14d80bf3f107634c4f52c,2
0x6a5509b4e0cd0c86ced98c9c28c4703e42dcb3bd,12
0x6a550da145070a517cc4f5bba7b9901ee3081305,2
0x6a5512331ea49aa367021b2bdb3a6ace9c7f54a3,68
0x6a55155ceb5976a65f02b10ef357d043438fe7c6,1
0x6a5515c454692f3f1d41549ea455b98a5afd9caf,1
0x6a55182fae28d67db23de576e5c1cb993ebb942d6585e2ba8218ae11761a10e3,1
0x6a551b55bbd88ff66a59130fa79830826a41982c1f93bcb0631d00f8fd648aed,2
0x6a55260179fbf2c79bc7f616f883eacc1c262407,44
0x6a5526123c414e900901e4d2d182a224c5a79d9d85f4c0a27b481a6dfce70f11,1
0x6a552f1653cb5ed2b9b91bf4fe8172ca8aed29c7836dcf0645d5380f33e09946,1
0x6a552f1e56070622eeb1f808d6bcc46db1083d32,1
0x6a553160660bd79794a4b0da9ebf07beffaf7feea1a93d872c063f04488e74ca,1
0x6a553483a65eb9472636c7d4a46e69443f3b9536,47
0x6a5536542a034bc72be5ba5b872129c6322938f4,24
0x6a553935866ff82e596ce42442d35944e3c8cbf7,27
0x6a553970d1c03493fc3b1df43022939a0b0b818d,12
0x6a5539cca86c8580915143469b9fed70c7788b385770f2d0d46ef3b90efa127f,1
0x6a553e8ae15eefddcac2ec26b9da37a29ff54b8e,143
0x6a553eb10e98af1b913a0245719e7d8371f8e532,6
0x6a554011bffa8ecf9adf6372e92b614f89ba7efc,2
0x6a5541f541ae5a845cc415a3b724e69d415f61b8e98edb1852fa2aa82887b9e2,1
0x6a55515407513bcb12e1290646cd9e1a25bb237e,23
0x6a5557c2bc5256ab1fccb15e933e999cc9c471da6065f488963fed2c78d651cc,1
0x6a555a494b21a0c6e2aead5403072b14190a995f,1
0x6a556783b9d68b8d64d9106f1732395b4cd7badafa257c93279f417d8b2cede0,1
0x6a5567ecefbaeb295a5f0f3968e36420e8ee2a96,23
0x6a556afbb980153479a0fb291c5a824832d3eec3,61
0x6a5571930639a60bf5104a99fc206cd8facbb7bf,10
0x6a5573ff4d990ca0e8ed428c0bb931a32063d2f3,1
0x6a5575421aad13e7b665236dd708cf963d390ee6,120
0x6a5578dc7e6538d19c0820dd354209f3a8fce40bac4f7b5fe7de8f265b4f0962,1
0x6a55799ab5b47b2b9ab5d2d91fe8ddd768c3f105,1
0x6a557dc80bfa70a179b28a47b68fbaa60296a24d,1
0x6a557ddb0a8706ef54fe0f15aa88a93f9cf88194,94
0x6a5580bcaa0d0c98dd70ebdb4cc0bb92b0c95b88c4d9daa05a0896c9fcbeda69,2
0x6a558660e0123ee73f7fa501523fee3712ec335a,64
0x6a558a60215c60674a37e633a9bccf73e3093456,2
0x6a558e0ea854868466746c6bfd4de832efcfea24,64
0x6a559101b6afc81dc795835107b9af4436b8bf5a,38
0x6a559ac5aee1db08afda634eeb76637c12609836,148
0x6a559fc61919f3e73c85f5cd9a84cf7c300dc1ab,1
0x6a55a54f1d4cebe05bcd380a0dc82bb1fda19af1,1
0x6a55a60d91e6c0d9d958e1d687397f8dc99dd79b,1
0x6a55ad86c75b7a134f1822826abe2f287e953f3e,1
0x6a55adad3cb7c51924c9d3ce681fd5e8ca1e84926415211185412ec3fbc663cf,3
0x6a55b1d7076e59e56e757f2049edc0738e1baf21,118
0x6a55b4e63273864c1309f6ce238b58af361a4ac6,1
0x6a55b834bc862a20852279b840cda0b70bf68ae0a18f363e3a9f15fd0cc5bcb3,1
0x6a55b8431778340fb6cc331d8c057f50aed161af,57
0x6a55bbd9d430ee83dd7cdc110b0de36c3dc3c576,95
0x6a55c11ea4fbc4c1fa4f4214cbfc42e9bd1921bf,1
0x6a55c4f936d2ad700ebc84e282653808e10a37566f88edd19b7d0b8bd33de797,2
0x6a55c6886fd88a15f172945819e90b38fb849558,54
0x6a55cb01c612435c9d778e4270304057ecdf9651,31
0x6a55cebde5d916a46b63c299744d4f458b07421e,68
0x6a55d16fb847a96beada6d541c1fd3d3c405cf63,35
0x6a55d2130e99a75927b009fb18e0bc9186702378e7a00deda516426cf062b1f3,1
0x6a55dbf3de650b1246376da159b772bc491824db,1
0x6a55de73f6e46a675ec047a50ee9ccf07a78a48f,3
0x6a55f0369bf2dcd8d007dfb4988496d6160f0407,1
0x6a55f286c3a7126f0ae0b79ef48b138c8c70250b,4
0x6a55f4d712414d39c9b715942cb497e65ebdd8d5de5024fa5be1776779a4fe7,3
0x6a55f5e98243beba32b2c664823b927218efb444,1
0x6a55f85982a688903e383deea559fe256bd82ba1,3
0x6a55fa2f0e05040d8ac50cc501364a2b3fdfd03c,1
0x6a55feef0f9ec54044d3525a4ffbf4bca1d549c8,75
0x6a560143da179b5fd51bff487381bcde4665f7043fbb74edabed7e1833d41ff7,3
0x6a56014effbef1b091f9fba073723a54b481d9d2,4
0x6a56023e873f81e69804220ebef0998be82a1df7,13
0x6a56033c7c21fa0c810ed33bb85f196d5a32cfde,3
0x6a5608ac48dbb77a69d583e9efc73c4241d42d1f,11
0x6a560b312bb99e0d7bf4c4a4692d26350aa77996,1
0x6a560d0aa193258da77837a5562092d14784753709229219e2517f523c09c564,2
0x6a560efc7945d69ebccd3fec527de15432723b32,41
0x6a5610bec8320a24a9ecb93dd1ae1c6f0712af13,56
0x6a561398f9cf28d0a0f2a65d778e447a31e11335,114
0x6a5618f675c16b33678fc6ed8bcb2e85a80ae30c27562581299d1efb07d0d3b8,1
0x6a561a4825668becbbee698dc3f2b05fa5c5e1b3,22
0x6a561b95152afa344683d951ee97c7e5eada5994,1
0x6a561bcf9fd0b341fc2690e26a4fd1ba8239e031ef96fb9e9c973ff112dbee3a,1
0x6a561e0443085db77f2697d1fcdc0ebb284c5eb5d0a62a8a6d70a1926cf1fe2a,2
0x6a5620d856e2e42e5d3b4f74e902e48d2cb872ad,1
0x6a56223721a15ffcf1c45ac3c0ce39354d2520f8,1
0x6a5624e95a396545ca795aea568804b1a9d9dc13,28
0x6a5625353cac2bf93c4873e36e5759be86d35b38,1
0x6a56281baa40dea847306b49cde1289a012987513757e02e144d488049629dd5,3
0x6a56283cde4fd9bb42d53d7bc14fae972744dd41,100
0x6a5630eb30c3faa5ecab250b68e7815ea92ac2d5,44
0x6a5632b98f8becf1364a745f002bad59158db4e2,10
0x6a5632e3ef020a05940178c6818168ea101a8144,16
0x6a5635d52fad15accabd137a6f1a2eb4080cd6ac,21
0x6a56398901f3e651582913556daadcbf63c7460d1dfc3f722ee549aeb8606c1d,2
0x6a563c59534c7419994c8a7f60d661345b0ca079,18
0x6a563e70f19bb4ee25b031629600aa999b21b5e4,68
0x6a564238fd4fada8ecfb8c2c0c90ddf98170d4bb,31
0x6a5646fa0796b0847d3c6cde27b3c077d4c32c8f,61
0x6a56474b6d10ba2f7e7f2dd38447fafe59027b0d7df683f3aae4b018d05f534a,1
0x6a56476c53bb522b9bdd22825cd1c8e9e43031fd,105
0x6a564ac5868ec27ce66c8d6b6bc0ade6d46c7e5b,35
0x6a565501fc43a8122b28ef71b31e6458ea6b0259,2
0x6a565686ee466a7dbde0bb49fbe3503d0505fe7d,15
0x6a565970c37ec3d9a6b7169be0e419e91d173c8f,11
0x6a565a1f80f681224d0b25b9b46aedb2474108bb,5
0x6a565cda8c531f6f5f61b798604eea6262543f41,4
0x6a565e74f7e71597370b96cdf10ab74a2618d0e0,52
0x6a5660cfad4e4f39a23fbf5f85fbe9b1c94b3a4743f3d725df08e7d986cc275f,3
0x6a5660d008f7eb50a07c0b1a0cf12d13e47dea37,8
0x6a56629bad74a4b94ccdb50a8d0a6c46ad993d1e,4
0x6a566527e388f03a7edd03bf08219936e930355c,27
0x6a5665d03e0ae9eaee7b927ddc7ce568a12b6fcb,24
0x6a5666405f9b06606e7e018222d712ae7be7f719,1
0x6a5666dc02e4fb214c4139256051797b1bd19420,22
0x6a5667be2d60c61f61f5a8e13f04764ed6db1a7e30d3812a94731bbda8a45183,1
0x6a56699a6540e655d9bc55e20247d003795222d6,5
0x6a566aeeeae5141c44b34a5db027a69f5643da87,59
0x6a566e228e1c92422d1ecade1047c2b22e4ef00b,6
0x6a5670159009cf620a5285d78b6a0366390b8e80,8
0x6a5670a6e6e30aa5d8e7430afb550ff7e9f9e0ec,33
0x6a5670d535c24efa06a17a824052df61b25feb08,1
0x6a5670dec209d0e7024d37c73a204dfc69288f98,16
0x6a56725c7b051df04c99aaae46e6df76696aa6a6,27
0x6a567a4df1f7fb3b13155b3482ca442aa1a9e544,25
0x6a567ec8adffa16022c5cb4e2d03cf296180f868,2
0x6a567f4bc5825e045b817642bbb4d8b4f8e444a7,2
0x6a568266b28e2e0b69046dea0cd7003e190c64c5,123
0x6a56863320dd8deefe879f885283da494c88f109,2
0x6a5686d323a36e2fafe1781a171e7d74548ea290,6
0x6a56879232db14bc8ed1b5ec1e573771b097cdfd,1
0x6a5687c920ea59faa9980eb213151210860633ab,2
0x6a5689388ecd35b9c081ac47d56d49339bb0560d,28
0x6a5691f7d1fa1a8359e82c820a892fb7eba7464a,9
0x6a5696517c02b00bb8039a5bd62a65d595d910c9,63
0x6a5699e30c62efd94defc6806891a6e7f017710f,20
0x6a569b252dc096df0743f8d8da0adcce74a93b6516c46323aa71b6a061c196c,2
0x6a569e6f6ef6e1de7d0d078697e9d0cdde5e186a,1
0x6a56bc1b20e0a4b94db67cf845c7ac7411f7ec2f,33
0x6a56bc972851070af6affc03a0ef2a6a5117eced,2
0x6a56c33143a3d32f34c2bdf06b5618089ad97973,4
0x6a56cb62097d65e30cf41d8044d8f5e57a8d939133e5bd251b4d81fcf6aa5da9,1
0x6a56cd7a6233856a2b074ff0b3074f140a02e9bb,5
0x6a56d2f6ed49c9b89969245a0ce2dfc68949badf,58
0x6a56d55b34b8511323ada0886528ab5581fd8dc0,52
0x6a56da21fe699ec233521d51d580ea6e39d39966,18
0x6a56e3b5a4b133795d8b6575896144b998a1a19e7186d85a5dddadbf25a06bca,2
0x6a56e3f74f3f62e5179144a09fc093709b6655e4,1
0x6a56e4440fc4fafda1be23ccb4bdf942460ab767,36
0x6a56e65b91e253c90c4ac818c5f6a176afb4a7c9,4
0x6a56e7a63ec096497f8f17c84eb6fad50ed0883a4405e13224b7783cda4e919,2
0x6a56e7d539ec95057b929be1d5ad7694bd527d52,1
0x6a56e8687f8bc34224ab221c9ed44ab8abbd8468,2
0x6a56ebf9c469f1f6cd7324ebd809b7e541cb9964,1
0x6a56ed75b99eef0e25ece56b410dbe8e75f57c0996aed1e06f524a52685700be,1
0x6a56edc5c5f1740208a40bdb6664d2209dc76c7d,106
0x6a56ef010758c0517afdd4c291f4125bd581cfce,32
0x6a56f09c84b00da74d7f081f7ed80b795cf05f4e,1
0x6a56f0e328de3a0595fccaf7c2daacad61121b077f51fa4a8d4cc30b17d2790f,1
0x6a56f13c5f2c37602fc169ed5480b0210e4ca6e6,4
0x6a56f292d4e7bd82cd70110b27d265f0887d93e7,28
0x6a56f3711134455fcf46079f5778d87f62f7670c,22
0x6a56f458a2d59084c514cd35e1fce5d4bfd36472,58
0x6a56f68da5aecb43cf202f3fa228f250d0c09703,1
0x6a56fc772130dd5fce0877c4b7423e568205975f,14
0x6a5705376e2c29bac60cd685f199f32269851f3b,15
0x6a5712222dded56c69de3c7d4e4f13a96ac8ea0c,83
0x6a57185108f19b82dc6f0d46e624f53e9fba0f65,126
0x6a5719a5b4b0afcfb1a18c409021b695c0fe0296,15
0x6a571d870d104cfb603cd641be98f8b4ceb252d6,174
0x6a5723514e31b04985e9ea51f230d13b2a19048e,1
0x6a57241da4d91e7fd72df8da26c27aab950f9fba864a2e8382b080547604e4b9,1
0x6a57265b2e9383faf5466d0ec3277c31fde1482b,37
0x6a5728ee44a9362c856f178e9f54b0c1e1018728,14
0x6a5728f78e9eddd412dec0d8a965a04ee90947a1,3
0x6a572d2ddefe67fae0b6792f7f719288be0a75b0,4
0x6a572f5605df963d08bb7d581eaff241fe8a7d55,31
0x6a573039697d4dd71be27c1e7cdd0f37f77f225cc4a657fcb62d2ce303079770,2
0x6a57314bb08c993e65845427a8ce7c08c2a6ee9b,3
0x6a573543db2c6ef14648de79760321212ea61398952103b330e3b2a2a6a11d2,1
0x6a573c50dfad7497924865e2f8fef0ff7a5b0dd8,56
0x6a573ed6b83807d5c27c9af066071c07c9aa0cf53979b895db8cb24311614162,4
0x6a57400844f0845609f7b004468e9332c41f0d91d142defbafdf68b22256b1f4,2
0x6a574181ed0081c37fcd171f403b0a33356c05b2,19
0x6a5744b5f17e9aed653bcad9fe6e353648231872,3
0x6a5744c99ed8ffb6d7f3a209e08097010610cb03,36
0x6a5745b4e8d562b49f5a2f59a03c97e51f1d39fb,17
0x6a5748c87a03a721c9ee0d81fc51b5e9755570cc,2
0x6a574a9a14be88cbef7c3e9c8f0b6548d6ff51caa3b13d3820e304e6045856c5,3
0x6a574cfebfddad566644b4395c3679ed20071385,3
0x6a574ee2e44dd69def5a33b7cdea4e566569474a,2
0x6a575869339cf2ad5d62255e5880318641f611a6da5ba2f5cb901cee92293e10,1
0x6a575a7d59a5ba5fb55be246a213108acfffe6b8,1
0x6a575c4d1dc5be1a2257e164b90fe5b151536fe9,20
0x6a575c966ca1418298e58f5a4d2ee2715a30db13,41
0x6a575e69d10c789532be1579a546cef75c9c77f8,1
0x6a57614de6454c64742777c37bf278a4fb03841e,9
0x6a57652fde7c187ed68881faff6dd1efa13b9dae,10
0x6a5765bba1b07301cfdc74dc4ec567b8b7e19717,26
0x6a5768ea786cce2f811bc55ff5c264cdae847433,63
0x6a576fc1cf19e4ebd4fb8699b5e022023c29fd31,2
0x6a576fee2e5e93e553e4f8d4e37cdcecf8f483a4,103
0x6a5777397358c78c63fa34f2426b55d67debb325fcec94fb57759ffac142c949,4
0x6a577aadbf7ed7392db42d106db4cda359719eb9,35
0x6a577d235677d38f3c53e51b17eea2b37f9f857661b57895e82a14183caf544,6
0x6a577f0a95d533e93a0c240b7c37e9c25465dd40,1
0x6a577f30043ef12b73090f31ce0c37b20c3de52fce2938ed8608863626f1c804,1
0x6a5780aa4faa61a0b482bd8a2bc38ec91621247b,12
0x6a5784c20bf93d65e6f91089abafe600fc6c282a,1
0x6a57866e47aa9bfa9c0741a4effa61f1621779fa,11
0x6a578730a1d7a74a86979392f00d32abb04f6855,1
0x6a578a8d9a8ba48e3df91799c7344989efaa337c,52
0x6a578cde573ec76276e1926ba708f0417eff5f31,4
0x6a57980fc5f777ae0c69462418858773020fae08,63
0x6a579873853ac882beaa45d368c86fa5ef66887b0fa2bc42d5a8fce555da9ab2,1
0x6a579a655df72fb6199cae31f44e52a0c1f2eb5e,8
0x6a579b6ca866016e6087242e0f8d8dea9ee2c52f,1
0x6a579bbaedfbe51bb0dc7eb675f9fc4755ad6554,5
0x6a57a2ea878eaed517a6bb7959ba37050baa6e39,1
0x6a57aa7cf0105b6737b1ed0aca43eeedebf3fa5c,3
0x6a57ad730f3954f60b6e63837e7b55d77393d11c0a4ee5db8cc26fb8813c13ba,3
0x6a57b033eb787f6603d7abdad1a3909dba207a8f,1
0x6a57b0f57dbdc8c4ada0fc8443cc01390cddc0e5904299df9067a3f5faec2c8f,1
0x6a57b1dc7afcca775f85742b9776679e2385df07,11
0x6a57b210359edd7ebf2bd6c1f4d1ce5bf51f4bf2,63
0x6a57ba49023c74b40728b1042f0cf686e3a248d3,74
0x6a57badfacb85e3b88a998041c5d056eb657604b,2
0x6a57bb7fad4768e51f61f780bbdd862687812e15,3
0x6a57bba3b593f796075d3fcd5da4b8deddb95eb8,56
0x6a57bfab3f27c30e0e0faa6fa4f151599ee5bf71,64
0x6a57c21027d71859e2af3f1b767637c4695f7cfb,7
0x6a57c5ceb9bc5ef05fd2dacdd41b9e9c8586ae75,1
0x6a57cd4f2ae1560978b5a9eabe644c24d958adeb,6
0x6a57d16e570b1f37ee0ca7085422f9ffd913e1a0,1
0x6a57d1b59106861f90c8a5c741de41a9602d5410,21
0x6a57d95cba1c93e77dcbcdeb4975e0b85a9bacb0,57
0x6a57dbf2c8d8fb6452e667ba002ad67b98d44181d640f8d79e87e09645bbb5bd,1
0x6a57de42d158b9fe877474c54ed9f8a61a136023,7
0x6a57e3584a5d924a16504541d9e48f1d68daa5f5,6
0x6a57e3641e1ffef4c021011c2941d2799b18ab7e,138
0x6a57e3f6b7acb65e7a4e74337505b1de23ea7cd0,46
0x6a57e557a998cf7644cf11efe609cdf531e8a6b0,64
0x6a57ebf2f15f4770caacc984b6d4da1f456f6718,1
0x6a57ec26f0ac04ad70a71261bbb8d91a1ff446ea,2
0x6a57ed4e37ebf794adf8d08e4aefe93eaef9eac5,15
0x6a57fc0db4d6e7441848aac958b7fae6b8db3908,26
0x6a57fe3ea6e10e0004dd53f4f384650c66e4b6aaf8e358088f4b2e07dc4a9285,2
0x6a57ff17e2019dbdbcbc5691dc9bae3b40203c90,22
0x6a57ff18ad147c546c387d5e88126adb0ed07dfcccc4e261015a6196e1095022,1
0x6a58007d5ec9dbc9848b0e3b33e8f9ba69c1e6ad8fd86435fb703ca7f2d9652b,1
0x6a5800a055db83b372811aaeb59644dfb008c503,18
0x6a58026bbf1b95b6ecadb7b20fe145611b172350295554a12b45ac0e98c32725,1
0x6a5802a275d0e40cd26afe5ef503abc9c493388b,1
0x6a58081e64ebb23735c977b4e8a44b76ce0f8eec,2
0x6a580cb820a980dbe2d831b266a1b092527c555d,1
0x6a580cd254da6ab80ff9c52cb38de26955c53025,1
0x6a580d07459e3556f8b455b100d8f86bc9a6cb3e,1
0x6a58164c0fa1b4df3363be176cb88bc6618a5788,17
0x6a581a6fb65477abcdee3aedaafd703fa236f8ad0842b6e02e69c9b9c4ee0808,2
0x6a581b502d5f4e210cfc3b0b7e68d4a7250ab3ef,78
0x6a581be6e7170cb5db61c1ec2d008ff0d3a9f17ae060c15d4e420542f5ce8d55,1
0x6a581c329226467d220c31e8580fd7db02dd9691,11
0x6a5822188d72d95b240deec95c02d76479258801,13
0x6a582b21cf3aeca08169783e6b9f03902e0a1412,1
0x6a582c62cd9f284d9236a8dbf95708c9e29370b7,2
0x6a582e88c068eaa21d52c5adf41c72a524e8ea4a,22
0x6a5830733c44941f34ee65937fa7e0d103015841,1
0x6a58318054109e0ebc9824ed0a7601c67d3f1ed9d55688527b3de77bb8aa7bb6,1
0x6a5835b079e6197844baa747f94fb1ebd98aae9a,35
0x6a583898e9a839ed5172fbdc3445086854075c3f,1
0x6a583a0cff51b16d28acb14356b7393eee8981a3,30
0x6a583aa5fe86ff343000c601df11ca7bd2d7db22b8768da88d5fe05813034c0c,1
0x6a583abdc33df99a5ede65906097f66550399b58,109
0x6a583b6a848c261acf2d557e839757a32655fe8e,9
0x6a583eea78854863f8208627a03057b8bbfaf2e0,1
0x6a583f160ac201209f0d2cf124079ed6a22791e7,1
0x6a584096ecbfd3fd4d83331c48c833720376f5362482b668fdd157f2838495f5,2
0x6a5852acb02851f30706aa24c3e42cdffc6cb08f,90
0x6a58554e8e94570abbafcd134734608c090f4e4a4ade28d3752193e51cef695,5
0x6a5855d23dfd172e84ec0071a19598dd3aa238b1,1
0x6a5859c2eaaf84ec3fc3b1aa0d3af248a57d45a1,33
0x6a585f0709bad2325adeefb6610d12c72cc6a408,106
0x6a586163e200cc558b8a638921a1b626777d29026851d7e89b95586e837cf494,18
0x6a5863a9c6e2e07ec8212ef27534e0078ab40824,65
0x6a586b587b59f06bfa42da978593709fa6cacfcf,64
0x6a586cd2045c41db59b7d96320113fcdf39fdd04,9
0x6a586fd3d7e120552eaf1ae5d9ab1c4f233280a60542900936afd2b59d67e52,3
0x6a58706b54e7df089f9270315fab9961f19231dd7d85f6dfe1e334d52ab36598,3
0x6a5871855dc17c64acb82f0b431f2918c3088fa0,1
0x6a58761ddefbaf2cd30ad9503b01983f92dca09c,4
0x6a587672ce32271c490cdc5e3a7c73919e45f7c7,3
0x6a58777dbe57f37dfe420b10340bf68a3ed71817,2
0x6a587be88f56bfbd5006f11e4aa72ab4dc9277bc,40
0x6a5880da1e8b2a0e0f1e046ab78f5dd275d53f49,14
0x6a5884fdb62e891beb8c6680e4a5cff4ba70dabc,29
0x6a5885187f9d42845066b9e7ecc6b940f4de9881,1
0x6a5886970c764467abc3423becc729cd19c01c21,66
0x6a5886cd5f0a998ce998ca796e891634baca4352,1
0x6a588a5fc7f6ded4d1fc6d9de137ba716a3fb565,12
0x6a588bc270ecc5a3a536410c27ec3eb9680e9ca4,3
0x6a5899149c619722dc6e71cfacabf15a6e131026,63
0x6a589aa77af0f6c5970b804fc2be7ba41a5f3a85,1
0x6a589b9b88ab3051a3b4c405aa752dd30d17056a,11
0x6a589c432ca4c7981f666196cb0dc48ff345de64,1
0x6a589e9e96d9f88a6f42460e30fc0e13fc2eb17d,1
0x6a58a090b1b3a3311ebb8fd672286ba924135ce1,8
0x6a58a1e282028c1dbcfdaa1600d79ebbce50ccb5,1
0x6a58a2a5244f0b34bbe6a034e306817f06795b94,2
0x6a58a2fb043161df1669ee45451b77c6c6a1cdb2,161
0x6a58a4457a0b075b7c71e133c8e870ca1d63cd32,78
0x6a58a68385ace9c35d0c7427407f2c4072b33b7b,1
0x6a58a6ef26ec0687378a825ddce6c7517d5e1eda,17
0x6a58a86e115063ebc246b6a2e8b318e2ae1741d2,1
0x6a58b0da923a2380d40f6373d88d9d28970a1368,72
0x6a58b1c19c2f59159729dbe1ba2cc6cc53d351b2,104
0x6a58b5f33abec9a5fa4903983e762216fbbd96e4,65
0x6a58b72a7be0a64d706be1adb1d09176579b7119,2
0x6a58baf8125061d90706362f4df6f5bf23bd3161,114
0x6a58bd7e91ca3001b1715885c834eadd9839f887,138
0x6a58c1960c0f5694780a8a696ad174526489f1f0,73
0x6a58d2e6d27aee5132fe3d92e5761cff7cc18b4e,13
0x6a58d40d2c1f7523283be202f437ff443597d8f6,40
0x6a58da641b033435be1f8029a8053d07b56d97c4,6
0x6a58e3d1e298a4d073ed49f4ebd553a8e3f7466f,25
0x6a58eb4b32e34f34e4e2353e4996235a2ec828f8,133
0x6a58ec63ce86c58b31f0ec58cae8a16895cc46f9,10
0x6a58ecd02b5175207fe5a13bf2d3507b0ee35cdd,1
0x6a58ef80158591f1b03ed21ba5379c725fd40c06e3b88f6032b59afd8ea5e681,1
0x6a58f290987639e1ef9cf492ba11ffd289b8b419,1
0x6a58f2eeaa3c05ba3752322fc09aa4784b72f328,84
0x6a58f8556079a497bd930bd41e222297593aafcb,1
0x6a58f9ccb1707a802a1d756a92ada79d3fce21bf,33
0x6a58f9fdb293ebd54ca5aa54cb94a77c88f4eead,60
0x6a58fe35f314a4bc9886df590a2f0d0ca47385ee,4
0x6a59003617a6bc76ccbea1aa29f73e38172dc592,1
0x6a5900d7a0f659664b534e5d33a8d531c9764cc6,2
0x6a5905455a35604593d70cda48081371f3041282,36
0x6a5906fb402d395023ab37f350ab46633736e6bf,1
0x6a5907e79a357d288ee51d0eb1f28bc7f29f0a20,1
0x6a5907f24d2ba17bf6add45ddc97b181d763dc0b,7
0x6a590a5a00258cfd62d62427764be6fed6044e21,2
0x6a5919896dfc2d6d01e07a4e64b0469db6f013b8,1
0x6a591a9f57d83acc2236ae985942437ffcf7a054,1
0x6a591dc02b09bd816e90a05a419f0d7cb8c59232,71
0x6a592618229b22fdffc8bd59fafe49f25800eabf,1
0x6a5927b94f2cd7d5ddee57f0e7512698a70df408,54
0x6a5927da8a0917ca7c2ea0ebf2451531640d6269,27
0x6a592813d3f93c2f1611b556b7917ba6de045fdb,1
0x6a5928e66b1eb20994be6800d9d7293a6adce2e2dad8a4787119e44765265b1,2
0x6a592b6c517b1302f012f1256719d580072d2d7e,3
0x6a592cb4b9768213a7acf41689a21dbd0ad7d301,28
0x6a592df9858808772b579305b6cc78d6d5e5789e,1
0x6a592e68d022b3a2951312b53d378830424a4a46,1
0x6a593199143005ac693a02507cc57220ed19651a,1
0x6a5931d13871771bc9311be40b73c826269a4b9c,2
0x6a5932d52eb55e4c372f2ae21b571b691ed7ffce,1
0x6a5934064d8dc55f0ca8e8f2bd71f5518720e7db,59
0x6a593476f502b31f6819bcfd0816b628384a7f42,25
0x6a5935b13cc0874740d7b65b44f2fab2872fc056,1
0x6a593a6aa3479b84ceb995f414e68662ef84188c,23
0x6a593b33e3c7575f3f9a9e2f9296754631cea390,21
0x6a59430e0ca883e3b0b0d881e69a4d31e0a607cc,1
0x6a59440a92693afd0da2adb1e91f9ad1924c3a42,1
0x6a5947d5f50027b7494aefb7e4eee1b2e5f56719,24
0x6a594af5dbffdec216b6da85d5981341509a2641,65
0x6a594b1b48149095438741174756c13654373703eaa9d91636ffb0b27839a8b9,3
0x6a594bc86fcb6ee72c07df1a156b3a4651c0aa26,4
0x6a594c8873996d4a4fa88085021337033c5e3144,2
0x6a594feddf3197aba4237b92f400d1a798331ded,1
0x6a595949f9220e9d20c5f8d816304aca7984331a,45
0x6a595df0c29c608186d869edf4fb515b283189d6,1
0x6a595e7366516bf661981dee79cedb09b720e933,5
0x6a595fadf775b45619511e2964890e0c0e1183fb,1
0x6a59608007ef6e770dc124b65feeae4bc4a211f1,51
0x6a5969777f147cfc58e4f7096a77ecf5005bb113,7
0x6a596a9ba629619aafe0a0bda186e67c5d6d4f7e,29
0x6a596c97373682674cd2795f25fdde1007563750,5
0x6a597109b62605f4d6a466be25ef38b9f86a5038,41
0x6a59712fdb862fd58547a0c8240d0c4fe0ecb9c9,7
0x6a59750f5ff5563b40fc8c915452873fec22e4c6,61
0x6a5979225f187b3fd6df23d7ce099b42d4f7c782e51e5cffcd6a71985cec2be4,2
0x6a5979f74a2291d982b4a082f17894b33fd86de2,116
0x6a597a5ff387e812e1ca9764858acbf121f9b1b8,5
0x6a597c6a4ae165c9cc63085482a899f84465f297,4
0x6a5980fb9d481e03c65e33947d7b14168c68da63,12
0x6a59845e0511e6d05bb711b2c55324827934fbaf550012f6248cc5744eed4143,1
0x6a598c0557b484fa5a8a042221c52f7cde91e21c,93
0x6a598d0698ac75efaac0bd48be0a4203901eeeccd21111a6d1d62e6f509b61c5,2
0x6a599277243df801850d9fb1fc2be7c0e748b5b8,92
0x6a5995f41f36538dbb6d41026499fea2e3b3126d,1
0x6a59981206709903454608c47f77525ff9d0d054,40
0x6a599cd152afa77b3acafe80b2832518c4f8d0db2f0aeba19b67bf3c58121ff0,2
0x6a59a21000e528ef0fcbb0727b5beb8beb9adb11,16
0x6a59a818365c683015f616fdb5649128aac02a2c,1
0x6a59ac4afd5917b1792be22b0148c4397fb1fcfd,81
0x6a59ade7bbb358bfe30fd33fe3738ae2584763c9,1
0x6a59ae1183edabdb849e97df58c2e04db3c4f768,1
0x6a59ae5eeedb849c297910c077d74e0a8c71d40e,35
0x6a59b184f79200d15c8dcf064c2544082a5d9262c5b597ab00d90af72442cd8a,1
0x6a59b8ad8c34715a7aed9c5454905034590194bd,66
0x6a59ba22e7ce5631dbbab6f585f7c8e2e3a13275,2
0x6a59bff8f80ce39f84a536a0e7d1ecef0179f016ae7897dd169f9d210f65a7e7,2
0x6a59c0016be4b046f4e4ab897577affe6ea6430d,1
0x6a59c599390f44b9666ce084099fecba7453d94f,2
0x6a59cc5fbea624099b6a5365b934ec10ff13102c,35
0x6a59ce65dbd7b52ef63d7a027a34703e33ddd241,3
0x6a59d02aeff29f5a0206641cbd9a6e78fcf6d164,7
0x6a59da0d191a2244b88b43d327bf9765d46a7ad6,223
0x6a59dbe13cbe97da5e0201dadac205e4e0e0997b,1
0x6a59e018129c080239fa3a2f80d9f68b3f6e8f6804e66fae9272863c5fe46859,1
0x6a59e01af2244f9f49f2eccf2d46a4d507db69e76a650231098f9e6ca99d2a1d,1
0x6a59e06426ceab6f51328e8169fa73aecada3842,15
0x6a59e10ce324e55fc4b2c73a687726094789ce248f1ccd16ef6fc373ead7a6eb,3
0x6a59e44c28e63896e50b1f295935018339419a39,19
0x6a59f5327d8a7faecad20344e5dc5345bf41c75f,1
0x6a59f5f448db5b44b2932964427b9a5ed281214a,53
0x6a59f7ca429a980b522e48d526c4a6e1b6f0619d,2
0x6a59f86950c13a0e750b66cd536a520a5abdcdf4,1
0x6a59fb86987ba223a065d1fccf6f4d5629b93e4d33d2b9a8e146c3cb3c672281,2
0x6a59ffb09f144eb60f56c04450d0c276842bff9ff52443ab5159e9162ac1e11a,3
0x6a5a02ef26884856ff3bfcdd281a04c9c36cd6ee,32
0x6a5a061d1b078fd825bf8b36514df10a03f0e180,1
0x6a5a09888b1cdc8dfde7aaf7539b4b94aedc02dc,19
0x6a5a0eaa036c191f9bb89a147d1b94ca4c9d290f,120
0x6a5a10305ace2fe4de5b096f92943fca99263af9,1
0x6a5a1080986de6b6ced38612a45d0c1d3882b8fe,2
0x6a5a16f13f0258ea67d24ee8a3d97a36c53b55b0,1
0x6a5a194351c124c65b0d704e8fc39a3ceb0bc0ee,55
0x6a5a1a1f97d689ff30406e7171421806acd5032a,1
0x6a5a1b636725f880e300d1dcc3c5e8d00659beeff47b17d4e740ed7ae3193d98,1
0x6a5a1e668774521a772c59281e3f01bb9b3ca211,1
0x6a5a2529bd4df63dafe1a6d2f89d08835b9284e9,8
0x6a5a29ac1e33f510b16dfa6516e2c4ec8a74e16a,51
0x6a5a2b2ce27a343696496bcc18c3e36cd608026c,61
0x6a5a32b7c8d3e83fc2ac1d59aedf30312a0f488a,6
0x6a5a32fe8176c36ba4e854a9c78267d8021324eb,2
0x6a5a3839324600a26f419994ddc73920e0f09de8,61
0x6a5a3ed06b7c0023de67c98834d73e664e589b36,22
0x6a5a3f3460459b4f0b8682607e3a7f3a849b8f0e,26
0x6a5a40ee00b1344f8f857e2eadd81f77d3be14fb6f2e5ff9d0a4da853573491,4
0x6a5a44f392a2d5fa3822a775307a868e9020bd7f,18
0x6a5a4739693588112621a4d5e9ddb29326a8f4c5,30
0x6a5a480b8dd175f75251be49a431b97ba7ec77cb,9
0x6a5a4a73608650532b5c1d3fc3aac4b710972e42,4
0x6a5a52b9edd74de0728a0414df04c55d5e5f268e,6
0x6a5a5953f9902febeeda7e2f417469cf9cd69aec,1
0x6a5a5f78eeaede7ada8be809cdcbf1b3a604d7a6,80
0x6a5a61099b40fba0ac196abbd8e917a0ca731495,1
0x6a5a6946f378c8232345dbbcd356e416b14dfe86,45
0x6a5a718f2030ac8dca56b728ba42d192628213bf,39
0x6a5a74d0ec643e3d1cad8f394e3a0f5ac0d835f3,83
0x6a5a7be9b5655dedf25645c42cf8e350b29e58b2,118
0x6a5a7c286ba0662953a32c371ee289099b7d0478434571f4dd4540f5cd6685a,4
0x6a5a7d8ed35b58c35d553a59ad5a057fd34226d2,32
0x6a5a874ba8e362acc628501d6423b5ca4f2c7048ae7d5589ca5b1b162d8c1329,1
0x6a5a876ed18fe1ca78668d9104a274be1075bfef,1
0x6a5a88dbba46c42430d84969b73acf78566c6727,36
0x6a5a8c123601cde3a50f406e3aa7500cfc7d218c,32
0x6a5a8d6f366c8f7010d1164f8098c2b8986288d0,1
0x6a5a8f4d6cbafece53a49db2164646fcf94719e8,1
0x6a5a8f68a7e656b9c16bfa8c17ee695c531578a1,3
0x6a5a942a66140ab296d129e4fdcecd8f94fcb532,38
0x6a5a9dcb80bc5c5f27b9eb3c97788b4577decc43,97
0x6a5a9e42855c429e7d05726f2dccf2ae9e64c624,7
0x6a5a9ebd756435fe804c343a0287ab45f5b9cbfc,4
0x6a5aa2b076d53f72c392f52559d87fc890df2614,4
0x6a5aa5c1f7f7f5470f1e1d90f2f76c3953d42c64876136e82fc0ebde0477ecc9,1
0x6a5aac8887e19634d2be9435d2bdd2cd2d649f20,3
0x6a5aaff5d229335ee21ecc5e8815ccc76353e6a2fbb5a660db679fb3c8fc7cd1,2
0x6a5aaffb597fd5ca50ada55a0a0e47310cab67f5,1
0x6a5ab04745baf39a416667916906b5d5f78e064c,1
0x6a5ab30bac4d548bbce095faae8dd1eae75229c0,59
0x6a5ab72066a755028c0ba6f2c918b321ae98b2c8c3a9fcf692dc8c6234a6314b,1
0x6a5ab96ed68d4db2d0fadd96ebdc55b8846c653d,1
0x6a5abea849027e1d712fa7eafc5140c209ca4041,1
0x6a5ac02a3611198568432975593e3c1d9101470b1553298e6a1dcd1e253c37e6,1
0x6a5ac080c37ab934fbcb25365e52e513d649e2cf,66
0x6a5ac4e87f2cfb91938655a58b0575d0afaf7e48,193
0x6a5ac7a5990ee13bcf71a5be81f1a4822c3a3601,1
0x6a5acbd98defe00ec6846f7d20246430e9bf68da,56
0x6a5acc670fc348713b10b0925d8b600fbcc38435,2
0x6a5ace4ba6ba29e88e8d7a1be726eeca8deb5eba,31
0x6a5ad15e4ce080f72be4ab4d2a9d42dd74669817,2
0x6a5ad2d80934fcde6ac315b41f81e4ccf984c8ee2c6c2640bc11653ef2957b80,2
0x6a5ad4e8cea9fd6fed671ec049aa3b718b8b580120f2a2f3607c1fc06a0e527f,2
0x6a5ad8d2d8b27be6299bea415b54072de73858f9,3
0x6a5adb2e2235b3525314753cced0149311a72c06,18
0x6a5adc59e769044b16314097e76ebe3f27794a5a,24
0x6a5ae5a01bb1d8f1122cf3c5abf3decb777d1dae,19
0x6a5ae69e367eaffaf792fe7eeff0f0cae915325a,1
0x6a5ae90a7bd6d40161d40d360a1008982adc3c12,51
0x6a5ae9b002b1c0182693d2ce480a922b2eac5c596547540902250867173238f,1
0x6a5aef658c3b96b93e0f3046a59af33826c70bcc,1
0x6a5af0d713e2f9a682feec0824956be52f00b95c,11
0x6a5af44c3927f0ba31d6db57b8b51f9a8dae89cd,2
0x6a5af474d1b90359d4ead28b630165af55bfb492,3
0x6a5af73e8c1ee6bbde501b269b5b330541811e59,25
0x6a5afb44b387e6f0694c3e86130be42beaccf7245763c2e6e728d0c80db0bab4,2
0x6a5afc2740c092e8c508ab31cd7dad537ee0a6fe,1
0x6a5afc8e99db0db901a32413efdf312ab79913c548202a4015399d0434cd906a,1
0x6a5afec8be7d11660f366b2e85edee5f38e67145,3
0x6a5b00a6463b28e0ad1914ad7ab3fa6326e6fee6,13
0x6a5b018553881af26ed49f79216804d36611886106dcc632e186e09457ac227d,1
0x6a5b0908d7e7c26835aafb703be052e82d209e5a,51
0x6a5b0a0c161a825f3064946184a3ef08561a7453,2
0x6a5b0cadd800328bc964beac093d2189537068ee,12
0x6a5b0d0b0526efa26c558f4a8f1ef5b39a6a6ea5fc4b7b8afb7b3274275123ee,1
0x6a5b106ec72e1bb329e00ec4e9b4f84057b75729,99
0x6a5b11440f71ecf255d46f781d7045fb0338eedc,67
0x6a5b146be64ec2c85fea15b202e5fa10d3ab9be7,1
0x6a5b14b849df040448b688f6a0a9b2ba7580d529,1
0x6a5b14f9394e2576f7086917ee3b189816d1d8f7,1
0x6a5b165c9d6396cf61e00b19dfda327cb78e144e,1
0x6a5b1c4a539e23327b503eb55ddc031c45a1564c,8
0x6a5b20fb229f41107592283419b2d46783fd1473,63
0x6a5b236735da1327fe3aeedb438bfcd3e7fc8d85,6
0x6a5b24a28f2f6e57f2d82bb00bc22aed850a8a7b983f7c16b97eb4a901a94978,1
0x6a5b26134134812ac88c321f893e898d5d81b9c9,20
0x6a5b264327760a89e0c5cd5f8cde730405f4c62e,63
0x6a5b26ebf7c99679966d65ae6aed5d67af7913725f33d3afb20391116a4fe3d1,2
0x6a5b2c08e918945f785efced57f6fbde883e242f83d236ba93348738091b101b,1
0x6a5b2d52b35dd72b5f3a5e96e86b3e7c054fe5f5,1
0x6a5b2e01ccc4ecc4d6114b9bc8851bf4f9fcc5eb,17
0x6a5b301ce445e1d91c19c36c19e56db0201afca8,1
0x6a5b31022c0060d8c75b0923569ebb6e9527fbafbf434b10af4e75e574ca40d5,4
0x6a5b3266a66c32c0c9a6f0a4b90f90686bec0f498686de168737da8d9f6641a9,1
0x6a5b359a3528bc6f241d4a3ea430b310b4de6244,59
0x6a5b35ce62d02967a471b7279694f8959af50032254f462bab62922c57394d20,1
0x6a5b35ebe22f17f48f2cb41e9c30abda55361c44,6
0x6a5b3642358b955622d317479073021e1fa202f5,80
0x6a5b365a498b1f4ea1d81c39e35dff7bb46b6444,27
0x6a5b369102aa2394a121561fe7ed2248a90c1e46f77e2ec032499d8768dbb347,1
0x6a5b3bcc9a0d7e789ef75f592113af86bb1aa374,4
0x6a5b3ca5880d8ac8055bb510a7bffcf0172b6d090d3b5a59db61a8ffad7f53ab,1
0x6a5b3e1a6cbc8078898347c7fc060f671c8580cc,16
0x6a5b495c7c2a34f8f275a63251132e8bcdfd0425,22
0x6a5b503e27113fb0487fd5951a1f3617fa46953b,1
0x6a5b52a47bdb70f061a32486fa07d9a6e7927fe3,32
0x6a5b56c4c545b3a417b4a8e7db6313ffbcb5b28a,54
0x6a5b571ae4418237cbef504f459e44b799eb7b1a,1
0x6a5b6a1537349fc3756fa46510824224b83891c8,13
0x6a5b6afc85c721fc50925800a050357c4464007a,1
0x6a5b6ca3c17a5f09bdab0e69518b0d9f7829f781,1
0x6a5b6d1a8111a48ce42859b6a8d909caa677d405,2
0x6a5b6e3beb9e1995eb0ab730e1acec35c350d7c6,1
0x6a5b709b1df0fbf110fe1f6b456558b527582944,1
0x6a5b74afa2a40279555d6efee9ebebb22fb98d16,57
0x6a5b76a56fde68dab9078a7c0e09c84cfdbec3f4,39
0x6a5b7aef2828f47c74fbbcf32851c729bc606654,6
0x6a5b7b2173b74e032e88bdfb58d55f8d79ef3b3e,65
0x6a5b7ddbd5792fec02218b509e659c2dd4c5a976,1
0x6a5b7e4e6fca4c650497892631790a91f6c081ec,1
0x6a5b7f6a869c10e5b8c495145bf09f94571a17b5,1
0x6a5b7fee767612186a645ebdf77ffbb5b8011f42,1
0x6a5b82e53bded5fc3bb7a04e0a6287a69c802c24,1
0x6a5b84725ba1881b4bb92d3cb35db7a84e46bceb,1
0x6a5b857dff2463fcd03e85a539ec2040d13eb27d,34
0x6a5b8933dfb0bc8ad17e405b14271cff8b594649d58b1d096ee55286c21cc0,1
0x6a5b89a3f08b02590744fa35442b7e54d81c717606fb1f37e91a7a405b573787,1
0x6a5b89b6f4b5caef5044d239ae2b217eed52771823096f3bec7bff2d19e60db2,3
0x6a5b8b16f21c050d1483d41c446d80ae85aea390,5
0x6a5b8b4a44b356bca3f4203129871b0a243d61194c36dc960865cb454ddac25a,1
0x6a5b90235a909ab9c0e2dac30954e95296b815c1,55
0x6a5b9288f4918d35a700773c2ab6f01ec6cf408a,31
0x6a5b949e359e120f58f4b868ab4cf9f2091767a8,14
0x6a5b97502db2ceb178115c8071fb20fe137dd98e511a6d2b15b48482cee49723,1
0x6a5b9aa2a4b64e56efa0c1c49899490159d89d42,261
0x6a5b9b67773cf0750fc2d4451def7fb6c9ed5602,20
0x6a5ba385c92134fcd05478a17607cbaf13c636688051ce222d13aec76eb46f,1
0x6a5ba5abca5235b6b91314cf29a82af220e365a2,56
0x6a5ba6587a3d570dde994a17da624b70bdddf225,23
0x6a5baa7ac379307ca8abfde876d610e0b30baacb,34
0x6a5bb4f31fd50d1049d5eb42b4a2d88d4f574de1,17
0x6a5bb7b74775e8d268d0d39c0c6deba02c7847f4,4
0x6a5bb9b5cd8b53b80ba4a3b753eca0a883b4e98752b548c6ae717e06c2eada1d,1
0x6a5bbc7a690bdbe6e65ad341c771fdb4f4efa678,11
0x6a5bc1cdfc7014313d76a64cfd2aa77258749bc2,279
0x6a5bc5a8c6c74f586ba24152434905c10ac47d33,2
0x6a5bcca34c2a7fa3aed6f069f514ccc006d00c94,13
0x6a5bd07463c22fd072e4923c41c7e37c0eebd063,1
0x6a5bd0a1f7d94d89a4ada3c7a6d4e2c78512603cf3c02d615f308beb6e66449f,1
0x6a5bd1f7d91ecb22579b51c5f242ecb9a6e030a0,15
0x6a5bda54cab36eb1822efac7ac2f9b966e73ae2d,2
0x6a5bdc554650810a4ae6f0e69a96bdd151784f991bc0aab9315500e66a52cea8,1
0x6a5bdea43b323c549a270fd2bd3f901cbd2e8ef5022481f2ca255fdf3c74a0c8,1
0x6a5bdfbfc7df64dbcf6a7d738e5e0fa974140c9e,1
0x6a5bea7974efdd937e4a8846665bffe23db5d522,106
0x6a5bf21a57df20a1293749aa2aa3fbd5d4afdf86,87
0x6a5bfc233bb46200cfcaaa6408ae42e378e24f04,26
0x6a5bfd03708cc39bb9a3500923339a1e5781b497,2
0x6a5bfd0b1de343e8743b98ceafd64f3006ca0b45,55
0x6a5c0353a635974d044ddc9176af0984002793c9,41
0x6a5c0427009a37e08e8f4a32f8af848fe7dfebfe,1
0x6a5c042f9ee0075f8939c8c2c99c538d180b3c87,37
0x6a5c067ed2d93d8db21219409475939b77879dca,3
0x6a5c083f93d499168b456c8ae4fad05a194aa8d2,1
0x6a5c0ddeba651e722ba2f4ba31426e9d545ce62a,1
0x6a5c1816ac41cac63e0f9e6e29b3140448853fca,16
0x6a5c18495278613e58c509b5f2825f358c297886,31
0x6a5c1aa12f0d77d11db49a6ad917dd27ccac2535,5
0x6a5c1f2cf7b5e5de475ba0b56062eb4b735cc9c1,35
0x6a5c1fe58cd2c5ccd462729444061d24b12ae97b,1
0x6a5c1ffc5e7876a8b6bfea4bd4e88781bc11b33b,1
0x6a5c2535020b62c186ffc2fea6fa6b675e17c1d5,15
0x6a5c2767ba46d7165abdb4d6fca20b894b207978,1
0x6a5c2772a24070113cea1ac79b030185888cb0c9,1
0x6a5c2bd43e5ec81d6d843c85ce524dc5a2364304,6
0x6a5c2beb06040ea1d2972db929b8b37db31deda7,18
0x6a5c2e1642724eee98685381f3ec3bc645fd68fe,8
0x6a5c30253164abf703fd7b9ad892e0d0e413f70694f164abfbfbc89a06d7badf,1
0x6a5c30898761efa426ad22f29cfb24b7a5e355fe,13
0x6a5c3572d528c5fecfce21f03f9e163d16b77c1a,39
0x6a5c369230e8734ed457df2e0c6fb60080992400,2
0x6a5c36c9df0b60adf4df874399325eec5a01c5c3,1
0x6a5c3c155d3d79970e3c6f2b0d344700a4d13509,1
0x6a5c489574c0df1b522edd0e708d6ed3097c5603,1
0x6a5c4950d8822d193e1cdd042d0c8c5c283b4d52,1
0x6a5c4be1c7b8d635dae0fd7b0e4e581a8abbe09b,104
0x6a5c4db95914ab295009128fce8d8cfdc0559184,70
0x6a5c50825140f251421a533fd94013c70373ee016e88e7ae3077c7574743f411,14
0x6a5c53130b3f4e336bd93e46278d7feb2cfe0b7f,2
0x6a5c5457779a4112ac56c0522a5494dfe22ad779,1
0x6a5c55a777d955dbe5114f57de3114019ab37f4e,5
0x6a5c55ea3c6b9359257571feef2076183829091d,18
0x6a5c589ad553907daf64b8e0edda7b77d9bbf548,1
0x6a5c58eb5d0712d3f77bc0825ffc7f097cfeb366,2
0x6a5c59a42aa3e40c162ee0bacc249c65ee21581f,32
0x6a5c5dfc1a1d0d660fcf467c0b34816bb1938a91,36
0x6a5c628db98bc23986fe0433d7ec3a7f1b40ad36,1
0x6a5c6480eb7239c33ed3960188feacc2cc6754b2,69
0x6a5c65495cbae13a065308ca1ac89120679fb1d9f442e24437149b1866daa6ba,2
0x6a5c65f6d738fc91585a64aab73acc59a94fe431,126
0x6a5c69ea2fe700e7e6aa008a0193666594f8c48b,10
0x6a5c6a1a30c3714b452a633d53727ec65579176a,1
0x6a5c6b1d78d7c9e21402d2e9610d9918a20ab6bf,1
0x6a5c6ddb8526b587e4148a7cbbb4c807ceca5f3c,1
0x6a5c701fd5806757b336761e0b2df789a96bab3e,24
0x6a5c71834e790b533223eafdda490f8e8cff14c1,9
0x6a5c7352bcba0d9336fe7c1cd053d3694a1bf626,56
0x6a5c73bf4d0e82b5b7dfb586f915b902dec017bb,90
0x6a5c76d65f6db8a8c85a4261bfc3835393b72a70,3
0x6a5c7bfafd08ea9ea3634fb25a6ca71d6dde8f03,1
0x6a5c7c82f6f67672fb50375444ab771495f3bf91,2
0x6a5c7dd5f9c4788ca0781b65a37d25091ffb88a2,49
0x6a5c8a0f2f7a6c46fd1f70635415b220880add3a,3
0x6a5c8b2a017e237a142d2c3c23edf8ee172a8183303ec7b2bc68b8dc73930bc4,3
0x6a5c8bc02501a3f10c3a186f676fe0d2e2fc4f754eb2279a68e63da71c855163,7
0x6a5c8c7e588dadfcd2468eb5a16f0a5350d4b382,8
0x6a5c933bf6345d9b8a13d9681746748ae10a096d,1
0x6a5c94652383f8f9f2abc423b03026db9379f366,14
0x6a5c94811dc63cb58005a9bcae621f3e52556822,6
0x6a5c94fb854558d11bc415136461a3e864b52af1,2
0x6a5c95059474e97df303f5eb77ed70ed5c3dbfed,154
0x6a5c96af6ad630c144127679aad41b537c9ddebf,7
0x6a5c9861103c7a969b50582eb77470fdae53cfa1,2
0x6a5c98ae5684da249127c4ef30590494510ae3f7,1
0x6a5c997e5ba1b91007a2e76156a8ff7a5e868cd5,1
0x6a5c9a71c976b07c027498dc78a773c374b04c3b,1
0x6a5c9cf36a0dbb30a09d2fd566fe011cb820bb7d,19
0x6a5c9d7c40d06498acc3d39537edd0b8a354a7b7,13
0x6a5ca11908cf68bccefc75e02aa787cb4833c00b,13
0x6a5ca62137802cae5f1636633337b85633d96aba,29
0x6a5cacce79dd667132976593f9952388d4f73ac5,13
0x6a5cb2a7a6763635458caf7a1215751a8d91a840,1
0x6a5cb3d27477c3af592848d77d75de6dd12668c40a1baedd1d0107ab00841c81,3
0x6a5cb418aef52d7d55f2b7ac031c464562fda307,30
0x6a5cbefec0c3d65b0c9374f32e46202d9e7f35cd,33
0x6a5cbf08fe46fe018dd857b95bd94dd45aad1117,1
0x6a5cbfac848a99c3622c1cc0182285c1bc510ed0,2
0x6a5cbfbad75ed285d5dd86c406b20fc5dc376188,15
0x6a5cc02b7da4ad7db68688b92836ad10e053b1fe,1
0x6a5cc1e556dda9bf3aae4a8e13d2bbf84b58f823,1
0x6a5cc43fc50da06d85ecde183a8f592f040cc9e2,47
0x6a5cc51cb40e1b253cf8d743a3f2405a0b9bc294,1071
0x6a5cca4b9eb0dded56e270599c9edd83bd067843,41
0x6a5cd1d577f99e690682facd2b1bd9e4eda7a37d,36
0x6a5cd4e352e9e4cae64131fa34eca2ae670f81ea,1
0x6a5cd5e3de07c365791c4f207395de75ff468569,4
0x6a5cdd1a6c27e60b021e75a1e86cb0de141ce9d52b13bf37a42c84e1f4c706cf,36
0x6a5ce4fe9857315f89fcbabd0905818539e4b97b,1
0x6a5ce7fb500cc09a20d77fb0a050a4ea706441f6,17
0x6a5ceadeda74384c0ac80c949837ee3587b9d77c,1
0x6a5ceb853009c9b2115093cc128309da3398471c,56
0x6a5cecaaee9f65185f63d690e9324624f09d3fbb,67
0x6a5cef430b5f63c72df5fe783033f1945705d0a1,17
0x6a5cf19364d3152ff93545846558427a58dc4de6,28
0x6a5cf3755076b5f4853de31d907faae766331312,3
0x6a5cf58395e7099d75021e5c52eb330866665922,1
0x6a5cf612bf158357f24fe5efada445f9700deb38,17
0x6a5cf645cad751340102ee24d8b6968729e41b60,56
0x6a5cf7c3d244a353c71f1bb7d88e8f18185088c7,2
0x6a5d030eab6ca03183d97a7cb57cc85a38e04273,4
0x6a5d068dab3f283b7894294b18d85fe1655285e6fb06a7e6703574ec2f3b3880,2
0x6a5d0791f605ee6d9dfebf258cc515e666662b28,2
0x6a5d0db49a57a4f91f64fa1aa76d5dc081e1f366,1
0x6a5d0e368534e91ca2d6d3b44aa7d6193e1443a7,2
0x6a5d0f1416c9da9f45f5df68134f4769f1c858dfc2fae889a9ec44de9d96256f,2
0x6a5d0f48ea0e76012d71a0b355a8374d0896e159,1
0x6a5d127ea048ac56d86fd04f3db97566979362904f4eeb32188431113398639a,1
0x6a5d1f5c081e4311c602fe8fc348873e3bfaec5e,209
0x6a5d207a3e5e5cb08c6e90f70426058926ae8e3f,19
0x6a5d277b7163db3d300b915b9e8e99d82690a91e,196
0x6a5d2912964fd4553bbe7272b4b5a7aec7b5ad6dd88202844738235da1aae490,1
0x6a5d2a6c133c0d9bd9684df9d89642a4a89cbdd1,15
0x6a5d2bf8ba767f7763cd342cb62c5076f9924872,66
0x6a5d2d4cece2c8920347375bdc9cc803463f2565,1
0x6a5d2eed32d041c990c59d912a7bbd6dc73dfb14,9
0x6a5d31d7a8f36aed28b4bbe938b48d74c78cb180,38
0x6a5d3b3907a5a63db21418a2d53586e1dd2f96be,1
0x6a5d3b43fd7b173482697f244f2509137ad2ff91,7
0x6a5d3b72a1fa76f88813c6853cff2f762d0c54d7,3
0x6a5d3e1264f821240e14d546d809ee5cac0a9a5a,1
0x6a5d3e2de7ffc261067254c69b648916b60053a8,1
0x6a5d424094225613263b4f42307b3fad9523f66a,1
0x6a5d4300f42e9b0c51071175986419f5e0d59de6,2
0x6a5d43c5f155ce1cee7fd2a3b273a69236b7bf42,82
0x6a5d44964fe3a06dfa6ef54dcafe208f7bc7ea8d,1
0x6a5d44c1f168912a159670cf5c014f15bfbd095d,1
0x6a5d459016a03ce5a9629b298f6b53627d111d3a,18
0x6a5d46c07c6cb3ef21471e6b316dfb232e5db223,2
0x6a5d47929bd46027df388082f8022ee1d66e4aa5,1
0x6a5d4a195e798c53d9b3aecc4ebda018f3c255ce,3
0x6a5d554109b9652574288bbfcfae8f786fd25b20,39
0x6a5d5892a322e6a6f0994338ed373c11010db2c9,3
0x6a5d58c1bc76edff05751e2ca62666dc7f9c2d6b,6
0x6a5d5af0e266a24648a9d7e8d388eaec7abd8433,1
0x6a5d63a600bc5156b41c622aed9b17ef44c9e183,28
0x6a5d6dbb6865e53c3741284570fb760373fb713f,1
0x6a5d785ce3aabc3cad2c50bf756d1b81279798c5,1
0x6a5d78db8c0aa0ad3ecb8a9c3cddb391fd896f2d8fd32efa017761263145c06c,2
0x6a5d7ad636401a9215c73a8fb86e78414e589646,3
0x6a5d7cc64e8339d4281d6d415154b526000e9115,52
0x6a5d7e52005c8802b36154cbf16bc392df7909d4,1
0x6a5d7e820ff9458d98e5c32f1ffb15e35c14249e,45
0x6a5d8631de0c95ffbae2a60912a6f0f81aeb4ac8,1
0x6a5d8e634fadebee2b1588819631f859a374ab5f,13
0x6a5d8fa6bddd308b7cb88e3eaad19e65f205c147260f1d94439aa764c5d3f11c,1
0x6a5d8fdb17e32d90c2efc91ae5786ba330f59f5b,5
0x6a5d90933eed3181ce9ba189ab332dbf4cecf69b,2
0x6a5d9125e80700db14af6bd1e5f9004164119d5d,2
0x6a5d93a61964f1c29cba509a19438c5a5d40580c,6
0x6a5d94bf2c27a22a5af6e9ff8a508fa6b0073f31,2
0x6a5d98f6cd9d50131780f1325fa0265ca6f97d2ebaf52aa8f00bf382fa38ea86,2
0x6a5d9c8cd6b4cf93099bd2af3baf305cc3f4429ee972bec939de319e8884de34,1
0x6a5dab213b2e4d934a9c36879335b26e74117645d90dafea15b79ebe002c6c1e,1
0x6a5dae2b41fcf4cb1f8e16622e2fd891f6b800a6,1
0x6a5daffe25404e6f32aa286eaa618fa4a8f24f983884d2644d099c26a183dbbb,1
0x6a5db2fd0d4d9c7022ae9b373b49a92b5bbf2e7c,1
0x6a5db69eb3715fe14421a304fa06032ce846d373,38
0x6a5dba1c613bb620d41104b80a9023b814d4c41a,3
0x6a5dbd6a804e702421e32c3b03d8d69c63b8b259,1
0x6a5dbdaaf3b1a5d44e6c5078bc00822b957af52c,33
0x6a5dbf2fb5206ec8192620810c3edb6d5e62b188,16
0x6a5dc2a497c152cb2795f21e59214ed31e20aa2d,1
0x6a5dc4960dfe5b05625e7a626196610010ce02e8,1
0x6a5dc8a43d337e5fc2a34571e1435602c71bb015,30
0x6a5dcc3631b01dc3c7ee0c6e6c3921f4a41a3bf9,10
0x6a5dcefadc4f8d4c39c101148cbb95aa43383e67,40
0x6a5dd43a490f9c74e7891bf976ea55ebce3fc38d,13
0x6a5dd43e86361b753c7021ad1c7c08cfe2519dc5,46
0x6a5dd78e877df892a3bf10b5c68c992cebed82b9,5
0x6a5ddc0ec44e24143d7dbb1a4e5c85088e64435a,1
0x6a5ddecfae0ce2af48a88e65bf794e93dd2c0d58,1
0x6a5de451cca2bb678c44ef96da3de4c60196569f,1
0x6a5def07fb96b4f87854de14ece49f157ed38b2e,9
0x6a5df023dcadbf805f3b00c3ff48c5b7a8dadadbc6dea6bbff30375d13e466fb,1
0x6a5df13b0c4e8676bea61145b24e6e3aa8932893518d3f9a61d1a161224992c8,2
0x6a5df5117af6cb325a44cfe8b247f7d6000a3a35,102
0x6a5df67df0355734df6a5d32e7ff7b42da2d7599,2
0x6a5df78d6c5a216650ca983256f2511fa6ce498e,1
0x6a5dfa6421931060e94731226489525fb0c5889b,1
0x6a5dfae57445be5898ba04786072471b556cd267,11
0x6a5dfb57f7b58e88809b653cffd9dc46d361970f,2
0x6a5dfcd83a5239f4a9e22e01c7fe5fe962c814a1,2
0x6a5dfdf9ea3fa6d4feacfb86d58e01e22305ca37,2
0x6a5dffaafbdd4b84733d94f7109853cdf2c86e42,19
0x6a5e003301905d20ddbd877df4dc68268fd79e64,14
0x6a5e009a5e598fac1634c209eeafecf9615e2c9f,28
0x6a5e06adf738ed368deba5ebb144b332f08f3046,2
0x6a5e0ad50b2f9d8d38aa489d06f2727b3573b311f43b2da6fda4dbce7299590c,1
0x6a5e0e5a9ad1b56d7cd428e4e0285696e90f3468,1
0x6a5e119081df1f7486d83f56494be813fb804cc1,9
0x6a5e150a74158cfed2bb354f3da7528686985ab2,68
0x6a5e18f4e64efb1b7d8083cb9e5adbeb6fb03ad8,102
0x6a5e1c9539e8fff1dd946145b9b1b5f34a270e4d,7
0x6a5e2125d5e255240470a57c4abb790e1a6c0aa2,29
0x6a5e235380c3435023b1de72c0d9639fcb16e935,17
0x6a5e23d71b56eaf3f63bbdea06af5a2f07d4eb79,1
0x6a5e25739de45712d681db66c71dcc348cc08aaa,2
0x6a5e299081d493d5cfae72323d27bfbbe526228011e9e38eae3e4918c20f9400,1
0x6a5e2a577b456bf29b3527f941e757828fb906f8,1
0x6a5e2b94df131adbe6110b5e3903e15148f0ba8f,32
0x6a5e2cf003a222ccabd5845d27cde4652894e68ff397a4d25ebc58323eb3cb6,1
0x6a5e2dadb782db0f4bb98fa9a84df28ba5ff676d,38
0x6a5e2f6f5983cc1c7e847c5d62fcddc7e8dbe27142ed426cf445290a8b8fa730,1
0x6a5e32eead20ddfd7456bfdc7aa507737082f464,195
0x6a5e3d376836a3f37944064c080dbfee5211259a,50
0x6a5e4230581994e5c6e525ea2474162482c3d30b,1
0x6a5e484728a400346eaa59e4b636546b5d257c4246bd86680246c0b4f5167637,1
0x6a5e486f729551d0b5e4712c8b528fc8e6c1414a,33
0x6a5e49cfa6ba6f792d8f03c52840e13813c480f5,15
0x6a5e4bfa9c940f41b08b8a8a1a9ba8241a49e482,1
0x6a5e4d21edadb1c5c95a7627e3dea93f58704312,2
0x6a5e4d8e2c507db19d372dbe8f6a80affe115e96,1
0x6a5e4e15fb5fb5c6fa7e419e409298617036ae2c,17
0x6a5e51bdb7c677c30e8d01bf33e6c56fe1cb2070179c4d4895679543bbe8f2fc,4
0x6a5e5251452dbc3a07765d359ae32fe941ddc130,1
0x6a5e52c56e1373911ef9367069f21888c8b31685,19
0x6a5e5ce27cf6a064d610786503b0e349612216b0,2
0x6a5e61bd17e96c72f410a1a4728d8da2c4e59b34,9
0x6a5e631b8c242caea521ebd159f911df231fef8a,2
0x6a5e67217832c0ac43673d05f9832b5d8d85ff6e,55
0x6a5e6833e46de84570b4b7a893bb8688f3da4574,1
0x6a5e6af592be3870a87a7cd6b89e5bac9ed0c9b1,1
0x6a5e6b5ab2b64ea5543cf373df7b74d3b61737d1,10
0x6a5e6b77f9a2f60887c63d35fd3ae397b8a67c17,15
0x6a5e6bee8b0aab74e5f361f816699cb9c11061ea,13
0x6a5e6da4a44edd29982882379f9c6c5883bd6d85b027790d674e0af5414ccc32,1
0x6a5e70df30257683f2752a2a284c465023194ae5,5
0x6a5e71667e765599e2d1e103fbcf8496c3234ff96705343f9f04a8e1e9be1872,1
0x6a5e7976ddb851eb1d96f2dbf8ffd7d8260e2b10,57
0x6a5e7d3a13b8029d4ea6ff12afbd7aa90567c35723bd7d1bc820ae4fa2bb3829,3
0x6a5e838e269cd1924ddd6550b828b5502e6da108abf23c5ecb0ddb08b59f1cf,2
0x6a5e892269bd477291beb53ff2c3e9d0b33a2615,27
0x6a5e8a236454c3dc8c2abb32e4c0dbe9e5a11e24,35
0x6a5e9cad029f2a8cd54715c8f79a7a5d26174844,1
0x6a5e9d230ea6faf4bf958cc56c1ac0cf96bbcdb3,128
0x6a5ea42e1ca9267c6345c52edf9661542ed4c758,3
0x6a5ea4bbdcc5ae1f7651b8dda46c1f0f9114bf1e,28
0x6a5ea518ed6508efcc583085865e7a9afc4494d8,2
0x6a5ea92da26a1aa6640f25ef6744390bc8a703d5,1
0x6a5eaa5fecb072cd08fa276ce53df075ce5305d6,35
0x6a5eacb08fd8b30c98143fe6cbf51859a6078580,4
0x6a5eacfe2a272576a6651652a10a88015f2cbffe7ac3702ade964f81feef564c,1
0x6a5eb044b9763ced8d162ec3f8e6587704e64d0b,31
0x6a5eb09a689912e3f0df4d554e6d832abe5e70a2,29
0x6a5eb0e2ce54ff273b2466d28799e7d682fc9fa7,96
0x6a5eb300fa83de84172f722ee7b59387c7e7d133,1
0x6a5eb4a9991d9322d7144c52d28dcad3351d5e26,20
0x6a5eb9c22c13b731e2cf7aad96d27c7bf2c51518,23
0x6a5ebbeb565808168ac9e74e023eb18502d72c5d,2
0x6a5ebe50b642f9547a66402f5e2182effd709e6a,46
0x6a5ebef9a2f5f38c868ec07556280406fec5a631,45
0x6a5ec09d597d9f27e362b8d7387db51eb04524a4,28
0x6a5ec1448929ba021b8a0c8d15b5e32cbf12c2e8,28
0x6a5ec3d02e16ea95079f051260426e797656089de044b96a47dc6f00172074a0,1
0x6a5ec56d1cba0784cdaf31361e52ca642c629b6c837e3b1c19124e81675b8d67,1
0x6a5ececfc6d104a67f17229ed48a996f69d670e9,1
0x6a5eced5af5c63599011bf9dbc1d36a2877e4df5,42
0x6a5ed001c6a871d260f265acb662cee1c533badbfa772433e9f87eed381edd78,1
0x6a5ed0ff780bd3486a62e74a566768afbd5ca35a,1
0x6a5ed241118d67c2f737825f6241dda0d62eb979,54
0x6a5ed292e50a655e09c8e0c72445f185e9e19062,2
0x6a5ed2b6a5080fc5541979a986270ae586685455,1
0x6a5ed304ac356af6d9743649a371f05b57d65a3a,4
0x6a5ed38106b37a793fcd0573a33b11df52b1a4fb,29
0x6a5ed666d4bd29dee878ef474a35ed7bb3e6769d,59
0x6a5ed6d8ed2f99f8dfcf0f84a13bcba1f01ee68d,14
0x6a5ed937722431436fe68274b68a639f0cb0fd3d,6
0x6a5edc377401bed405964b8ddd586c8debae481b,8
0x6a5ede214af31c58a50de019119f866edbc7a2979909fa29fa910afd3fdb223d,2
0x6a5ee0f60f560235cc2603de0c739da663efd2eb,9
0x6a5ee278b95c999f176591ad1d6e027fd2cdef72,53
0x6a5ee7633ba0974166a75dc8ccdb4de4c9c2f3758734fcab443cf6199287c283,3
0x6a5eec6dd9bfc2ab8cfe573eeedab310347b84e5,65
0x6a5ef1044fdaf5be75032c24c732b433d20c96b1,57
0x6a5ef63309dc4c4a9c5a9d5075751f24de23556e,2
0x6a5ef65a0e66ac852ae44cf77cf78c3149d31cd5,2
0x6a5ef7e7360b60a7378417ef5b82b518b340e03ff3eb38dbf7a2244c2de0261e,1
0x6a5efd58c9f56731b49134f3a01f91097e7a1c36,1
0x6a5f010bcc1fa1a62e583b9cdb71dc1eb1ce3dea,25
0x6a5f0219b5d92727976ac7614c6fcf0e49bd6039,1
0x6a5f03cb84687fdfba670f0216ae02952d482d5a,32
0x6a5f0417ce1b830f628aa25583850ac6deec43ed,52
0x6a5f0451deda21938a3eacee35c31926b4cdb7ac,18
0x6a5f055c02b2961a3836049ca94ec9710b2c641d73f2e59d4765ff2cfb119d36,1
0x6a5f096f3895b409e7b9a0e6f4b6e3ddb9cb2b80,1
0x6a5f1140ff9e5c62aae1d23bf8f89572fe1a1c12,10
0x6a5f1335415d75b7a3dc717263a6045da4445d71,1
0x6a5f13380da142ee8a2229d99a1c9727134a1c24,31
0x6a5f14b78dd9a941f508db41d19c0a1910d21a62,3
0x6a5f162e44b3b0bf2a13c92ba628703fda43a3faaf0959b1ee724910339a6aeb,2
0x6a5f186d4e6b07367cdbcf81c3d5197a8abe4ac6,2
0x6a5f190821ee5e02e3a2a41508ca4fa4f9fbf173,2
0x6a5f1f81849da21e3ae26f04943560c744edc5d1a916f4a62c3c1a243f396cca,2
0x6a5f22e2855690fcbcd19def01e329627dfef203,76
0x6a5f22fc5652878f17b35f5baf4b1d0dfb51d8c0,32
0x6a5f23e57dfbd392ec17867d7ff891ce0f0f12aa,71
0x6a5f27b2cc6e1346155a0f296eb76de5339f1e5c,2
0x6a5f28d7c4b6bfee2aa9dee08549eea8b9bdc9c3,24
0x6a5f2b5c525473a10d5f016ff57c2967cbc26523,64
0x6a5f2f0132bba9954e0beacfab0210229b2c2be4,34
0x6a5f34b168ca6daff8e94c54d91d8c47c6a79ed2,1
0x6a5f3527edc2256a27d18910ad5fe72694518b1b,11
0x6a5f3b0ce00d44ade2286b1131f6a7e196364724,23
0x6a5f3d54eb773fd6621517e1251a4c5ac57db63b,3
0x6a5f3f3e9a93a4d266006403d38a918096523f4c,1
0x6a5f414d62a153b685df8b3e2552952f5a8115f4,1
0x6a5f438ec72116255bf329293469a294c509ea1c2dcc7ad8ff3e4df85b08217f,1
0x6a5f4408889d6e955ee5c3894022a4b053a2e8a8,70
0x6a5f44d24dca8417db339203d9e07d23321f030b,39
0x6a5f4578c3ba9e076bb09327fe232ba3cfade825,1
0x6a5f495423393b9a9a3e1bb626e8b8b6b651c3c9,73
0x6a5f4e5ba6d6a36ebe315339e6de2e9d966a9590,4
0x6a5f53c72212f20396cccc471f1c4eee01f8df2c,67
0x6a5f58db903bd50b08264cd6e3bdf436f41dcc3e,5
0x6a5f5c0327bead0f4117d236e529b8f1fbfa335b5779eff43393fea58873f5ee,1
0x6a5f5c4cbcd3eb0720799d2e279e32285bfa2eab,1
0x6a5f5c69584cbd0e3c9185c4313579d072928936,31
0x6a5f5f15144114dec6cd056c624a9c3c3c57c859f3bded11a988b08eb4ee37f9,2
0x6a5f6a37bdaf0d391952809e497c88ccf033edf7,29
0x6a5f6dfb8619064fb94d39ae6fd25df1b7fcb353,25
0x6a5f75b1fbbd7a7ccf6b086df2fbd66c55d2728e,74
0x6a5f7a0a1317a95fad398fa50a2a4f300bcafbeb,14
0x6a5f819f82876ad1d20247b802543891c18a9f2282999dfeeb6a9daf83d8c55,1
0x6a5f857ab1717ec12c4decf85f15a9cefab8bce7,86
0x6a5f88f6e82c20458535adb04b5adf2ebcb6cfcd,1
0x6a5f8954a5fd4e2e74a2c687b1ab979be1fe33ac,10
0x6a5f8f4447fe880462a427b63db816de13f8e588,35
0x6a5f9f0fbd52eee75a3a2ecbd497c20afa266529,5
0x6a5fa4a24740581d4899adc44ed8266ec502d8f3,1
0x6a5fa56e48d0cb7853515da318d38761a58f8bb1a92dbca2f811aa539c58a010,1
0x6a5fa6092d0ae7c9646e627e07f7fa324b61b28f07f9fd46b3c100ddfc0240a4,1
0x6a5fa6d2ed1e2ec2372867bdbbd7caa26173317a,23
0x6a5fa7803d2ad9880bb1a41569e3dcbd529e2e36,7
0x6a5fac615dabd8f7250ec34d44efce41de8a54d1,65
0x6a5fb03b74a3181da16850077afebf4ef23a0d9479e3c210b19ee2a7dc13840a,1
0x6a5fb379754ce5491ca3df8ed021e37dec2072de,2
0x6a5fb46f16478fe8a37de4e0ff0abd830e5c1597,1
0x6a5fb5d0899b91a24d98a46a8becc8dd2727ce517de8fd5bfc5ff7d95aaf7f29,1
0x6a5fb7470eba39fa712ecae3fe326dae2099468d,4
0x6a5fb847f5a7607eda80b3b8c1e09b24706948b6,143
0x6a5fb8edb40fc03f6e399e7bb35d7a73ceb035cd,1
0x6a5fcc06ba947153e04c781a063e24d3ffdd098c,75
0x6a5fccd840ad690aca630e3fd1d3906e89b24c1e,1
0x6a5fccf4b2987adec4c939aee644d06c6f49de04,8
0x6a5fd1dd8c34409ba22afa05fc7c43e283620a31,3
0x6a5fd8a1d06807a31c20d32e5266d81a2abcc9c9,61
0x6a5fd9c013e5de7d0c328c67f480067041e8e5f2,2
0x6a5fdac6aa6e80c71e6999e2bba2594c6301f2d0,94
0x6a5fdbfb79081df4dac60a605fcf5006c05bc429,2
0x6a5fe94006b719964cf2ab8b388f4720be11ad21,1
0x6a5ff210bf99965cb83c4935b7fb15f62a991405,42
0x6a5ff2210e7218ce8f292b3daff2e86fd73479b0,17
0x6a5ff29eac22c563400276dc1d436243bcd271e4da479d1822e1665ad3b9063f,1
0x6a5ff33cd2fcdd713e5b86e9d1c3be609487f092,42
0x6a5ff5432938b37163472d6afb328ab658b10eb9,3
0x6a5ff66c544caec3197435c510e53a5bac7eaca0,27
0x6a5ff78117894bca2917de52e9f5ed295d356331520b6f75c610369e77b67dbc,1
0x6a5ffa2e0949244d2a6e273ea4a859c4c1cf3408,3
0x6a5ffd4d8d4ad97b912749763353f163ada0ebb2,50
0x6a5ffe8cc695af73ea97880143d25f29abb67d19,2
0x6a60056dc641b1f3a94449566ab6b55fc3a1d74e,11
0x6a60063b75fc582d620c7ee0f2d051e7b34c2f7e,6
0x6a6006dedacff2e854f65ffb50c5ea6973a1a830,42
0x6a60081bb5bc45a31c8d2f51baee8ee9bd85c4c493f108568b68114f1052d94,1
0x6a600c89bdab3b16600901eba91a81c28617b8a7,35
0x6a600dedbb9e4aba8a36a8c99e936dae161f8f3871dbf30090473b0cde36a9f0,1
0x6a600e8ee6eb067124211b51e6f10936fceb040c,4
0x6a600e9f0241af58af098d35b00eb7e1fe04e91e,6
0x6a60103591bf0acc6bd8f66a6af2c492f8afb80e,4
0x6a6012f0b2d9f898647c38ccbbd63d500c48b249,4
0x6a60152d9d7cbee3ba100cedbb7566eef85541a8,3
0x6a601825bb7e24fb9106cc42dbc91e810ed5228c,1
0x6a60189994f9fcdd229d9a34e710a4fb4f23043f,1
0x6a601d6ce9943dff8c2f4ded823966430f56fb7dbb1fbbdd5c6261c3b0210e4a,1
0x6a601f45b61f7313023fc0ee1b5ff9106307f619,1
0x6a602110ae431cdcd08244978a626248a6e0225a,6
0x6a602115e9835dc058e53f7dedd2016e5402ea5e,9
0x6a60216056d3b2a0fa26006dc99a3c64f1ccd25f13d110fcfe0b0e54dd663e59,5
0x6a6021f4b0367ad810d4f7920bdc8cb5bfc421fc,1
0x6a6023a0b4b4573a216de3148c995d40b4606484,3
0x6a60259deaefba23b662bd3352d84f59fd37d345,32
0x6a602625ed2871cd4b84cd865771ed18e6923799,1
0x6a602844cb1bcb4c9fc7224908be0e759952a2c7,1
0x6a602993985ad0de52d0027fa5c5859e42144809,38
0x6a602ad22a457495cf91186004490440af6ff231,13
0x6a602b401db443e20daf21843b40a5ee4ee69228,1
0x6a602fed375434b1bf223f3bf404b077096632c179f4f250853cafc68a7357aa,1
0x6a6033fecc47c71444e5efd67d83d273dbdf198cde288aa21bfd384442a73e76,2
0x6a6034712c1b7cadb844eb4a2169d57fd366e8fa,1
0x6a6035ef44c41b8c971022bac50221a9e8ac932d,4
0x6a60383bc99ba353473f30cbdf0b612a2c721912,1
0x6a603978466145a1ceeab0a8c1fb811c8195c515,6
0x6a603a36660ba22a11d9a85e4ef9ee67e972722d,35
0x6a603b336df0afa54b50e5fb5484ab3a4d3bee4a,17
0x6a603b746ae0c08594b6efe7c55f5934728f88e7,41
0x6a603b9718bb29b86dd3d7e4fb59a18d7b32db8d,121
0x6a603d7160f79ad6c66e2f5ae290d379bf2063bf,27
0x6a60406e58af970ff311ac3f183671fc58001017,70
0x6a60410d1db7522f6928a77736a2f8ee7bdee7a2,2
0x6a60422e47ae177223f7f0b40c8d71fe854e7fe6,52
0x6a60447592d3a68ed186437f5b809d1704f6a6cc,1
0x6a60485699bf1c1af5ba2c79f045c8ab2a8901aca8baaef81c6934d948af31c7,1
0x6a604d90947853c04fc72f170b22dbe545670698,1
0x6a604daf958aacb4bddd274b789451962ccf9c8bca3ce37c736cd069f17f5657,1
0x6a604f677ef72d747c828fb0c35bcebac531dafc,1
0x6a60535a653d5aae85da2b4530e9708516c11d5b,1
0x6a605971d05dc74354214fc17d4ddda946398711ac2ef5e83afef9a342ffb1fe,1
0x6a605a31236aa6eb5b367a6b991e366be67b14ae,16
0x6a605a3dd942baf95c47c1a5ea024e7e30abefe4,2
0x6a605ce1c0087a1512483221155a4869ce45f22a,4
0x6a60625fbc70add727c416981c5d6aef5c0633de,67
0x6a6063873fe831fd9987487aaf74503ebbb6bb80,33
0x6a6064bea2572ccadd2ddecab5c23b8e9077286c,9
0x6a60671bed0361af32913bc2d55b29b254da5790,39
0x6a6069636170f20a184861a17b947049eefc3db4,1
0x6a6072fa8eb7b17b6dda743a6d655dcb7b568198,11
0x6a607328af421a456424bc874fa7b73c9cd0335f788cf7599d037f91f5e427b5,1
0x6a607b90afc4fa9b26c1dfa9bb3d3a9f8329f802,24
0x6a607fe0fe63dc7c2948309305e45133776c1b9d,32
0x6a608079c904610a8cde826de33e8268dbbc954d170e8152658170a40d26193f,4
0x6a6087102d629da9433d882ed020c3df04ec5743,1
0x6a608833898221391189584c429b4db5da670000,1
0x6a608b34bfde1337cc18b8950b4c74346f0a09c9,2
0x6a608f725fd290905e7fc1b1837110a213f03f2bf72a9e9e85d646fc78bf6783,1
0x6a6098814fdc1700c91dcb8c3d78d71a3690e09f,35
0x6a6099089d45e16cb8d6a77c5eb5121bc798e3f9,27
0x6a60a2ecd9aa0388913541181f1b3a68169cedc7,3
0x6a60a5c9754c1178acddbd1ca74b3932d8d15d4d,1
0x6a60a9643317ab75336888cdde072ede566cfc17,1
0x6a60aa43cd3338b0c6896ebc48d2786e90c7ce61,12
0x6a60aacb7988dcaacd59144e4975ba5885b3f6c4,34
0x6a60ac8d8d9d949b59adb978af70dc56fd7570d42ee8e0301659b60b0385c9a3,1
0x6a60ac93f793c3f320c14804eaae3c324c1942e7,1
0x6a60ae8301d45c8d2ae748dbf5bed9a8d0a4801e,128
0x6a60b1c6cae2e1b7fb5414a179922b9aa75ae038,1
0x6a60b79243e1d781cd48f6870a4b1aed242c70c9,15
0x6a60b95f2bb6db3317a2e43552b2485902e27718,26
0x6a60b9e541dd4a3d0a253a909a5f4225b0e9892b877c34f0855d75e21b11da90,1
0x6a60bca10524f103ec6dcb86be57c592c2f28f45,27
0x6a60c3d8c36465802e30972e443c243b774d1fba,51
0x6a60c90c04329e703079bd10edfad3b01bdccbf6,39
0x6a60cc0c310e4f99b32c60eee4180eb6ded02eae,2
0x6a60ccee02ff26064f2f63803232c6cd02292058,64
0x6a60d0a21e21e595b9ca1bf270c6f89c09d0d17d,1
0x6a60d1d850692ed78ebc8bcd91ab61fe334b563c,22
0x6a60d50fd2dcaca4e80fee92670512e008c03026,1
0x6a60d8fc5ccb7ff53eaab73f4c9dc59592673ee586a067870645e2c9f84e3d2b,3
0x6a60e1658ff6a3bb954ea9da1dc4aecdbded5710,1
0x6a60e1e95cf47a9fc55a0c71b393ace96823e5dc,5
0x6a60e25d04171eb6d9f6c72c4a17107d207760413e473490bd244ee24c7a489d,1
0x6a60eab30da3644fd389eba89bb9ccfba54f6916,3
0x6a60ec919508eeebaca5929fe3aa2a330f89f0c8,47
0x6a60ed5428a2a9ec8cbcc7a84a8a739bb5a41304,1
0x6a60f5ffb3a647bd22541b14e993a5d64645e163,132
0x6a60f7f4346afb97e90e204f676111c31cc62067,3
0x6a60f85f92ad5ea7d9f29ba3f1e2e2ba850ff531,1
0x6a60f945cbea5df3602508a9193d3354a7a8ca9b,3
0x6a61026cc8471f15e9780d778c0995a2c799cf08,5
0x6a6104da8be88e4e7395f74a030228902248627a,1
0x6a610523223f7de3740f25eaea1eccee43d7acb5,1
0x6a610e2e2a6e0d6f2b132f8958afcafc6bb819dd,32
0x6a61152b4da980cd541d2a352eaa4d14793ed1ac,36
0x6a61158569f05e7255ddcca3ccde5fb809e136db,20
0x6a611906add2303ce9598f2d07917e54137f77a0,26
0x6a611d3afcfdb63ed7855a86e4da22acd636193b,28
0x6a611d3ce6ad13e5f7c84b9de67cfaad8e55a09a,6
0x6a611e6ae16210dfe2df7cd5a949267b0c2448f8,1
0x6a611ea38ba1ad3025a580820f506ea1a94d3a60,8
0x6a6124d46dbbacea44c36d20301fdacef479045f,212
0x6a612652d35cac8294af16f6e4243dc248b0d78b7511e6c7d84ffdba55cd1bb7,1
0x6a612745cf9fc40bf96f8d4b85be5c546bb56896145a3f8264146a595dd68083,2
0x6a6128b6fd1b69cdaade72b83889d8af0a3e3467,8
0x6a6129aa9383d0177c63bb480b67a482435e4975,35
0x6a613091e75a40e4f9cf4fbf5ffb7fda612b0241,3
0x6a613171431d1595eb92174e68084aac258a7efb8871385e4591913df2f3c5bb,1
0x6a6132f45649909692f9d452a6d7064d4eff43d2,1
0x6a613556525b481e1bc64ec9834668d9eefb3b88,1
0x6a613761d103b50dae66e3f5c24438d7ce1a3f20,1
0x6a613c18498243f4128fd43a385ec726d3a49400,1
0x6a613d294e63d1b8388f6b80384e267be178d27d,1
0x6a613da5723ee01f2eae61f078cf011c2cbb276c,1
0x6a613dee02ee7cd400f0effb391b0cd6c51054dc,31
0x6a613ef6685eef923621f66452617198a4542e58,2
0x6a6140b719a0a72b0613f47c6af4303292179373,25
0x6a614374c3a0c584c6594804b1a57a2a2496bfb7,1
0x6a614864804f6b7d0fa86abb6cc59282c4792b32,102
0x6a614a7f7d9475e7bd530eba5462417faf5114ad,6
0x6a614e2bdfb2b741fc7fb6acff0e72b56b576ad2,42
0x6a614ff8209ef7b8c062e250f549ac52fd27b365,104
0x6a61569ed3afd51b6ec5b95062362aabba2310a3,1
0x6a6158e177e5d777766f0c2e8ba04bd71ebde475,44
0x6a6161050e2f89e7d8f357870a454f0b4feee481d28686594be60295fcffd75,1
0x6a61638fb61e42479ce53ad956730b5a9c5e2e9a,1
0x6a61656f5218d6c06c5510add635d639507433ce,23
0x6a6165970eefbf5a25499afd4696aaef56ef47ec,1
0x6a616b3ce7288e8528d5a2c7856048157c1ab78f,28
0x6a6172a08cbfd4523ed0bbbbeecc64cd5b734d9a,12
0x6a6173979c301a45cebf98a91d9f4a6db05d98df,11
0x6a61756820bbc2999aa58f91013c6a6b3a9f5cdc,27
0x6a617614db1dad010e092be73a4a38732ff33bdce2286e9670c95d452981a98d,1
0x6a617958204976a423ebce597ed4987c66ca34b0,1
0x6a6180576176d41563a13b283699733d77a181ba,3
0x6a6181794dddc287f54cf7393d81539be2899cfd,62
0x6a61818cad5dff89e2ce209a255aeab64cd5da97,13
0x6a61857928149cb7cd2ad29251902787bcf9c3b0,17
0x6a618765ac3c6dfd43335735ee7dde59a5a6e08e,49
0x6a618780855f63f32d06e209c9eab8dd90be5b87,1
0x6a618cea01a8e7f4c78bda91fe2b1ab501f2aa20,2
0x6a618e1590939d6dcc34cbc4b2be0e419a68dee1,153
0x6a618f16e4b7e2bde5c25512648e0bf830f4dfa5,49
0x6a61903e0a094fe9d6523343565b19f092ee456535abe194c004e9af58015df2,1
0x6a61925dcdf27d8b28c11ec76228b4195a978069,1
0x6a6193f67c10417b36c7c06b3e63e5eef869404c,28
0x6a6194b2d75cd66f2a7f0fce46a53f11457b990a2ea486db6bf2dd3fb836b004,2
0x6a61a0d5e0680831b5e502a221c0dcba74de97b3,18
0x6a61a176b4987d25aee2263c44a64fd0b546c8310901ea27e2abcfcfc574bd40,2
0x6a61a2275061d651b2b19b7d37470fa81f857365,8
0x6a61a4b156e5acd3c36e366821ed945d35327027badf8a65f60003e46df01d41,1
0x6a61a7ff11ed5f068a4c684dbe9d05afe2a62f91,197
0x6a61ab99c092476b1f1f107d57071dc2b3895204,10
0x6a61af724625534b7943af4239d7f65fc83f4595,49
0x6a61aff0c1de46713ae93a18c7384f0dc1a33e24,49
0x6a61b6086695d9dd9663e786b8b66aa641c9a432,11
0x6a61b995d855965341e69c2e6c3b2ebf722b02bd2aa939a6f101134351649a52,3
0x6a61baeeb074963aab73acdaec49bfd5e1d09123e1e2cd857e1cd183768be9,1
0x6a61c06a4c04d0d1ea456ab49b116c652eaa682f20139c3cf552f1c93a4f088b,1
0x6a61c6ccddc2cf03001e20034f5fca627fb9bd28,1
0x6a61c7997ab40d8337ea3799222c14187357a2a2,86
0x6a61c83269f5348629adfd3da53891ecb2998c2c,1
0x6a61cec2f8833bd536ef8b1e51ef0d5f562a8a76e01d276c6fbdaaa0cb2443ed,1
0x6a61cf609a1591ee875988c8fc23439695b3ac40,38
0x6a61d190847f06aeaf5460fce4c5e73f2d25dc062019f8e9bec8f3116c2c0258,2
0x6a61d226d37b3bad56f0bcb3e815dac40e2fa54d,30
0x6a61d9733fb3e1d540e8a99da9be05fc985374a1,78
0x6a61ddc538b594e29597bb31838c43ebdf162995,2
0x6a61e1e7ddfa89cfe19d7d86316dcb652e2aacc1867ade8d0cee52790a9b537b,1
0x6a61e31aa186ef040b71c306433582c228b35723,5
0x6a61f0368a5e3740245e795ed0cd62d8aa8b1742,2
0x6a61f107a1f0ecef0e10ed233d5e40182d4d939d,53
0x6a61f16f3c9bcf6a7989a085ac263ee0ba545f43,4
0x6a61f59ed825ddbad9833a6d6fb6d8b01ca504fd,1
0x6a61f75fcd3aaf08842ee189d043e564a1c3d613,68
0x6a61f84540968b2f76679ea3a048587ac590ca52,3
0x6a61f91a6c1c84270de7089ba8b34b9c49d914b7,9
0x6a61fb9547b2439c16925d3b963f8142a8e5d87a,8
0x6a61fcb4dd638dc9fa5fe9c8963d31e2aa1fe2e4,185
0x6a61fcbc9f05860d124fa241ed097797cec5b8a5,46
0x6a6202c5ba85a8b248b18fa8df7d33e14afcdbf7000da7903ccc9bd7cf861ba4,2
0x6a62037a67a2d31857516e1ab0d198eb50838a5199d1b7d9cc3a1a00977d6924,2
0x6a62079ec05cdbba619b2dde9a0e009bce78e027,2
0x6a620aaa36fb2c339bc35edf74c926e16c715d83,2
0x6a620f50085e2574954073b94aae61ff73276a86,1
0x6a6213240d2ef65409c1e344818ba2c6686ff87e,11
0x6a6213b45651d82ccad00b2708cabd427051ad6f,44
0x6a621444781accc89d9468a1d84c9747270c1b72,12
0x6a621546030fda317c8074a355715c970c5f11d8,1
0x6a62169809bcd81f4253d06e6de85c686bfe0785,23
0x6a621e15685ac91e0406bfe31dea2f9f06d64a57,1
0x6a621ea151434cf6940ab950bcc25ef5d3c39eef,1
0x6a622508c3a43275570cef32c3e539b527af7dad,3
0x6a6225de96cc9d42d675055600d09dc1545f061e,9
0x6a622959211ca98495c931d4cf6f421d57b68603,74
0x6a622c0b93b96ec9e4e1f24dde85c58bde95ed54,12
0x6a622d9614a5f5a697367b25a4b03f02debb216f,3
0x6a622db633246f035c6a41b59d2d87392bf755a4,3
0x6a62351f4dcb37da7a178610a424b25b9122464e,15
0x6a62370a19150250d06437e8983956fe574bc6bd,26
0x6a623929a0b1e857a74a32370c85ed10ef889390,28
0x6a623a2ce987edd76ce6c4ac66eaa716f592bfb7,1
0x6a623b04293ef94e41d0041527d7797c6d88d03e,51
0x6a623b064b94ba878a0289fe81973cd567847b88,1
0x6a623cf036ba2a279d6a5b196397c74a67b8cd92,1
0x6a623dafe9745d36f220abc2feda600bc25a195b,25
0x6a623fbfcc39fcf16a38f51192a82f87f8f9fd11,1
0x6a6244903834f7801ec2ab78b89234df9e1d74d2,2
0x6a6247b4c8dedfc2d26c2341ab4e3a8d25648340437747f69dafaa6236ed073c,1
0x6a6247da1a2b63e91a22bca7d8668617d26c0438,17
0x6a6248642079bd55a2e6444151433ca1ec17feba9109d2cdafad5eadcd62f137,2
0x6a624c3bfbd8c9193113b89d7518c7b04019b1f9,45
0x6a625ca3e5314544fd042c39f8c428338ba995f7,16
0x6a625eafcb5fa0dad24b0569322c2c7cbf0dcef9,3
0x6a6261a0b9baa6028ad33e249303db533d3158c3,51
0x6a6263100c0cd5fbac1fb8b3fa6de67ba1eb3771,1
0x6a62681fdc0d7cdfd20b9037903c8a8bec9b0279,8
0x6a6268acc9d610fc21866b90b92040f2ba2abd7f,37
0x6a6268b9638d1402dbd8023f5454ba7be9438ea9,74
0x6a6269955e9709f4dbf9550e83364ff5ec5cab49,1
0x6a626d0ec62abb21b309170daff14ea854c07863,1
0x6a627059a7d46624ada973e765434beae9f46c15,1
0x6a6270bea1cbf4e903bda6a672c0a71d8ffde480,4
0x6a6278a00ec90034efaef7850d5bd5de61d3c04c,8
0x6a627a4f236e1a747b0821bcbe626e0e98ce4498,1
0x6a627a884531c93fafde49e705a7e1a27c436abb,25
0x6a627b71028eaef1158f4872b6c8e2cdb9fc6311,1
0x6a627df4d1e3c31d6d4788285df2893c03a2d845,11
0x6a627e10275d789cc7dfd5857d4deed756b6dedaa1672844ce4be5c786e463cc,2
0x6a627e97fecbd5320f7ac7828ee40b4836fd8f4a,17
0x6a627f215834e41fc1c2c7df1ed75e72b5a9ea24,2
0x6a6283cf11022daa36df6c75578f0e63a5ca85aa,10
0x6a6287af0826e966f0ed6cce71db66786b334889,6
0x6a6289d24b650ab8559d02ecc8e8c6f313fa60ea,67
0x6a628bd4d7018dd296be297769e84d0a2fc138a8,23
0x6a62906f00005998976cc3e1153423b7ff727c4e,16
0x6a62964e68dd7bb4fe7c87b748beedb242eabc19,1
0x6a629c8ac815688b8f4b2bea0a85aabd718202a4,46
0x6a629cfb99ebddabaa9e540591a868571931e065,1
0x6a62a14c3365320777e49b5a15eae62f9e520665,48
0x6a62a33f8aafda917c3d972f90f08c842e5d7929,33
0x6a62a5222043ccd2235da7c412df3cff39205070,38
0x6a62a664974939513f165703e76ab8e16ac8eb17,3
0x6a62a8d5c8d07f8ff9a6ee81f4accca1f42a377f,1
0x6a62ad6cd0e5203202d7c3f44f2e04877e277b18,33
0x6a62ad7e123cf8f0a63fe4ab9cb8ee50f65905794ac9b2e4384bb96d2b8509f3,3
0x6a62af3038dca5a49764d286440877053d7c88c5,1
0x6a62b21795b66490b021feadce9e070fadb2d363,2
0x6a62b35a0b187548e714ba0081e74cf86401346e,1
0x6a62b4dd5e0429acd609cf6afe28b355580d9928,30
0x6a62b86e0eea6bfbbe693e7e05710b5298524e49f1943c25487d0114a335c7fe,2
0x6a62ccc73de151f81425bbe2d84719a8db5fda89,10
0x6a62d11343e3464b2230480b0b37c6a182d6ba3e,47
0x6a62d7443f770647ded01e376784bed52f3a282cf46a8b70640597c16f7b1147,2
0x6a62db077b6e887031418d6ce97d06dc1337b744,4
0x6a62dc94d9419dd269229f1a04807afdeaa081727b989a0bb424ed1cc85a250a,3
0x6a62de15a9f093e03e33495b24fa3a8035f341f1,69
0x6a62df7428aa0b67fd795d5cb78a25e1674764fd,69
0x6a62e00850ae5124abe1cc49eb59ab8e017360c7,48
0x6a62e2f5f850f45083c5fc091bddf6e574b822b2707c52ba7f17451aef4242a1,1
0x6a62e361d00cdc59f129c4e0462a5bf3b16e7ad9,1
0x6a62e4a72833ba0c4e7e0444055a1ad56406023b,26
0x6a62e7e59de3b9e4f44d6d9e9421918a6db6b7ca,1
0x6a62e83e01f6072cf451b06b0a695cb6b94aacc1,24
0x6a62ee271ddb55c7ebbe2f7466e35ff174d51e91,1
0x6a62ef509a2e317dd74f660fcc8aa679c3bb9b71,47
0x6a62f1a23ee9147b58ceabd863af741bc7089d6e,2
0x6a62f272b11e5c03474f34a60d09bde5514f4c96,23
0x6a62f32553cf9dc56c7dc1d0b5baa94c3745c48de0f008c30a67851c3b3da0ff,1
0x6a62f3380d144bc960af64ee760d8bca07924108,87
0x6a62f84deeca603db37831fbe3e95407d2eab2d1,49
0x6a62fdc6bb1f8dfb983c490950ddc273abb6b55a,25
0x6a63000f240472bbf2029b32666f00e17e1df0e7,49
0x6a6301a9aea43b7461a6c2fa5bd04ea18f3e4d65,3
0x6a6301dafd9e49980a87366bcad227b2ded54731,107
0x6a63059fd828d58261c1cf918d5fa9b45a1c7ea1,13
0x6a6306457eec7d6e0f8f3e863fee9e5a9e661c50,10
0x6a630a6716557f606a5e2c272dd2c4893320e498,1
0x6a630aa685aaf67b5de4859a0384e38981a4af15,15
0x6a6310f05f84d5657f4a6dd0a43db683592c297b,3
0x6a631345087140ea99fb7c2f9797f9eaf898a0f8,32
0x6a6315f68237289024b4df0e66a3607e5ba5ba6a095754d688ecb5b2f2f492d9,49
0x6a631dcb5bc97c5212d32e522334eab9dc21ddfb,23
0x6a631e78a29074cd4c46607c1a6e2a104e393d8c5c168af645ca150c6ffd5712,1
0x6a632590ca8792160ab3ae072ec2a32108c24dfe,57
0x6a63272125e2bfa0e042b0612a6c873283ff0aa5,13
0x6a6327a33a53d20b5bcf988b4b2f3c1df5d50fec,1
0x6a6327ba96211cccd5f307b7f7211c49945fbc5f,2
0x6a6328bb1a6f2cf6de46fc1cdde23db3a7b100ae,2
0x6a632c7f838ee332cc270b03f33b7c5c27da8c0c,73
0x6a632d38e05f7df9b4ff0dafdca430f02801a8e2,30
0x6a63396ecdc7ca377f3dd8f13b650de4933f95e6,3
0x6a633d4a061126b32b35a67d97d9a3e66e7aefc8,3
0x6a633d914f57e4b2fbde905451deff09b076564ae8d1502caf4bfb9101cadd33,4
0x6a6340a61be197f78acc9861135bb499498dd41d67d5f02e70437f3654d9d5be,12
0x6a6347beec7f2de87888bd40650523241c2709fa,6
0x6a6349ce4e155bb6598574c7ad924f459a1fa777,1
0x6a634c190e77b212d012da728a75213ca01b93f5,8
0x6a634c515b62956f68daf03093588a9616cc3008,58
0x6a634c64660ce6d82e51837b7f586c651442d6e2,32
0x6a634c7e37467c87d5cc4da2e5861d0e355386d5,120
0x6a634e13027ed10fe7862ccd791eec3d12a8b58d,11
0x6a634ea8fc1955018ce77ecd38616c9b60ce450b,1
0x6a634fe5769caa3528533f02802c137ce3fc836f,96
0x6a6353ecf94d23b30f91c544ab8fc94d684243a1,6
0x6a6357f3a4ef453c5af692a96d16cb17069123dd,1
0x6a635d0cb3cf3a9676280671be3c6c8f0dde90fa,11
0x6a63604c1e08978f084d83eaca1d1e4ff280ca1a4793cde4a845d41d0f5618c1,2
0x6a6361dc3b99ff493d8445fe2eae130369305be0,4
0x6a6362923d2c4dd5fb38efc937fe8d9cf2662408,70
0x6a63670a6ceedba2b023d516f67bd4874ccf7967,42
0x6a6367bc6ba6761ca2e7e15b983a804d441358862e505827c47a8ed0699e8581,1
0x6a63719d2bc3d737a140eda28cf74aa17fdf5fb6,2
0x6a637215b08d467aacd1784168fadcf8df7c8d8e,1
0x6a6373cc8bed9983b0a36ffb9c743429c0a81755,5
0x6a6379742bdca0dfe2800be4b3d2879eb3f2f518,22
0x6a637ed6b6a9f3bda452df798783b917ad517354,74
0x6a638244d22fb1e19115a76eb9fd27629c5290a2,63
0x6a63829a914f1f2fece26cb76a9e14d937c21dab7caa2b64a2f04a60753a1f3d,1
0x6a6383b6beac899229b3dd6c25e09bb2f4a59fa4b8dcdc7203ea731c3a8153e,1
0x6a63845d2f1f9ec753ca4ebff551e253b40e7233,50
0x6a63851a56d3f3c5197965ea06d700d4e0e8ffed,118
0x6a638abddf689104db720740fa8c8401ca5ad80d,65
0x6a638feea2e038abc9f842bcb3d5c7bd3d07475b,1
0x6a63912a87fdb5acd6ac4e63b8f78ab121ce2e98,83
0x6a6399ed775480c736e171dc38e2695326249abd,1
0x6a639be8a00d95f0659ab9141d49771456fc38f7,132
0x6a639cdd89b178590ab57a163de942e1f8b38411,99
0x6a63a0859485b13e263cea0f75c808d1777c67d0,5
0x6a63a466c8ee3d48d9462334b614667449372f3a,7
0x6a63a812ba4766d19eadb3657d46811aad53cca925adc5c9d66e4827a8c6b8dd,1
0x6a63ae2aa55f02e15972ab1377512cf75fbf6c21,10
0x6a63aed4854702531d1e5405e1eebe37d84b8a549b982bb75f0db0c1cdcda223,1
0x6a63b2a318a05235aab4104a71e88ed4028f32f840fc817aae2022a20ab62ee7,8
0x6a63b6cba4ae78b1eda0734336f7e0e7c98e7d9b,54
0x6a63bac3314fd38f27e9c7d805505b9f62de5a01,3
0x6a63bb66d9019edb31cc46aa205d0b1ccfacb1eb,1
0x6a63c10a65bf02bd642cc6c4d75b47f914145cef,23
0x6a63c73dee29b2c79e2d68457f13a2a61897476f50d4719cddf5a6aba8f364b2,1
0x6a63ccf5db3633e671348cbd800bff114159d640,8
0x6a63d1754fc27eb0ee7d517921089ad50dc4ffe5,25
0x6a63d35c715e3d9d3f21d802c61c66fd92bd6bdf7ed7c6734d994214a107b45f,1
0x6a63d6c11775cc3ee98fe5f19b4717517439973a,26
0x6a63d8199dec16f54b295181c26cca7c16cd60546d793807eaa55d06618ab2fc,2
0x6a63e13e52f90035231597758e3991dad96a312b,4
0x6a63e5bc43628021c6820acb342bfab29eccfb66,91
0x6a63e91955245ef3d2235fa447eb7d0f5c32beef,1
0x6a63ecf00712248967e12c28457141dff60befb9f6acf30e40e15f8c6e6485e9,1
0x6a63ed8d8f42c406c8654bcbf9b4290156c72433,4
0x6a63eef34343d013e095ff698205ca0a6933d18a,1
0x6a63f0c7a416ca41ee119557c51807d43d26636d,4
0x6a63f1105445dc074c3503e270fd0b433f49dc65cb132a4d88021f98a93d1bc,1
0x6a63f4e141432f1e7a26a55354deabb5eaa20698,2
0x6a63fc4395ea7ba8bc8eae59e9dfc6f9dd8e36bfeb9d1a6b507f85aced285ea0,5
0x6a63ffb59aaf2dbfefaacec5fb84327414b184ac,2
0x6a6404d92631958790a6ddadf0d50dfcda80d01c2ce4efd55ce65431593bd25e,5
0x6a640652cf690a19ec7b72dde1c6ee599209dc08,1
0x6a6408ec3cb47b32d082f9040102c5bdf2c615e9,1
0x6a640bd2ca9063866d670878aaa489666e1f976bbabd43c82d0ade20dccaf24a,2
0x6a640e3aed4e8273b5d60c8f48199de0f9e633e1,64
0x6a6410664edd82288b4d9ee6591fbcb915cd285e,6
0x6a6412955ab754873274b6a28e954231a8ff5c45,5
0x6a64145e25899de157289e857266a0bcc1340756,40
0x6a6418adc046682d552aaf1af3670e8c564781fb,56
0x6a641b31592ad1e284ec70f048bd0a099790f381,1
0x6a641c4b44375cc2cca9e68cfd4273f7ed1ff164,2
0x6a641e778474ecd52cdc808377b9af8af0d3bece,1
0x6a64220f8cf759dc98dcc868f9729ec0c9216208,30
0x6a642444e3cafcf0af5fa1bde7e35e801e3d5e07,1
0x6a6425e29334ff4b70e54d4afc5f795354c2b514,124
0x6a6426294048e29af953ff58c4e9ca99f08ea8f82a392d25644ae582be67598b,1
0x6a6427bd82d7eaeb1943290a2b63e1dbe4e47154,2
0x6a6429022e4f1063ec4a07c48df5ef40174bc6f9,45
0x6a642924bea725cdae143d589c35d1b2ff4d35d5,88
0x6a6430e6eb39ec2e8a1ca2bc983c4aa3eb19fa2b,36
0x6a643335eb5069d55934478fef6ef7d28fec3a25,4
0x6a6433419020fee1b5d64f8de5a15f122a158021,119
0x6a6434d81c1ff4e4dd20e0412ca380025d67a9c0,2
0x6a643886e674bb3f64c7782cc656c5a5b352fdf21dea1dbb7446262a711a7306,1
0x6a643b2ba83e064b5e44c31bec2aea99738fc748,28
0x6a643b3e6969615a50dc11d1f057f69878e6f971,4
0x6a643bcc171e12448aa4202db2bfd4b008108a5a,26
0x6a643cf9bf54a786e39166dd7ebf915db85fca19,1
0x6a643f098951cc05440d56e330a9f91f7a6b7261,13
0x6a6443bdcc33cafcf4c1aa6e9d31a5c6598d1b95,87
0x6a64465c529f5a1c2f0fe617ba3ae797da9f20ff,30
0x6a64472426aedd1828f3cc02710f5206c21d5cb3,1
0x6a6447d0e1cd34de2d23bb40ffd815edafc90dc8,15
0x6a644910818b137aba2603e3586d82d3230ad15e,13
0x6a644b97ccda2f0e802e3d5f6134edfe5f3819e6,8
0x6a644ee44880d36aea4fbec7d74035530c1d20b4,112
0x6a644f79c2965638474d1fffc1901a12d0461a5e,68
0x6a645036341ce2858dfe3f91a21fd5aaa9e93999,1
0x6a6450417222f33c4ebfd4147be734b8ea755f9f,5
0x6a6450d1234ce55c08fe590d74ac9ddad4840899,9
0x6a64527650c96cdfa82e5b531fa8da17635391f5,10
0x6a64543046ee1be966bbf1a87737cacac948a0df,25
0x6a6459d5d959b4d27b413d2183f49a39cec1bc17,20
0x6a645bade9aba25708720755f28bda15e4f9b3fd,1
0x6a645f11716fe2f0b308515ffbe383b490a4bfce,2
0x6a646418406f4e76d79bf87856fbd731e86426aa,2
0x6a646a066a599e3b83f7c8644eeeb377d0a8d610,54
0x6a646cb41916f297394f3cfd46ddfe308c6b9f4c,1
0x6a6472e4297fca1fb78d50161b88f062040a758e,1
0x6a64790e4d7fee1bc7e831c6b17fa83ea1d34f6e,31
0x6a647a990aa704073a238ee4044a883a515e1c0a,14
0x6a647c77534e9f85d1a1ffc78330caecd6a4658b,73
0x6a648001db7d5f5114634fb377c6604cf5672f547f28a4b87624c2d9df531e7e,8
0x6a6482d463748f53b428be7164809c5b7b37e473,1
0x6a6486dd6a85fbcda98f3555515f025f1d302be1,1
0x6a64871ccd193d6b82aeff3f620a286efa25d925a4a26ed237120b5ec690a37f,1
0x6a6488ab2ebd0f8b8629972d5c8e1c0cf0265fe6,3
0x6a648c2909b1b680b7bb5337af7acff1443b913f,1
0x6a64912e70df5619576a3d6ed4cbdd4111b0651de0d5fca4de2020db7a010928,1
0x6a6491387bdfdc48410ac0cfd9da6b468965f93e,33
0x6a64916851e004bc16ce1606ab57eebe1414ede1,40
0x6a6493196fba161b7021d990f24584fa1cca43eb,1
0x6a6494969702f3d3cb4981b817c1044875375245c960ef401ba79296ab81b94f,1
0x6a649761802dd371e6d71504923b6e88a0c656c8,1
0x6a64982d1caf50475771bbcf3734969b006afae1,3
0x6a649c178faa5db75d675f854b22642bdad17431,66
0x6a64a07e687b8a766f262f3ae8971e6b8737b499,16
0x6a64a0e54fe845679bdb383664469470e6394b850ebd44d2066611545751ce7b,3
0x6a64a13685af7a7b1c4bfceca2dea1233a1527df,8
0x6a64a3bfdafb9bf5114d4a0a3510a369057277cf,27
0x6a64a682291469e2b3826d96daa2a58967c439d6,1
0x6a64a9d41cfaed15af9eea5f98aab58b6d825912,8
0x6a64aa7210da3537e216d7b48a9f01fb5e094bc2,2
0x6a64af5a8cbee74dfda82ab4b3602bd7e04a4adc,2
0x6a64b005f0a9885f3b8ae74515d0c7d135037663,1
0x6a64b37ff98962ab2956dd9849fbe3da0ee50d39,46
0x6a64b870428c92d1098bcc222150a3de311b3355,8
0x6a64b95e9ff8e78df34e7e0ac867e4b015f60bb4,37
0x6a64bae25312ee4316e495fa17b2a9e512e87110,15
0x6a64bcc4ad978c348982d6cb2c7f04c5c187f77a,1
0x6a64c1ca53eab99c0d54b6f617d0910a57f6f35c,11
0x6a64c25e2ca2cb4de64bbb0deb86f3ff5bff7fdc,72
0x6a64c486d84f013b83d00f0a7a1261c20df14b1d,1
0x6a64c86795bfd2d19dc31ae71d0ab083faf0bf96,1
0x6a64ca0aab6c611af9def800c83da5bc4e9b5821,33
0x6a64caca970107e721fcb123db3eb9f3f35cbcad2b2e5944dfb88d7a3449f288,14
0x6a64ce37508ffe2ef90c5cfc72c0c3bd7938787c,4
0x6a64ce408b310585c2b20cfa9ff60a61926483c2,2
0x6a64cf22214a77652383cadc499021cb6e316c8a,1
0x6a64d17d45f1871203019db92f4be2f55e09a494,30
0x6a64d23397f9a9f5bc8cfc6e7c8e72559190171f,30
0x6a64d4d0d4e580b170d3e4b524dd3c845c5253b9,1
0x6a64d9c79d79e181098c5f8af9333edefc95a53f,4
0x6a64e037df08ebc50941d3a65b7c3284096c7525,58
0x6a64e3ad414739720d5ecd4c928d0770d092fe2e,56
0x6a64e4af9cbb6b21e4229ccbc271d9703e75a12c,4
0x6a64e4de6cdc8c8423a8fce8bcd5e816a4eb8892,1
0x6a64e6c6238ca961ca3b0182dbf37b712ede006b,3
0x6a64f2a9a5982b4a7f3ffdbf613e39e8eb023685,2
0x6a64f67c8b0e01e21fa00f27292dafffc76c751b4cfc1b8d052471100c764ced,1
0x6a64f685d4a7da1fb752a1a2a9da20f88e003c5d,2
0x6a64f68842895ee2fb6844aaf29e70602e2c62fc,1
0x6a64fd55dc449c0abceb9f210d62d77f44dd0475,7
0x6a6500472c5401c55eeddc0985bdb0a74feaaee176cbd76f1dd6966114eabdfd,2
0x6a65071564d9646de04a9ec8654f18dbae130d569304364c4a24e09dc8ac6f74,4
0x6a650a4e3e3a4dfc38bd418a787cf44efb26309a,164
0x6a650bf44e54e567eb6ad1c93f57432c492e24ed,45
0x6a650f393f86a1244876ad88d5f299a3c6271c66,16
0x6a65120442728197dc5b4906c174ab323f51bd10,1
0x6a651490efd26aa093f0fae8c1a1e5b3346264005475b3856379c41a8a73fda0,1
0x6a651544c997ce7c64ae80b8e28f1a42f29cfc6e,2
0x6a65161a23a9cea74468fb9d1fb831baa36ecce7,1
0x6a6517f70c69954e6a46941f60b0ce7347d19062,4
0x6a65181ee785dd0659efb0cf849f520642b7a2f1,2
0x6a651b12a69475829fbb386516d13c0e2dfa31f2,31
0x6a651b7f283e63715b58a656a1cbf565f3c59d7b,31
0x6a651bad23d71850d366dff21ed6a0311b7a357d,82
0x6a651c24cf9ab300ccd223473a20746cdb5df66e,1
0x6a651f45608677a67d50dd7ef106706c152fbf8f,104
0x6a651fdda6bb633d419bec1355dbdb65341ff0cc,23
0x6a652546b9aafb0ebf1a32e8b43c6c7ec95d40f7,2
0x6a6527d60f43079d31906957337f104d55395d7e,55
0x6a652a3624286d09ac2f8c5a4b6c143ef79d0a13,43
0x6a652a6910e3d59ee8ec82fe0d418c1bb918a390,2
0x6a652c65d81f19529ffbe006276e08dff9829f53,5
0x6a653097c04072dd706dc5f57bf7af2cb257320d,17
0x6a653248642645c6c68bf5ea6c64aa5b99d7a0dd88806043a29a25ed4d58b0d9,3
0x6a65380a2ffac3fba6981883fae00f9075e17048,1
0x6a653b119812e5b8f2d32c52389ba4ba8c0e691d41e75d775530975c85252422,2
0x6a653b4511c2e0d4c2135a4611d3ce928209684b,5
0x6a653baccd899e7b96d994247456e194ae0812f8bdc53df453c45e22c3d71e18,1
0x6a653f35efb831e241ea18eacc52154c3d406aef,43
0x6a654106c7ba8f04ca1aa660b1b4e99be45ad371,21
0x6a65416898f54b7f8ced3898d5bdf7178315a8ac,21
0x6a654248c4489da42e7eb068338960ca853c1595,19
0x6a65427939586cbbecb78394a37f0ed940db1065,1
0x6a6551c2abb7623fedec7eec1a54c4d89a3d1cdf,5
0x6a655476b5a023a6cae52a2bcce59b80ebec2dd2,17
0x6a655da8fbd6cc5101ef148c318dbd257206cec7dad6286b7074a564c7d2f6d4,3
0x6a656884a963dc0b3be40e9c6a9bfc59bd845d2e,15
0x6a656d224f97de5c49c49d7b871d6d0a2ae31ee7,8
0x6a6575f8f719d2977c986d3cf0f43e06c22ce908,6
0x6a6579f1aed7f0b7d26be13317c10b9ae864e1769180fbd8812d9cb6089e8378,1
0x6a657db4ea0b4cdcf71d185f326b4a21e003f0a7,49
0x6a6581e7783cb747bc34dd0ac9895f2f1649b9b1,35
0x6a6583431b1724905f181f52a97457e34fdcf753,26
0x6a6583bf96f9fe5865f75606dd6f8a333a28d881,12
0x6a65842233db5b345764fc716092abcef221b441,305
0x6a658650f99119692b7d30b72e5b3d555b2f5f8e,10
0x6a65879cd0551790456a2a886b67c19b78c34e78,60
0x6a6588df1052c41b32da433d174f3c18e9c12349,4
0x6a6588e5c84f37e29ace21ebad7c99a94d04a0d9,49
0x6a658a6a047702901576417d4e8afbf7f6a548ba,1
0x6a658cef1d521cd0fdb87a5ee5073023fcea90d7d0c0c25b769c660ffec034e7,1
0x6a658fc2c79be48c2f969755ff756a823a4f7129,95
0x6a65939fc0fc96510c073f2ffeb542870ac772db,52
0x6a659668676b97cfc360601cac34ce9c3f5d20a5,26
0x6a6598e745d67cd0b2a375a8054b729f8d40df0f,69
0x6a659cffe64b2b82a0e20b4e6653eb560a4f27bd81dfb10baca4f034a9d71d8d,3
0x6a659df4d998a127450c81caa6e6d8db1672684a,65
0x6a659ef52ee04cca751470ea478f6e8fa441f66d,33
0x6a65a2eb7e0399432d8fcd9305ae269dbd17c970,97
0x6a65a5506e3d1ba6b64e809a6c9c6ff104a5026a,35
0x6a65a9a1065fe30d42e225bb1c4a9a093874b08e,1
0x6a65abfb086d7d85f0d30b2ebf385f3b44991a02,84
0x6a65ae1416fb5f0abc7c595d283b9ac314c69d7bce5efebce619126c7358dbde,1
0x6a65ae858f88bd0b55d325413a140b61590ea0cb,4
0x6a65b9a658504c3a9ac93c86c620f8e96d29f07e,22
0x6a65baaf1d28cf6b2857de5af18015ada005ae7871a18d30b0f19facde5d2ed3,1
0x6a65beae9f3ad647d43f5f6a49a4ad08822907b7be64b80af7ebd493eeb87e4f,13
0x6a65bef2b0e6fbee5d7be658ee1aa8d815ea0938,1
0x6a65bf313f0897af3b54250e80ac0f979a45242c,61
0x6a65c1ae328530b67175b1b4a178411f9c894d1c,4
0x6a65c2f7755c0a726ae459ed32b0f3885fff5b6c,1
0x6a65c39d1446ac231f6fa80b8acb4668e522b935,26
0x6a65c494d1b173eb259eafd0d492ede216bfa312,2
0x6a65c6f0cedba40301b1eefed32d03e220a520e0a046daf57d2ad5f3a8e4728,4
0x6a65c946c43b778062da7cc10668e88cef3b999c,1
0x6a65cbb4d5a55a5ad90b36a100708c88a8648d17,32
0x6a65d05bdc7cc13767d15abd8d6a98619b1e5d5cb8ae6aba18d4cba63567ac93,1
0x6a65d0ca0504c835271cf04446317e1731a6edae,32
0x6a65d2ace88c6be008914f8ede8d2c9e772d4002,172
0x6a65d78636d94a0f1253dfce9dda467bd1cab4a729e518d3c3e13fcd45a1a497,1
0x6a65da2fa4bfb15c9a0fb7f96fd74f8ecb06f24b5edeb4f7d8d6aa1c017fd88e,1
0x6a65db6caf9b23e416d674f1a870cbc1de7fdcca05705c782fc173d0e850a1f7,8
0x6a65de738aa448dfc54498f92ffc4d1a53633675cd9ae2d331ad7eefb4db690a,1
0x6a65e18f79350c4b0decfdd14c8dd8b44471fdd1,39
0x6a65e519273d3c2d9260b1f7b1a6ab63a3e0af82,2
0x6a65e7a2e21991a8845fba5e391dbd604260d490ef4cb99f8d9feb4ed9e57c86,1
0x6a65e93870e6defef3f23c238b11f1db6aa1a08d,4
0x6a65e9672b6b52e3caef40cb755516c4fc185e3c5d19573c924376be939b5474,4
0x6a65ea9e20a6f3aad2675d1840002cdbc2561e7b,81
0x6a65eb74668c34b08d6fcca485762b7a6e23d1d1,12
0x6a65ec5d447f899f2a9cc014cc18871422e44a7a,13
0x6a65ed0ff42f291468d86aa8caba973dd565ca1e,2
0x6a65edb252378d917ea1b5e5bcbadb8715e64871,2
0x6a65f3127e66e5bc0776ca17cb838faaaa3714a0,1
0x6a65f640bbc3daf7f867c4ec71392d7c09dedec6e9111568bc94206e03bf2ad9,1
0x6a65f76a283c75b56adab5e0ef165008c8f0dfe0,2
0x6a65f9974334d77647d398728fd4808d66c7aa8f7e2ce0a1f2a68285b9bac71c,2
0x6a65fb6e490493be303de3352120aa3071620e04,1
0x6a65fd6a135580c60bfc3ce032cde4978ae75479,2
0x6a65fe48320151fadbef16e463c24701a31fbfb3,29
0x6a6604e3a03125b38bfb4fa965a42ebbc884faa6,45
0x6a6605c9bb1cf8de3a703a4d285677e3b822aacd,7
0x6a6608f21a7cb98fba2c31f5fd917d8a84e1590a,1
0x6a660bb8018200aee3f32f9c59cfdf7ffc7a8c23,4
0x6a660cedcd3eb86cfce7927a2592b3c6b596f50a,1
0x6a660ea5ac619be64a1306f7ef40839af4f85ed26c74b99c778ac568fba545e4,2
0x6a660faa08ffb32cfcc00a8622fc441d0809ab5a,12
0x6a66107a4149b744ce73f39fbb8328fd17fc35bc,99
0x6a6617d722ec0527785ea8e59df80b8e032e2ac0e245f46fe49c6aeacbc5926f,1
0x6a661b400dfdec6e7d037cd42835b15c63b835e665c52d7330a5ed926fdcfd13,1
0x6a661b47150128a78aede76e01c8001fde3780771dc29ae38a07ea22a9d3d4e,1
0x6a66206e97f9d139e891d7f5eef5a9c69c2c6467,4
0x6a6623d6709eb390496b77cf1cda162f24cf11b0,3
0x6a6625b66f7af28cbcc68cd7c83bbd9063c3917e,30
0x6a6625e236fc24a579c3357086d422613ac6e3ca,131
0x6a6629d93a2409fd56ff43f817aea1f24ca1f21c041dc102a71ce93d9edcdb35,1
0x6a6629fd0a358e6b5e4f099116a4466d389c069e,8
0x6a662b7dead8b35285f57ae7c25632ac5b2ab641,25
0x6a662cb97e115d9008c65c41049fcffed5f6f720,1
0x6a662da2b2ba4b563cb04832b98075193467ce6f1fa78ead2a3797e7a2668818,1
0x6a662f5c7591f9aba7b853060210af2d23907d23,12
0x6a662fcfef1e44e3b2329718ef8c5d2e10a8be8f,34
0x6a663190b5b5fd5954c7fa0ea569e3d3d7a64298,89
0x6a6631b03d2c591bec2db46a7868f498c675519d,1
0x6a6633b68c1f94b244aa7fe88e6d0f51a3e84c83,46
0x6a663792c6bb80c2ffc7aad0d037943e272957e5,43
0x6a6638e1e09cee1967b29989b455dc4e52dcd1c6,1
0x6a663ad76b1c97af647d3fca353feca7e85d839f,1
0x6a663f8b880272c0e9fb11c1b00aa9c9d318c187,23
0x6a66413c3480c20ccd5bb789978a76740ea23db7,1
0x6a66442cc74fb007c9bfce74766bbba6cf5313ce,3
0x6a6646d815713e6f1caa7bf2e5f18a8acdfa310bcdffd6afe90c4e31f2754059,1
0x6a664b7cbf93750b5552a8e1242c519846ec5c68d857bdec1e7fec8bb5f9afa9,10
0x6a66566f82c06a0ae0765d715527d8bee98c2dae,44
0x6a6658f32e73343c5dc636d9636526c8a7a5b585,44
0x6a66593fa2cd128deda27bc6c43ba927ade21dd8,49
0x6a665954a2a2c8c4c7f5f0c0b0e1a4156842655e,71
0x6a66648c828cae8960f6afedb43ab710b9722c8c,13
0x6a6664b5fe3f6d42c85fe81c1248166845905aae,1
0x6a666df5746827898a9432024a5c897466644503,24
0x6a66724dc7f0d9cfa5dd87f096645eb48cc65daf87efecae05c2093f7d792971,17
0x6a6672cb5f4abf54c4a3ff405840810dd17d1527,20
0x6a66759dabeb94b7a56dcaca9cebf254f213b9990121774f53e4c5a7c8766317,2
0x6a6679ea4158f880a0fab57e2bc6c8c8e1f789d895bc0307973d26299f5740c8,1
0x6a667d7e5067a37b009c72d06445abc1963074f9,20
0x6a667db2c8fa73190ba17cb7e5c52511dda6e94f,1
0x6a667fada744d2e8e13ee6e9d49016936d9f8559,1
0x6a668002489dc8c2dbdc5f8b210475b4173b61abf727b76ad175300c963ccfcb,1
0x6a6681975e933806cf95e98a1377304681a64c90,15
0x6a6682f1dd0fa5a2467b8faa947280afb8fa3e35,15
0x6a668315aaa942a158b8feded526e90b1969a559,7
0x6a6685eddb2bd1d247947b77e29482dd23c889bd,1
0x6a668752821d2720e2fb0d3891269734787ca73f,1
0x6a66877924d451d641218c646c0748e408d8681c,1
0x6a668b0cf2a2b6d1a8a5ad80fd0e913b7375e8cc,29
0x6a668cb3dcfc76f7d623d7ee0c2a8bcde86f60f6,32
0x6a668d69a8c76e33d8f96ca6c3d7962b522a5b59,21
0x6a668dfab6d8f47dc11a7319ea3a1b5ea01860eae61f995b2e49c72b3ccf0af8,1
0x6a668f27e83da3edc3ed1be93f8c77a9b541f198,1
0x6a66909b50b68b3837408c30945ae9a1bbcc0cb4,72
0x6a66933375249ce750b1b786f27e6352176e31db,29
0x6a66975ad97f368f83e2194612fda40050873a55,1
0x6a669a595d11b2131575d79410dcd07fc7d245be,21
0x6a669b8163711ca7f4bc3dca45e5c8e8fe880a71,2
0x6a669c59e4c7ad6870c80ee25312712e9dc8a1f2,39
0x6a669ce4c20b67e7d131bf890456e7955adde7cf,1
0x6a669e0857b2637c2c0f28418439a04336d1e644,18
0x6a66a34d8f1ddf5da378dfc8f4cbe2f6c6bc0b15,1
0x6a66a5d9a8b8d537adba40ea1094b2a6476469a8,1
0x6a66a784bdeb00d8c3aa387e041e87400aaedc47,7
0x6a66a7887e3f2dcebe160d36ad88da7bce5e8984,1
0x6a66aa2fa930bc8de63f543389c38eaa63d10718,3
0x6a66ab1445ab09cf8492ec37c8eda40c0c6387e3,58
0x6a66b170f6125e394ccfed3996ae2c864b3af458,55
0x6a66b23e20fd22bfb068cab6825d432811f10126,1
0x6a66b74b5976b0e939b4a639f5b61f3fd8b63bd6,42
0x6a66b847d97c4bf71daf93e14bc43ae36a45a737,35
0x6a66b8732d606a26b4b3cbf5e48749da6ee866e46e46e70091b5e7956fab01dd,3
0x6a66bc6249ff9febc360bfb5b2c8ffddace9da93,49
0x6a66bd5dafda4c3b3dcb102c05c837d666b2ba64,34
0x6a66bfd40ac5c6cb5a2d358bdbc2b26fedb151be,61
0x6a66c0bf316bf8cdf6a8d107be382933609a039e,2
0x6a66c1ec0ba77aa8e97ff7f6c6ad644e714a706a,30
0x6a66cd662eb9ebc7972b2c29f54f21ec886e7be2f5f9189443cdef1622cf9ab2,1
0x6a66d0828e2720183b78ccc5dd2beba7c995e69d,172
0x6a66d605751e6fbc89e8268ca48ea3d275b375b36464ef598a87f337b0c275e1,1
0x6a66db87909c1cde112bd1cd765f3378e9644ed2,2
0x6a66de005c1175cc156b6cb705a0838cfb9c1692,1
0x6a66e204c889c2e45a0fd2417ecc77cedd7c4428,8
0x6a66e2b85cd5a78b371eb97759a78e8cbfda22525410c501df05a0ef070a7397,1
0x6a66e416a85a622a1ac2b3804c5bdaba863e0b3d,4
0x6a66e4ee72720f0790487ed10f1fe7d24f55770f,1
0x6a66e7879ae51147047a36c6033effe7354a1aa6,25
0x6a66e98b558dda44331d460f465ea8aa2ee89063,1
0x6a66ec1423048e11344ec1a9e2a19357de05f4a0,8
0x6a66ec3e8540054ea200ffc2888ccc91b98f652fd1d8d2e871a9066423ead7a0,1
0x6a66eec9f4519bba9525caf79cd7963c23c73815,1
0x6a66f23af42cb104182e310f758297baec9ebe05,28
0x6a66f5715ca4d6dea5b3771fb6fbd250608fcaec,3
0x6a66f5ef627f9cd5d8e57260b6478a1bfd9ad8e12fa6885e2628f1009a7563b6,1
0x6a66f68761dd0277af81a3d4d868127fa69450fa,1
0x6a66f8f9d759ce89079ce4a465b32018084f7069,1
0x6a66fa60b3b6ac884c57a65b7155f7ce02d0f3b7,40
0x6a66fafd732adadfc45a75a9cf13c9991be087ca,1
0x6a66fd01d65537bcd1147659eb8b96eb91dfeb0f,41
0x6a670150238af54e6cc23532e40bb69f57565b51,4
0x6a6702debf2d18cf710022d5f0bd676f0defbbbb,65
0x6a67067e89b5bd4ff5dd12df0f2f411abd9397d9,25
0x6a6706dce82a965f13f6d52c5692cadc101d3249,1
0x6a67086839e5bab88b9ffcf885ac7bc052c7f4a8,17
0x6a670b62213bab2e3af07bcc2d681923bdcd74fb,60
0x6a670da48a5a8dbff75852702cd43ec37c952f6a,85
0x6a671177702c2918dc1402682bc8b7af5615545f,1
0x6a6713438ea6be3b8983ea83f76a8dbf715256658395fdef52260d08d19e1f80,1
0x6a6715df51fd52347603d354b88f24f0f0816707,6
0x6a6717018125a61a93f410219335e9fd0cde0a922aee3c00f0da98e50a87601,1
0x6a67195b26d1b82f160dfd0a1b7d252b3cf743a6,6
0x6a6719638f7b4d417222d96cf47988adecdb6abe,2
0x6a671b82a12c46a745168b6abda65b07f1406ed9,23
0x6a6726de0289a33f32fbdd6321ccc8620d355edf,64
0x6a6729e9c4fb668d24437dc721f3fc0d87a07615,2
0x6a672ae1387ede1d10088844e843b915c2b0d6cb,50
0x6a672cccf477e3ae7d4893c147f210676455679c,1
0x6a6731bb49798cd35c1a174c59b01b218443cf2f,32
0x6a673248913548c2312b00c6007577fce5d690bf1b95a6772511603c20aec904,2
0x6a6733fb25a3e06be8829f3a03199833465128da,2
0x6a673418468324f5c2674a98287dcd0770b8e533,1
0x6a673421a07f9a85240729de395f259c2c290cbf,2
0x6a6734e37e7d87167d0753a1b33514a2da7a7228,24
0x6a6736e22b674a82f1f1a34d5b904c30c76c0d5d,21
0x6a673bdc77366af8d8b16a3856aefb820bdd80298077c1c22ee523627ecce6d3,1
0x6a673daf82bcfb41e60f6b463d243740b47f9e28,114
0x6a673db68f5f0913f26fef5278e30a1de0bf7b3e,1
0x6a673e008544715188426f0bc624a0986f75333c,41
0x6a673fb6f9bc1f79a48109aba3b64db71c3b931e,29
0x6a67407c6f72c9612680d294ea12b65ed76bb558e1fa5408132b6082f4e19338,1
0x6a6746c5975d43efc451c9de985dc96701bf743e,70
0x6a6747dcf194f0e80a4b81de175aecba417f2fabdf1a64138c46ec851af846bc,1
0x6a67525f2b7bfe6313d5e8c37d597cf11e62f408,2
0x6a67528e17a846c983f07c42fa2a57e88d797f57,16
0x6a67532983ce87eeb3231e4eefe62d01faa9cc15,13
0x6a67543b9b30f11a22db379ed49431bb03d6d5be,3
0x6a67545884307524436203c1bee87cb723a33c02,108
0x6a6759a5bbd57f2320534220262dc7602c64fea2,1
0x6a67640b449244444444d608fc7621c501d12091,8
0x6a67672726caa1bac5713d949df8643f8c4d18f4,1
0x6a67686c5b197a0ccbbaad6c7e300d56282cb03c,1
0x6a6768d2c60dce30e906199f0f9f1f682b203327522de0a240f266dc694b1d1e,1
0x6a676948aff8e898f83484633d7b52a9f67a576d,23
0x6a6769f9f4339a5d9adb9591e82016bf7f9f3d46,17
0x6a676a7894fd39ecc8244ea2df4c1376d2de646c,29
0x6a676b1811209d6b66b51537896773b19b4b9d28379ad77caa5a628924cdce5d,2
0x6a676ca2eced22add3de39ef35f656780eaf1a4e,11
0x6a677087f3eb242fa53305eb682b6722b47d256f,60
0x6a677258ce80f6889b978ff7fbe2e7f18436c02b,3
0x6a67735cea82961b110112f85341fa9286fb91180e3a3196fefa5d834e3116a,3
0x6a6773d73a1d86c60577869a1b07eb25b55f491e30906bc22b9713cefbf5d5ca,1
0x6a677409d03bf789a7547d18214128aff6f741fd,33
0x6a6774eebb7b7e174f4725ece120b591f32ba780,8
0x6a677b6015c0c5d2a3eb723f0e05ff32ed3935d5,13
0x6a677dcee9de0bf5c15581a8602ef3f77aaa30d0,1
0x6a677fa790cfc13bd37f9879d0056ce546e41286,52
0x6a6786fb08ad83c863eb60a059e3fba8179a0942,27
0x6a678a3cc6000858b11db3f4ffd67a49101709f3,2
0x6a678bb9875dd1ca3461536ed92ca8e6a145f6e922ab57cce5344f7ade271d5f,1
0x6a678c4f64cc319a38b3eb81afccb6cae1b6270c,8
0x6a678ee4a2b11fe4fafea240ce3942fdde28051a,1
0x6a67930ef8619dcd8c04642448e2e49dfaa000c6929ef714019be349dccdbe82,1
0x6a67948dad8026102d7ad925eb8780180b75176f,16
0x6a6798de032bcb99a49cc68496cdb91e9daba3ae,1
0x6a6799a8c0a9fa04a70b99e16d97e19874d89ed0,1
0x6a679d5ba4f19f21066c530eb6e65e479bbe815d,2
0x6a679da1d92189aa9f88a68dd2860db3bfcc7343,108
0x6a67a0e5265730952ed7dd648aed357c7444999e,1
0x6a67a36a1178760f30b36dbe72596554ac1a4bace35bf556132b1981beeab9a1,1
0x6a67a72abb116caf660af8363f8515537cc280f9e0a0ea66777fee6e942eaefb,1
0x6a67a9c71587f5cf176486cbf14d63976eca671e,6
0x6a67ad301c373a9e2f3db440a70ceb8e46be52ef,2
0x6a67ae5edc9f3a2a54f9500767755844e01acea8,3
0x6a67b29497741680ae007fca4b9cf6c30d6008ae,6
0x6a67b3818dda58a62c833cfccb54a7c902f8577f6595ae7cb8b6c6966c44c639,3
0x6a67b430410214a1816a2a557c16d0228a59af55812c83a98caebae7a5097363,5
0x6a67b5a1dc08b235a1b41c80ff9f85d107300d41,34
0x6a67b888d878082fa53a41d82b52d48fffc6cf57,110
0x6a67b9ae3c81cdcc2f7741029b4e1a3d214c0e83a7e793c29ddadb718138e54b,10
0x6a67c05b2eaa1bd36005af22a91fb65f90758e8d,32
0x6a67c0a94421857a43b8213a8a056f7272733a2a,1
0x6a67c27189932cebd107bbd9a1da329d23869748,28
0x6a67c670c8a04e6eccceb81d4ba8313bbacbfed3,5
0x6a67cea820146c939af9d3a6d29ca806f8a3b217328324f2da2bfd36509b8313,1
0x6a67d26e7cf09efe27400718cd480ed0866a9c7f6f17dfa63948c43f691dc40d,1
0x6a67d4b056be2fad386bfb50bed87802f8c808f8,4
0x6a67d5d6c45545e9867bdea7859826d6ca21486f,30
0x6a67dadad2c0f9877f2e9f09545d227983c6a545,45
0x6a67e2451ad4525af5270fbc3131272bfda717d3,1
0x6a67e326328d5d1e05ac69d115d073191be0feff,13
0x6a67e501960a2e83c54473b34d2f43a830a5b9c6,1
0x6a67ea3d65ad4c19b88af19c3e080585d92a9e3ac726e66179b4a566c0bb2243,13
0x6a67edc16d4f9cb6c830d842eead64f217ce1eac,6
0x6a67eed6415cc8b2c5d9a96c8ab077193ec30e74,100
0x6a67f2dbd7f716b4be5448663d903bbfda1ee4b1,15
0x6a67f8fd0197bbb1130826ef6bf9c4393df68e5e,1
0x6a67f9bf3eab15791fbbf68f19d6063f051b2e03,59
0x6a67face5698bc011a27b975bd466df934235677,80
0x6a67fb5ac80afcc5f6942e3113293bb3b29836da,1
0x6a67fdec3998708da9dde27dc21601bde649772f,1
0x6a67ffe623268aec70171ab2063ade256c34b6e1,1
0x6a67ffeb47c74c58bf1620d57070db86a200a109,70
0x6a6801676790df85bb535c18667a24738e70e7d955de34e0c8cce7b924858dc8,13
0x6a6802f058913823d9598a0decce815a8b63b9a3ed7d29e7fb857e6d93570ac2,1
0x6a6804a9a7cdbba96de375a89c8c2335748d7797,2
0x6a680b0fa565821b884cf4e5fc996826c7cca930,2
0x6a68102e96d8c291b3824f2d35e4ce206fc0c268,2
0x6a68103b197bf943c42295a368296d77c8278389,61
0x6a68192784c194482ae393389b07110b74177ec2,78
0x6a681ae3e378ab6cb931af2f826f2e2839fa7985,1
0x6a681ff2dbb7faa979f8c3de95cd77d1ed0473b4,17
0x6a6820e1c078e15b68ccc1e889735f87ee08e3ca,4
0x6a682805484bead22c21c8989a2f079a5d401f43,26
0x6a68294e2713f05acd2f0a45a8e9e3e095e161a0,2
0x6a682a26f58f04d9bd37d2db1509a3164b98c85d,2
0x6a682b2904d3c80175e79275ca54488ac216a79a2209cfd36f421bcbd06ab59a,1
0x6a682d4e46e9a5012c89fdb2d5a71f65bb692647,1
0x6a683041e1938471d2f5794cadcc34ab9c4e26a3,156
0x6a6830930ee70d80329b2e5153f784cc2938ebb7,12
0x6a6837e2f3ccaf77e26e4c202e2bb952a23d9666,65
0x6a68395cf6345ac268bd75b44e6900a19aa17c67471fb5b52fe581c5764e3c6a,1
0x6a6842e0dccab492d120e59d98d93f6afa6ae8d3,12
0x6a6844eb5994b0ebe049ddbc3d3416b5e6a8edf5,16
0x6a684608f7eb5a8029e873ac903e9b7d6f9d7a3c,22
0x6a684b2aa14f8f86403fee3f15cf332d2800facc,3
0x6a684c91d117395237dc1133c377331895905403,4
0x6a684de881201e791a39253ca5808a8ed854eba0,99
0x6a6853432bbd704a2894c22f38623c8d5a94682b3c9a350b635f27073b4b1960,2
0x6a6855a7ec36eedb7ed938c3c437575ff656e66151a7accbe7e2ed9d3cffdebd,2
0x6a68597236c5a6f764ac716e7bdf00719f8a551f,42
0x6a685eff2cddb070bee7008f88866e8e7a84cc0f,36
0x6a6860e15d81c85302d840e97958bdadfbeaee41,48
0x6a68690ff260d04d2a10b31108abc3cefe03dfe7,42
0x6a686febd2fa64619897d15aec1baf54aa779ce0,30
0x6a6871756096d4cdcc6237af770bd3ca3fd9f1f8,29
0x6a68749336a08a2c8b434d1346d5dd3a2b172df0,35
0x6a6874be7e3c986a302423b3fab0e55f481cae21,17
0x6a68794281e4f60e5747f1df785f5983fe2ab36b,3
0x6a687d03fd8f18937489aa05be072cda91c23779950a6ec94005f70379d86a71,1
0x6a687d26e69972e6d430b1d38c489300b61a765b3d9e922884a46cd6486285bb,4
0x6a6881deab5f09cbfccee3fb7bd1d37a39950290,93
0x6a6882c323898357656b0504c55729fb02ec421d,2
0x6a6884822b02b85caa018a4b9d2118d3cd42bdee,22
0x6a688690593e28042c8d529b5e70fd40cbed40ce,1
0x6a68897c120f03bbaffb7808909455075bfa32a3,12
0x6a688a3265d33abf8efe2bef432f145569993b2c,1
0x6a688a6bf4e335f37cc923549baea2aacd825126,8
0x6a688b56686b843a760f19b4923ec170b0bcf97e,14
0x6a688e070a2baecf222ae8a00c6e9a237b96bd6f,5
0x6a688ec038691cd0d5abd02123e8bbd8c8933277,9
0x6a6891fb9589f021e6430e6ab0947e0917eddd01,2
0x6a6895f45026f1d5bc8cf89247325ac24c65b4cf,25
0x6a6898def32d3975f330912d1f9ebfc892eb9b07,5
0x6a6899b0d5cb32981ad24a0eb857a4f8870ed622,1
0x6a689aa0270fc27f8067209d2d95a069a5f2fa5f,10
0x6a689ae9e73bc71ae27d373b3a145762950b31d9,14
0x6a689b6ea367c4de25348d30664f8304e19efaec,3
0x6a689d352739ad5a76a0a91409d1e83a4c56fe80,30
0x6a68a71eff2427dd3f4eaa1b49719eb24351840342454ad2b44ec811b3b84392,1
0x6a68ad0e4dd026470c6cfb0af7a2972647fd467d,17
0x6a68b29595a4d510d88e56c2f5c211b1829e7d355e940fce0d75e15da71d0987,2
0x6a68b389fb66d2720373cf446d470e199734592d,62
0x6a68b49a857ec026fb07aab9c1da7b3a463c10e6,29
0x6a68bf8a9c3e98f6788905fb2d36cf8a89c94d78,67
0x6a68c83a4330a7c59eb7478a733b6148c499cc34,2
0x6a68c9a8cac097430243f40d7ff20e87249e3fcc,81
0x6a68cc79b592a7cb912a621978707c9113cbf6e1,5
0x6a68cc946e8839da5e7d6ad87a318949f99a6225,1
0x6a68cdcf3afb8e61eaa03de34150a595dcd17558bae0072f056b5cef6aaa53ed,1
0x6a68d19b4a3abecb7ac6322ca8a9ae213d057de5,1
0x6a68d3450d88c10a612cc217a47e02e68f33fec9,6
0x6a68d41f5a7fe84b8c201a8879c1461ba80e888ad1403b759cd169b684cbf3b2,2
0x6a68dc43ffa6b6c2c862ded8c1573d7ed2c87eb209a8023b6b7878c38f5f30ec,1
0x6a68dd0d994f61ade6087d4b59d3b9582203bfef,12
0x6a68df27260b14e044519aef2c749580110a3954,1
0x6a68e03bde7d6739f6702a3882b3083f9aa51bf5,2
0x6a68e1bca106f96891120a7f1495d0d7530aebf6,1
0x6a68e4ba68fcac741c3033e09532da454a2a3a47,1
0x6a68e5457c251baca6faeebbcc35d01c4b44f488,1
0x6a68e78753790f6482dc6b8b045d90ae50ee7e14,1
0x6a68e7f379e385d7060441a638ec8165ea71872e,59
0x6a68eb509a8d5ea1e2ce66d5c6a9eac8fe1289cb,5
0x6a68f6fcd0cc165b283dda8ed576f669b14e1975,33
0x6a68fa80f45ddfd9f9be69c521986d75e64ec738,2
0x6a68fe82e0f14448887780060e081e3462d253f9,58
0x6a690181b8ffb13ce7f4f9ad5f7f81f6b59578a2,90
0x6a690219a34d19f6bc28c84ca241630988093e5b,32
0x6a690a594d500eead543e28f8f25fa1c809bfa79,4
0x6a690ac540e43b166b28efc0616a12c9c485fce0,32
0x6a690b4315c1de3037a0c527027884bacd63755f2d80c067835c3d1789bc492b,1
0x6a690bda94fa549374e3b8f26c6b8edcf0f39e94,79
0x6a690f3a44f286993f0bded0f5a074fefa1f2a91,32
0x6a69211378eb96387a08d2477505322a8d9fc4f5,1
0x6a6922d8e7e01c814a326fe30b9c1c6b5affc536,1
0x6a69267b4836cce4ec94f5810eb2cf605f2c72db,18
0x6a692741bc73e06e6b267adbc62f9b4e55216a58,135
0x6a692d68405b9b78a13ad90afdfafac53a93ff37,53
0x6a692e5f7a0b23d45070102e7f839020703bd3f3,35
0x6a692f439abc47f3ab60adbae4efcaa884ab7d61,62
0x6a6933494a75841210d75aa087372c3c07858f93,13
0x6a6934b77ac81d1821ae2ec09f8bc024bca8bb03,2
0x6a6935fe8d484a10a1cb0eb6e7085fada3a3b872,1
0x6a69363c91fb2b223b40938a984f8d52a96e0e2c,62
0x6a6936e1bd4da14ca29ceb97f3e5c1d660d4e8e0eaa830de62ab3b4f958b1d77,4
0x6a693bd2bddecd012f13f2ceb054c037b978c803,31
0x6a693dd2dd4ccb746bf4919fafb05543ffbbe57b,12
0x6a693f53ed939bd9b83091b5d294cd769420a7ef,1
0x6a6943e66f85d3e16247cda76f93dd2598289712,15
0x6a6948dc4ebdc2bf958310582d82f3eea4cfab90,4
0x6a694a18f560c0967fb4fe0e661adee45e35e241,3
0x6a69510534067f3a23736b0943c365bf1e12308e,41
0x6a69580ae98446ebeb21560b73f5b3819ee4d367,31
0x6a695cb05fb98079a43d7737a693668c79de004b,37
0x6a6964586ad803de0f10aa149c2f0ff00d8d585e,1
0x6a6966bd820f7ceb7bc26797810f0381f24e3e6f,1
0x6a69676db6de2f4122b40af584ff3eb29edf31ad,2
0x6a696a579d94cc69e8a1b4983860a61c33fc67b9,28
0x6a696b104de898e6fc4007204ce64f1d19ca3a19ae35852c9380fe36ea693b90,1
0x6a696b3de3e0a5398f0a3ed27ef09aa533861c1d,1
0x6a696b430389278f0e834185f0517cfc32c5b6bd84d13469bbf0bb144ab4839f,1
0x6a696f721e13a804967c1bf7b62bfdd380e4531c1c177b735f2346ca351bb1e,6
0x6a6975ed8c1f3e39ecfcd2c14b97347f151a023d,20
0x6a6976eb36b7add0f4dbd114c7a025693edb72f9,2
0x6a697b83c5a6096cd3488b5fd69d66bdd4026f2182d6fdc4b731e0b32c513acc,5
0x6a697e54b8e66c34853be56eb2f126c6b7232d91,85
0x6a6980142e85117784a1c4fbf582d48d3c3b9378,1
0x6a698553bc82a800a82d7a31a59a61f90444a509,2
0x6a6985612f80569b1edda568c84ff8e69b3aeeec,1
0x6a6985fa38c08bac3b241f440cc4db97c7d881b9322680c588b5a9c7d2633863,3
0x6a69860a21570cdd6067d5dca60fbd5ca1811f93440f18bd4e5248decae61c7f,2
0x6a698b5d0c30b1bae90df7ec1a38dc69b5be2024,4
0x6a698ca7ce3dc1854664a511e4b0e56bdce533df,2
0x6a699167ba22ef7d4017c876c12a40ec05e73ed9,82
0x6a699bde57ab26e55c7086b95cd68ac6b519435f,2
0x6a699f4e575f7e87ce56bdc4b7ece9a781b18dba,1
0x6a69a288c46425672f05b2cab59184baf8f4cbce,3
0x6a69a36f8359a6cd1743b65a1d878b64df9a734d,1
0x6a69a589f3b42cd28dd5a1749806bd96827bf1c7,4
0x6a69a8a6408118b1355a0ee7a15d1ae3aae2ead94795dcb38fe0f8f68499e3fb,1
0x6a69aab667e83aeb1b234826b55491efe08bc5ae,28
0x6a69ab362d360555a1f29ffcdaba9cb4f31b6c5f,1
0x6a69abc7c44649befba4c9a631a8f59948706d38,1
0x6a69b0313d27fe7735ab4dae1a263c6aba3fac5d,2
0x6a69b7f5a0f6b00221bfe0857301cde43088170f,1
0x6a69b8c126984e40b512c893e8fb9aee35cb7077,1
0x6a69b94c58d6aa9996aef1ed98ed6b0d2e66f47a,17
0x6a69bccac42cffe615f8169e9a4a8442512b0f5c,26
0x6a69bdb784e051c152ee12d25cc1989347096eb4,84
0x6a69c246e8f7a29ee158817a708811b58ac88867,46
0x6a69c54303e8d8e5d6314cb3971f9dcf8ad41107,29
0x6a69c85364bcf30839b5567af487ca6b39d1a179360a8501996295937351c9f5,1
0x6a69c95a70b7b150ca9974cfefce6d7fd597390c,112
0x6a69cae430cde6a88f3051c3dc94af2c00b555a9,1
0x6a69cd7317a052bd06a5e15b124c7d9ec014518b,159
0x6a69ce60c60e3697c1b0ba6505691b91fd95f829,4
0x6a69d064af4a81019b5d17980bf30b942a2f7477,45
0x6a69d83694694956c0ac12d5657ccb794bd9c59e,23
0x6a69d8ecaee9a9ffd4585ee45bb1c5008b1b3b78,52
0x6a69d98c30d908a368853f9ae2cbb23c774b77b18b082f1f234e4f70d795033d,2
0x6a69dfa3bf9f94c53da2a4095e0912c07fe92e37,27
0x6a69e0f93cf0a4feac35cb572a48202d68142fe5,4
0x6a69e1d699c649253ed03fd3c2c0e3ae7b209943,6
0x6a69e21cafa5e0bef25bb9b469ef1196e8a69549,14
0x6a69e3408c173b6fe4418832a872c06d57137b60,42
0x6a69e47f19e466c19d195906a2169140f13ee241,29
0x6a69e7a02a843271091d40a7a93d93888eb7192e,2
0x6a69efe85fe9aedfae63d67c8cc354349b7ef89c,28
0x6a69f01d1067b6cd4c464af340f23df8b1fdb357,1
0x6a69f70c6de2430adc32071f1d26d7c42c809f53,15
0x6a69f8e360b5c3f84bc648cf82395503e12d1448,10
0x6a69fa92dfd7f8e99bd7c583b9656f706ca84995,2
0x6a69fb285ee512a5b024917efab465b5432ab419,2
0x6a69fdd6ce7ee56b0daef379326626b38b29393d,1
0x6a6a017285b16b42dacd651df840330024b5a676,31
0x6a6a0395940f1b7d68b258f3540c35e2704cc169,1
0x6a6a0813de7ce0dd24fc153e291e2075c67c772c,127
0x6a6a08ab62fe6e2d09e2a8023c5dd735842fa3ed,4
0x6a6a0d292505a3e2d5a4ddf7cee4ce3f0ce1c781,19
0x6a6a17b3bf9b9b3d8047bd2b34ee536affb38f30,2
0x6a6a188e675d0b169be60dd674fcf4afc50e8a54,114
0x6a6a1f8b3aad56e767dad6c335d4f2330d6e2e7a,1
0x6a6a2089ed8d9a79995fd27e520cf061a739d5a9,1
0x6a6a20c2e56e4fe61e373c80d3d23d97d3d40e6a,98
0x6a6a22c219282278a33470424e5308d0b35e4dba,10
0x6a6a248655c894f1920015546387a24d616f6aa8,6
0x6a6a25eea3bf77439ceff10e1bb1120329629604a08dec9d01b12b2ebf027dea,1
0x6a6a26456bc63702238b0e86948d8d54006a0922,11
0x6a6a2755ef91c8fef5b32eee402c4a6f5aa4b264,5
0x6a6a29b7319ed60642d16201c4c2f87e6b19c999,5
0x6a6a2d1b42472d0e18034f75a499f0ac5a41cc1d,1
0x6a6a32ed379a643d17d30c120dc2e04f1df28fd3,6
0x6a6a352b333d28c410e771df107e0ebd20d1c9c0,3
0x6a6a37313e597784ce9a8e79805c99aba9868c3a,10
0x6a6a390eadbc692ee84ae5041d8a6b6a83fbc967,1
0x6a6a3a08694acc3029911b3783d2e14840ecc6aa,2
0x6a6a3de94eccd1268e08347ed04375644e0811d8,1
0x6a6a3e3def05cce5d3760b4a817318160c0432ed828443fa566bd5650c7593a3,8
0x6a6a4746917f40ddf22730f3ea8a019363e26a78,1
0x6a6a47c83c578aa40292299412b874c6ca70a754,163
0x6a6a47cc74f02fbf5edf3ebff03d8372749a7efb,61
0x6a6a48b645fc5a0a3e1bed7f5c4ddeeb42b312c2,12
0x6a6a4df0d133dc215b45b5d4e542321364a85a6a,27
0x6a6a4e2fefdbdc04ebf358a58181270a6561414a,28
0x6a6a4f62762b82c9c10908e0e35faa6625335b0f,27
0x6a6a529e053ccd9595f670124f5d8784e17ee4a5,1
0x6a6a550adc2c59c9298ab59fbb529665b64d9056,1
0x6a6a58b6e871803ff7e92f1f8328a23a8300d968,3
0x6a6a62faa8e21f69f63d9d2a016f1356ce05e5ea,3
0x6a6a6b3d642a4a666d00938a3e7e59f308d6d7a6,7
0x6a6a6ce78a4d725ab78e762a70c8ea2913f9c707,12
0x6a6a6ee5245851c5e79bc4f3a49e1d3c9851ebaf,23
0x6a6a6f19d584869bb21eaa149cee04915f111ede,13
0x6a6a6f6a438472a99a4613d8e85f777304d97184,27
0x6a6a750946fd4a0555429fd709c94e8f0954a540,63
0x6a6a759bd07a98798717ad32ff0b9dceb904f344,467
0x6a6a7b64fd9bb4c5c0617314fe3ce158765ec54b,1
0x6a6a7b9b859c1cc7d9907670ac7ca4e2290bb825,7
0x6a6a7c216c6907afc58664df4b8c6d336a3b823c,1
0x6a6a7d342ff30f9fcf1c94024a816da0ed2b293a,188
0x6a6a7f288729725af100c332c280173e168b67b9,3
0x6a6a8895cad679142a56b67a62db8926287075a2,1
0x6a6a8e5d0cc5c2358b43ed4c6c754943b7075176309597341d541e3674f08ba2,2
0x6a6a93551b5bff51f3f937208b0881fe1424ea4a,4
0x6a6a97bb9a1c734cc9704d2a46a25215a095d73c,46
0x6a6a97dfadf778da035671ac6747060e1026fc4e,24
0x6a6a984eacda0a3830827b7f4ab09163ff873c2b,141
0x6a6a98dc533ecb1fd74f046dce461a0fc2c8b3c8c2c53ae91a83124516af1abf,1
0x6a6a9b5240d9f88451d5429b62d0752e5243dd6a,1
0x6a6a9ecfebf5207cb3a2f68d923a48cabc186aa1,50
0x6a6aa0400d4517dc17c44e601518a9108a76ce0e,116
0x6a6aa3cc6b94f4be5c287a4009666c01740ee821,1
0x6a6aa446126c5d7f2ab8b43a844ee2a42fb94f19,3
0x6a6aa44855f16ef2d52ece00a90c89fddbdac0c094ddf4f5796e9ba90259d7ad,1
0x6a6aa538198c63380f78d90753148f7ce6921d95,71
0x6a6aac9abed7186f4b77ac351452cf00edbeafaf,1
0x6a6ab01a11e956e444b04cdbd85047551e085b81,1
0x6a6ab193439acacc25c11e399ffedb6616ecd7f8b5c19443c6c38ebe74f8165,2
0x6a6abbe40d9c583f46e52aacf5d33e5ec06baf59,24
0x6a6abe43ecb0fb811b5219460b9f78328e686c50,1
0x6a6abe55bb573dc3b66fbb845db96a715552cf754fb8d5f04fc6b433e15ab688,1
0x6a6abed9f95b993cd770f9fadfcbb070dd127eaa,1
0x6a6abf5e3b78a654d22f65c4f634f37b4062b9ec,1
0x6a6ac05a18d3cb95cd254d846532f62f928f4476,36
0x6a6ac448d4d348dce7c4e58fbf482ddbaa4fe80e,31
0x6a6ac8c8e79ca96ee4cf92bd56f49c32a0471158179c1612c12f7088bdcc9532,1
0x6a6aca78c33a8edcaca56fe0546f554f549ffa4b,1
0x6a6aca84b16f86865aea78eaeeb24f13225830a3,65
0x6a6acf84c5062c08ceeffdbe933ccca88aa8d9be775c8450b7286bcf62d0103a,1
0x6a6ad227a91af2a4e1b09ccb4c6755e50e723102,14
0x6a6ad5c3dc1f6e09e50ba59f19af67ab73750af1,4
0x6a6ad6708d78dce384e355ddb5580f55f2908e1f,194
0x6a6ad7922e636f8cfd9411e7108ea8f280f05199,6
0x6a6ad85f53f180b2fb4687a1623924ba746bcb2e,6
0x6a6ada5389b6fe8ef68157c11c7c9103dd3e7b15,1
0x6a6addfae67ce447670bc93ffdaad639b628d15d,9
0x6a6adf15e9ddafb71812eea4ebc59ce631b7eaff3020afb75df99889b6ecfb96,2
0x6a6ae4244d772956eae3e7f77fac16c58abe572ad3622f41b1f23816f2d7bbe8,2
0x6a6aec7a1dab8a88396c261b44eab771fe87b45d,25
0x6a6aecbf8bf6410be332cb90e67bbfe310884faf,59
0x6a6aed022652ae63147aa0a0396bfdb385567a10,2
0x6a6af7412d968c5a1b59c989e2471a704d6ed6f3,1
0x6a6afa90b9df06d88526747d581ff38d9651c3ab,2
0x6a6afba3e6ba1b9b8597afb2fa93ce15a9bc17c1,1
0x6a6afc768f5c49e32d3db263ae8a1bed4c94229f,2
0x6a6afc85b14c0282a43f95af2f6e3b6383c86d0d,1
0x6a6afeff78323d6be17fe65b13923113e7fc91f4be068ef1748613bcef51bc5a,3
0x6a6afffc7eed9b86d0a610246430b68afb81039bc074d492f603d0be19a2e820,4
0x6a6b02efc0fbdcf90f0bdc4d3d3e6ce7242651aa,18
0x6a6b04850be63816f065afa7286a7af678bbbeb4,3
0x6a6b04d32d00edd0a8c76cb4c4fd39d02275bb09,1
0x6a6b085b746190c31a59154847cad38195a2ede0,4
0x6a6b0aaa943a2607294640d44b1be2f228b392ae,3
0x6a6b0bb2e8a7e71391fa94adafd12e31da098820,1
0x6a6b0c8a31914ca26e92fe3ea650e147e154c1a1,8
0x6a6b0cc2cd4031b14656d96c58b9ef29ac19bf5402ed8812f9f213b94de1f3c2,4
0x6a6b1373430d23d3cec1c112e7ad53e72fef999e,100
0x6a6b13f4a7a51534df5b196043c557e7e176e2bb,36
0x6a6b15d6ed6975577a3b3bb0f2fb894b8e0adcc1,3
0x6a6b186e06447066765f73a05654c18fa9e630a1,8
0x6a6b18e8587d96d077939b01ec7fd015bca82119,18
0x6a6b1a772effd1f586a03c9edbbd2c19056061c7,8
0x6a6b2081539be3a83e41ca5de1e2fd6d37ffd36b,1
0x6a6b2b29ed8e23cbd0298a059b43ff68d404d98a,37
0x6a6b2e70c4d73381ea17a064091a7afcaa0b99df,89
0x6a6b306c264e22b1e42de5316fe640dc99a9f722,1
0x6a6b32e95419c5ad9231448db4adf99199753a97,1
0x6a6b374f8a190c2ecd23cf3e678b8e72eccbdd4ae6ab3b530f042579ad69c49c,1
0x6a6b3a8393ba39bfb69c243b5194845525cdacd8,1
0x6a6b3b5c2f8b58304d7255e4f7a4e66e2b7a44d9,2
0x6a6b3b7bdb0d765cd03ffd5e2c50932189939610,228
0x6a6b3d9246c077b65b0d951fe309d7089e352e16,1
0x6a6b3e6483bc0d9f49f3961aee9d4ff13a0f282b,1
0x6a6b3f8244416eb5485d294894a472263ec51fc7,1
0x6a6b408c8ada7ec426312a0c479ac9f2d5d7f7bd,118
0x6a6b477705234394176eb10b0f8dc69f518f1fd7,3
0x6a6b4f8ef3731b70a2011cbe52b142475b2e7e48,32
0x6a6b5047453784f8b1d59ee0b145271e73f4c86e,2
0x6a6b54277bf2f8e5ba562594262b6985522bee12,4
0x6a6b54d81ad979a52db0018d1fb782c3766c81a4a5592bfccd1da8671aa60b6f,1
0x6a6b567d7e1b8ba3ce24bb4a347af25055ab2bb8,27
0x6a6b5d5c353fe1a227e16aa1f545f677859da2dc2aa28767ce60e6be03835188,1
0x6a6b61f7c1af8516e4ae61335e4753f43b2cc446,1
0x6a6b6551a9bb73a2e013f833b84ee6df38b8fde5,1
0x6a6b687ad6734732289fa0b76aef65b4ae4b4230,84
0x6a6b69eb4a3c238230c5f1cf201a577addccce871449f2bfa4f45016fb98cd8e,1
0x6a6b6ca4bb3ea29134e45a72ba84a21b33e9da4a,120
0x6a6b793908c8c76bebc771ec3160e88fc452c82e,25
0x6a6b7e9f2ab84b9887460408e77657509ef3bfee,106
0x6a6b7f28f113ef62d2ed6de369d1186ea88800da,5
0x6a6b81b62389ef53e201b855b30b1b92d73b1c4f,12
0x6a6b82d00898c083c5e750021a4cc8b113930e35,2
0x6a6b840e237562e8d1dc37341b7242c62462e652,2
0x6a6b892b2a73f64a646ffcf1d10aedf015eb9b3d,3
0x6a6b89f8a14043bf8590d16bc9da5a372d24eaf6,106
0x6a6b92563b0213d43f4b756eafc13364ecc27e84,1
0x6a6b92d4dbe23976711a24d22d6583afcb94f650,59
0x6a6b967b4dcdecb5b22ef918aac8b8ccfff9c9b3,29
0x6a6b978801de4ef4393e074998dbc1cabc694e76bac028d8f4fd8bf904ba73ca,2
0x6a6b983128069b6ac425a7e8c88a7459ad770cf1,1
0x6a6b9bb917a28e85431a62e9a8df98b4be46d33e,47
0x6a6b9f7134d65bf607da49f02fc1bf95e914fce6,1
0x6a6b9ff8e57ff34c3edbf0d68688fa88772a1eec4ae301b8a29159b999553e3,8
0x6a6ba2e473de9d4eadb58f0a69e3c70753f468b0f5e566f20de6bfcc3384aceb,4
0x6a6ba6efaf22d5ebbdc2ca66f6edda768345a997,7
0x6a6ba7924b3e20f7d584e0d551d2e412c2d58c0e,1
0x6a6baa3e953080e83211fc4dbe24f41f7f7da1fc9e932f7bbdb4777ce73fdbcb,2
0x6a6bb026c8e1e071e725567f802ea29a3f330e51,56
0x6a6bb1dd705216f388738321cf6c66e3feee5ec21f99239571eb5eb890d64dd0,4
0x6a6bb2c34b874486d1381b80d42f7cd09a408b03,35
0x6a6bb44062040e26a9799a86f71b7ad435130e54,11
0x6a6bb7c40e089d771666cc373bcd3680a0ba3131,5
0x6a6bb7d8968f80cdd78d9759f2b23456713d72d2,157
0x6a6bb81a57d7cba53e6cb33ba7c05e4913ba48fb,63
0x6a6bb94c6e511006b1ea49adf58a6fc308258643,1
0x6a6bbc5989afcb47555ffa6fbeada876a6662c52e0cb775b153e34ff1d20ee22,1
0x6a6bbf121f329157ed41cd1a016864195662f6db,3
0x6a6bc46312ae51d7ea0005929daafbe85db17255,1
0x6a6bc60cfacf6825eac4f0d66b6f132f35b84c65,32
0x6a6bc7e15656645226385a71a63570ece3e124eb,81
0x6a6bc8a9c1b9c7831842e1a35b8027d009654813,1
0x6a6bcb31b1912b1e10c828628b3d8e5209bd8a23,59
0x6a6bcc00c9f38b35a84bc62962da3b892e1340d0,61
0x6a6bcc4815ba4a49db3f039b3ca3be2f4b540c70,45
0x6a6bcf8034b9929d373c737085c5f13615f0e70a,5
0x6a6bdafc8010434fbbdc20c63d510e4c5c6d6f7f,12
0x6a6bdb01dbfb16e58aa299fea81461673a9fdc6fc0a5f4b7ed09d783032c53b,3
0x6a6bdc54dc2ac91953e0d7ed45db1a8ad068eb324e3ae4062c1cb5d12beb3199,4
0x6a6bded511421a646ad6fb75f0c6cb11a99509e3,34
0x6a6be0385ea10cfbebe99f45a2e780e27ed8db0b,1
0x6a6be8f0d204d9d074c6b441e55fab4d9a8e42d6,11
0x6a6bed119f9cc349fd5eb5962f261079a65ffe12,13
0x6a6befa62b5b24bd5d69bdb485c676a5e1c0feda28ddd315c53d8151dfe3bf22,1
0x6a6bf08c64b1f43126fe36827da5b82c7bf85339,1
0x6a6bf13bc05d85f53e47f3a79d9ecfd6a0391e8e,65
0x6a6bf22f693764fd1778f2acf2c4fb09b369d91d5c70d46e9b90db00cf581e78,1
0x6a6bf3d0e91fc711fc03a5429930d05de0953f4d,273
0x6a6bf4144cce7545ad240139f48de156b6cc489b,84
0x6a6bf59986580352ba05dad04a86ce3181fd645c,18
0x6a6bfa8e2ea8f5e7b1895fd46f081769bbd008e4,75
0x6a6bfcb826d38c31d32a9a7b62a1840f4a5b1fcce5e66f9b911ffff2bc8be011,64
0x6a6bff6e4ee5588f37e172c8c855c1fe258f2efabdda0c781bf818b2a3459c53,3
0x6a6c062d51d3a11df6ce75473a339f127008b8cd,162
0x6a6c08050f08bb9a79ff20aba1b0aab36f61a37dd66664877bdfd80b1d963d5a,1
0x6a6c0a5c557ee273e3b7f2234bd4fec8f07f0a9e,6
0x6a6c0ae5219dd62ef93cd7fe642bf5892ed360df,1
0x6a6c13dfbae3f96bc2b5d775f9b1a53af8e34ec2,8
0x6a6c13eb32d3211a721ca6812fb70a51b5ec5d0a22cdae5715ce26d7e80402a,5
0x6a6c17f5aa799885bbd79be9a29d7bf295580dc9,67
0x6a6c1b73c45eb3c5d2e91b59640eb0f4c7ca2762,12
0x6a6c1ffe13551818794191d048b3645f2f4038e2,13
0x6a6c2547bc1a2fe6dd07d73029a87f3f1edbd823,21
0x6a6c29035a8e5a3cd433aaa0c3e5d3cc3e77bf5c,2
0x6a6c2cfe1c4a6c8cbda68467e971600df84f8aba,4
0x6a6c2db3ecc179453c266db66cff6ff805e1a3e4,2
0x6a6c2fb6f18ccd8ae57236d72c69450b0ab61ba9,62
0x6a6c2fb73dc10061d837237b1269e117a1d38f2a,1
0x6a6c3323a9da1c54ee2446728a1fd32f691c5209a8375065522c135733b566de,2
0x6a6c341f97e2662c3ea210aabecb3f1a495c8178,15
0x6a6c41a8d50f3023d473d16d4bd361cd382aa725,22
0x6a6c430a6fe51911f0deed4a2bf9344207a16a0c,7
0x6a6c4938b5862872a8b98faa4a9a759f0457291c,44
0x6a6c49b42b4c7290246becbbdaa69b1e13a98900,91
0x6a6c4bede3b38f42320eaee601c92eb042a88ccf,58
0x6a6c4cd03bacd8d12b5b010b67ecac306b532ce9,4
0x6a6c5377f0bc908f2a4444092f85d6bb4c58ac2b68f36d1ef6de24c8d81bb920,1
0x6a6c53876b7c09acbabaf2a4f1b0a7e3d6ab68f6,3
0x6a6c5594d445b36d0b042e71c79af7e9d8a5745f,44
0x6a6c567761a3f6569f3a4b63fb3da58e4638e892,26
0x6a6c56a8e3a4b5a13b87a9d0c14c9eb30546eea3,139
0x6a6c5b673b7b61495fbf1ef75c14dff5d941aea5,11
0x6a6c5ccbfa0cae89932daef59c622fd4972f33f6,1
0x6a6c5eb04521ad02cc52732b97f9ebea513eb5d3,35
0x6a6c60d1f38308aaa67ae977dc54b29d92704913,41
0x6a6c631d87a020eae23b21877b9da379df3b4de5,2
0x6a6c647311a062cc283ac73bc943e4b4266b4b4d,1
0x6a6c6b6497c7b0e855f06a026af56f128addae1f29ad6d7aef9261100741c158,34
0x6a6c6cb9db96a2c338fbbcd899b59d2cf88c018b,2
0x6a6c6e7d4fafe22bed5625a32ce74b0edd68b9bb,1
0x6a6c71d28c3d2e5dccc89d23dca71a923c0c48ff,18
0x6a6c74a1553d2f2650f16d4d963f491e653926f4,94
0x6a6c80a5c72e3e392f9ce33d03a979c31866c54f,1
0x6a6c8605e62fbe029ef35da50562174f5080083f,13
0x6a6c86867ab896c90ad62aedc771d27f03d4bd21,8
0x6a6c8d2741714a5ee2f4bb56a0bd9a5d7f74f123,67
0x6a6c8e01458b605b2c49dca1a9895a01f995f065,1
0x6a6c8fbdc78f494612748a366473ff481b2f9e87,1
0x6a6c959d7ce2c4a229ecfd3a53bab7d43e727164,21
0x6a6ca11819aae09978c2bb24905200749364febaaa26e665c92f3e6fee3b10f1,2
0x6a6ca22d98f6446af31fc35e4a8a8023f4844525,16
0x6a6ca2bd384fc7afb3cddd3b2a6e7e6ee00c67d0,2
0x6a6ca31e21fb75338cee6a3be0158d314842a4a2,1
0x6a6ca4efa6de24528ca3a47eaa242ddd1feeb227eea58df9211930ee59a691b1,1
0x6a6ca541ecd65888dcf82c4f3f8b65e892d0a4c0,42
0x6a6ca95e3bd7cb1680d63fdac8b277aada8ba14f,150
0x6a6cac6ca1d74550e352f37e89a844054ed45622,1
0x6a6cb199f14eb655be59f3f30c42f3346eb13c62,113
0x6a6cb1bf73c52758f485d651261a5bc0b77588af,23
0x6a6cb23a9d9c1a7a35e39dada073a3eefb616722,2
0x6a6cb44f50e6de4c4f8cc0043b1cdf5e3a9fe4f8,76
0x6a6cb86f4d0ffc2076927e239e139f717b6638ee,33
0x6a6cbc2ae2875e4e76165a03e245da4d3d5d549d,56
0x6a6cbf18e31a6658b796c3c8d9bd70c93263311c,1
0x6a6cbfe5ec78a13ca493561ab96c23e26567514f,1
0x6a6cc1fac9bb72bb34bb0283976a9236f07f11ab,6
0x6a6cc51adf0a07e74f9a573d271378c8430aebe0,4
0x6a6cc5f0c0fefcd6381631bfc91b08bef15ce1d8,5
0x6a6cc72fb4d63339b856e6640893d912462c50a0,82
0x6a6cc7afc08ad1299d080f3a0b5a058dc32c8be8,2
0x6a6cc7d24661aaf7bdb150c1471ad4c2bd0b1b53,1
0x6a6ccc5779723af8b670601fb3ec8d086b2f1266,12
0x6a6ccf89d6a0cfe1de17f7920f7a489220b33185,1
0x6a6cd187ebb9975d898e3be46d40263ddffe23fd,22
0x6a6cd2d870a869e20578710178b894afb7aecb37,1
0x6a6cd4cc578e36a265f08bb6c77141da25fd992b,1
0x6a6cd53fb9bbea688155c64ed169f3b698987eda,4
0x6a6cd5e905dd1042775f8809c8e8adac6596d6c4,13
0x6a6cd829a6a7c333f02eac11ac8b25193fe3ae04,11
0x6a6cd8c5f126766ba4d6c065329fd8f20b3a29d9,35
0x6a6cd97d761beaf2d440785e765ff527d49ea16e,41
0x6a6cdd9c8ff0c6f6e420d3e20b68bbd0ab2be089,1
0x6a6ce499fab9d0f36eb39d8aad0b23ff8729fb31,1
0x6a6ce6c3589339bbf95a5ac7761484ebe6815fbd,5
0x6a6ce9382d066cef17e2f76c26ed7db7c234b17f2209fb8c05c5ff29a3c7524f,1
0x6a6cefeff084421aab7ed3a07a9673fe4b6cb66f,11
0x6a6cf088eb3a29f1cc93706594768d36d7987257,56
0x6a6cf2a8dd1dae089455bf164cda4b3811ad8dfe,81
0x6a6cf578f274a06f05ee5a7548a43ec13e7c1e0f,3
0x6a6cfc4e2e322b9e4ce121f98d8bee1180ccd0c7d81523806968de18433de27,1
0x6a6cfc9fe0c052ca066d2e8af069abcda4f24347,1
0x6a6cfca1c66fd0bd3ed1b8d0961a6bb521b4d4bb,1
0x6a6cfd0ebd144fd1cbab750907cbadefafdf91d9,1
0x6a6cfd4d421f7c33bb5fedd279151838403d1b29,9
0x6a6d010f9a9e97522228586c7e79522f2a564074,1
0x6a6d035fb713b3726355283710f8b1fca5d6a00d,1
0x6a6d05458b236d5f92aaf2a93f82faa4470f1393,2
0x6a6d08f29d8af85e4ac31efdb8a93321f9bde3c4,20
0x6a6d08f9ca41ead5bb9b67244595a28ebcc77bbe,7
0x6a6d0938bf19d1fa75f65f12bbd2cd103d23cfe6,2
0x6a6d0947c8d562dbca5ae902b6a89770b3b990ffd76d7671a53eea63a591e870,1
0x6a6d0d51823f834affd723db08b165985a4ce977,279
0x6a6d0f92330b653d0ca92e391be84e93cd878834,36
0x6a6d11ce4ccf2d43e61b7db1918768c5fdc14559,1
0x6a6d125b9017b655c7a097b492de8896c389170f,3
0x6a6d12957dcc93143906be8094de96fdacbe3125,21
0x6a6d135c7112cd0bb9eb78a11d1a6f7213897c9e,1
0x6a6d1818fd21987a97d22b14f1b2eb2100e4ca86,73
0x6a6d18b7fa807d89290a65bb7cfdb5f328fae9f5,2
0x6a6d1c00b6ecbf96fd040a4e40046ceb952ef417,23
0x6a6d1ca29ecb25bead140c6b446a60c4c7efb84d,1
0x6a6d1fe22427d6916985708c4d5a7ba8ba582dc0,3
0x6a6d22e2ae794ddc54024a7bea1b0a2c5fb8c134,132
0x6a6d24c0091fc8ab0585415d4373d7a4d1e1a91b,1
0x6a6d2c466e6a856b81b22bc0b4f8af407a361e17,50
0x6a6d395ecc69c07a7381f5ca1ca6c1af16b8a800,57
0x6a6d3a1ecbd482d9b5b813d6ab2ad03a13b85e54a105d0080fb643f615a9c8b0,1
0x6a6d3aab6f51b9bc8ac53a7dcd0816da85d1da3924791440405b57f1c6090496,1
0x6a6d3ab6402a734d7423b5875b81839f85d03f11da3fed982b939e9b67d2c97b,1
0x6a6d3e68db34dc9f139b4f061332df05ad670488,7
0x6a6d45061c1140ed35d0d6fea72300a66f9d94d1,7
0x6a6d4f284357e58b60c6fcf2e6c3443fce52422f,18
0x6a6d5857e6ee7deffc9887e5381c6179401678100f7dc822d0a94b19f47b3518,1
0x6a6d61ced7da38d4962c625b34b0175db7358996,1
0x6a6d64e59f94149356e2d877652e5c6dd7a1e872,81
0x6a6d650512ae7782e22afb4f3ab4272af1b89ff0,2
0x6a6d6b43431d55a422b902e5082a6cf9aabeb971,36
0x6a6d6be1ec1ffa9f530d3a25b25dfe0214f9e0ff,1
0x6a6d6c1c77f5bb5492b72a255dd174cd5c5b2e76,3
0x6a6d6fd917294c5ae39c1e648e5affe600329268,1
0x6a6d72dbd7cfd2d30229377d29e9c98cc6b1b32b,4
0x6a6d75069c34ffac034d272c5f038c34e9c4d202,1
0x6a6d7d1c4f8cd171b34eff194913e04ed2c64d19,1
0x6a6d7db17e19f30eafec4f7edb7439b40831279e,3
0x6a6d80b27e4ebe60795f714444f0d343960f03a4,1
0x6a6d80bf5197a7e2280dcae2d658acc8f620c9b2,73
0x6a6d815bb201cd2e302ff1715ce0abccd7f3094d,3
0x6a6d8183b39f82e7ddc5718f27cf64e9cb3bb5c3,32
0x6a6d83a233ff0386131acada4a10a3a5db9b13de5931815e03834f2916d38f51,1
0x6a6d8590dc9285ccb9db0bb3df624222adb6a7db,2
0x6a6d88f40c741e95e96c3956915636d8182744ca,15
0x6a6d8979b5395841e79424074f6c8c73d8dd86f2,15
0x6a6d9ac9c9176289e64c5aa5128eb7d4869c23e2,8
0x6a6d9cdca56b598e137a6f0ae755356a61d275cc,4
0x6a6d9d9d5e55a0e096a03d841b01cb69f2d8770e,1
0x6a6d9e5a34b65b825aa4093ae0a9647193e8f8f5,4
0x6a6da20696e85f4cc364ce4c63b660a8e371fc32,4
0x6a6da241f0dfaaf26472b4b387fab70eea679596,1
0x6a6da2ea8f14b2d99ffd227bb5ba3fc667e5beff,24
0x6a6da9019f04cf42e419bcad59d19d5bf83e5459,79
0x6a6dab96ea88637e18d5eef617dd6df3b83a833f,44
0x6a6db0921f55c43d186bdaf2a465b4b5a22f584e,1
0x6a6db28f345eae0d64e210010fe38bd43f9df77d,2
0x6a6db3c0bfc42f097b587efa35e43154ae93c897,7
0x6a6db402bc0aa2c128883a1635bd19e46c8fc885,19
0x6a6db49b1dc39cc63a5e41d91d1fe58f8d72d5d4,2
0x6a6db4efb1a88a7a29fc248fe2b9bdf578820f5d,3
0x6a6db636d44f00c0da383c75440d4f2451ab44cd,30
0x6a6dbcfcd83971baa2abd006bdcc183be77e23ea,19
0x6a6dbd53807ed49330740eaea2423eb5dca3e0c0,14
0x6a6dbf6364f759d00089f40e344c27f0e08ae495,1
0x6a6dcb9eb70a7d24c9fb656696e1617c147f73bd,31
0x6a6dcbecbefa6444db00ff74f54b45966b808f30,2
0x6a6dd02757bd9e152c6c59da5ea269d69a40b362,1
0x6a6dd12db8c4d084c3abc464e056200d889ae4d6,3
0x6a6dd14c5fde8eb452c4ab8ccfde3b46af6887fb,29
0x6a6dd1d5c8fdaa6028037bd0541778421a82c418,3
0x6a6dd3a27674da2c9c393f6f0063d983d8db5094,10
0x6a6dd8d75a8b8c34592b6e4287139616c61ec77e,28
0x6a6dd8e72b8256311ab2f942bd3fe6233a332708,54
0x6a6dd9079254d3066c21e30ab41f5ded7d36c950,1
0x6a6dda3e391df3a6b41b16144e516d6756de3fcc,1
0x6a6ddf7cb97e55660a153796d74ddf6498a746af,1
0x6a6de15ddb8fff2695a24bcaeaec42bdfe812c38ba3b2c89f85a040d205d0148,1
0x6a6de22611ce6cb99e02774b5e349f3a7f507cd9ad6ed07950d8e086f3043bb3,3
0x6a6de3ff685fe3bb896c3d638259eda819aa6246c40ff4e6d6114cbb25371f3e,1
0x6a6de5ccbbe2844c0672004760141812094d9db3,20
0x6a6de787740c880b13eb1c1e75227598f931036c20f24824a393db6673ff0177,1
0x6a6dea2797cf4c0f8fdb5e02021dfa4835d55779,10
0x6a6deb0c5e0280da3e96219ebd5264cb495a6324,1
0x6a6df127eca81e7300c87e65c9cfac35749842ea,1
0x6a6df7b00726d95df27b5ac325b0d9127027df1c,29
0x6a6df7c030dc4fabe546bc46bff2653e46f40ecd,5
0x6a6df92ab7cc1ff39b84eff1d039f17629ca7c5d5d4d3099355a744aaa4b3ff5,1
0x6a6df9c3e7dd62bbbdc73baa068e32ae0b35f754,138
0x6a6dfef9aed09206d654aded9822a167d92b7569,1
0x6a6e0188c788221d2656c00a71f2c210a54d77a4,1
0x6a6e01ef7cd3aeb4aebfa09ba894b611046e383f,43
0x6a6e08426a0b1b8823022ec3a162fc1b3ef50aae,28
0x6a6e085dad4fa5cff935c17090b1a157bc36b231,29
0x6a6e09a645d2ee0a0490358c2813dc5dc7d613be,69
0x6a6e13189dcfdcae935b8109c0259d5abf59d31d,59
0x6a6e1ddd013a97d715e14154890d494d0eef030c,4
0x6a6e22e010967d97ab43696d18bf5fad04eea8aa,10
0x6a6e27f5b1eac32d85e4868914080d288bb0cdc0,2
0x6a6e3100d60c92482ad4d1e017f08dec1f178a2d,1
0x6a6e33cbb70e72181199f6e1260a3a053305b89b,48
0x6a6e3824fc6d259d91b5ce74fb289002712d562a064a19f2983edf7ece12547e,4
0x6a6e3879c163e0da9db59855a91d78f99e77cb46,7
0x6a6e38e20001a47a72ddf0b4a3a713526439f29f,1
0x6a6e434d3033c636bda7ed66971b2680bdf11997,45
0x6a6e4727caee43b76a884683554a335469b9e72cfae98b64a95753408812dce9,1
0x6a6e47ff262a6c1774dd3aaed59b67d136689c83d3cf4f30ad18f13e17aae7f4,1
0x6a6e53b16eba831fb4647d634e44ea24e9de2dd7ed9c542ac5b2938f4ef4fd8,2
0x6a6e54e81920eda6dd4dc902c53918a880a61b81,2
0x6a6e5571cbd9b695764a1d276364c527a4f86f4b,1
0x6a6e56dbed0b0bc95fbf4ba93b9e7eddb2bb4cf8,39
0x6a6e57bb616d8a3879fcc1f6188bcc3be74ce94c,1
0x6a6e5ae482ffc3df638e8fc316247f57d550f6234fb07574ef180bf419c7f691,1
0x6a6e5e04aaa3f8d2dc57254a1b7fede7d310c928,8
0x6a6e5f1599ac886c8a83eee2ced9fbc83a7215c1,108
0x6a6e60753a04c6e6201d68d65328c136a28312cc,1
0x6a6e6d1a394bc69f72c4ef98012540ed16fcae06,1
0x6a6e6d6387b65b61c46193176fc77df95850fa3f,1
0x6a6e6e8746eec4d2911c51429bfc0d894a977eab,16
0x6a6e6ed3c95b972bf60772edc2e4005caa0a68c4,3
0x6a6e735406cb660a8409e7619a4031e2770cdcc4,39
0x6a6e738c67e15558771290832ff0b813b81436a8,14
0x6a6e759d8ce83341fa215e1e9f2ba2220ecd75ab,76
0x6a6e768f028598ba7b0c713f294645b78a795179,12
0x6a6e78d343696dabfe02a38df05495bcb9f76db1,60
0x6a6e7ad2419364def391d8e2647c55f6838a6ac5,63
0x6a6e7fa120180ff893fc554cf0f3dd541a2468c2,2
0x6a6e82adf64015d52f2e1b00a0db3edd4d917008,1
0x6a6e867b3a550c83a14813e4b07a44efc1994dc6,1
0x6a6e872a6b6336e761fe663d182300f3e131d232,37
0x6a6e87ef9cdf59e0cd04443c57c9fd80fb600cda,1
0x6a6e8c4d1a95563ec6f2168e441f79ea7e90411d,64
0x6a6e96c304ce48518cdf2b199da7fec0039183a4,1
0x6a6e9737f9b3f54f131e16fafca76d8037504458,25
0x6a6e9ad97f890da8e8f90df44c4f653768f2d65c,43
0x6a6e9ae7d55bede12159afa4b1f624f3bb7c1f98,32
0x6a6ea3cd2316aae1d88cb743e3995ac019206726,1
0x6a6ea70c8a25161bb88fe11ea19e119dee409dc3,36
0x6a6ea773278bd90dcf59e2ef6c1ab702f15fada1c04e38e5a49f77e31d6f7847,2
0x6a6ea7c3bb5ce14d4cd83db9a0f02c2411199096,14
0x6a6eab6f05e08e2af3888b268d5605c32d1ed475,29
0x6a6eac75a95dd23bcece7a786203114e58f0e143,30
0x6a6ead6b21219ba9fa11a5598a989b90f114fd7b,23
0x6a6eb4d67e0f7414cec9f1422b8b3d059e4a6d512ebdc66791acaa06464c57c,1
0x6a6eb5aa8c89169233ea8333a04563befc27749c,1
0x6a6ebdd4cd09cd47841b92c47826a73a1611c3f2,27
0x6a6ebedcc21a8d4e0f885fc81d38443fa61e91bd,143
0x6a6ec4f37aeb21a8b896bda7cd732f46a6f0b7a3,59
0x6a6ec9d36d159619162fa468f6988a652e9ecde5270d7c5233745b5533ea9537,1
0x6a6ecb86429ed41810c36785a8e992a8545fcdcd,1
0x6a6ecc792243d3b17b0ffafef2e94b714a97fe27,1
0x6a6ece556fd4ca021b25b0b0192d6f490bffab94,3
0x6a6ed0a843b37324e49aa2d8a3bfded3bf97199cd7487dd60f1a99710624578a,1
0x6a6ed21609eac442a2b2c0c35820bd3bb18d70d6,66
0x6a6ed29128ef3b1881af43d01167d7f64f0a78a8,1
0x6a6ed6d17c3f4749c8fbfb2377bb7271f705dc8c,4
0x6a6edefb069486778840db7b0a7100816a106797,15
0x6a6ee0e5d737076fdea157c8704939ae8325c98e,3
0x6a6ee273c3a74eec8728f9e4ddd85d53c25a3f0e,9
0x6a6ee592a4ef98019f9caa7d03975bc47ded5306,1
0x6a6ee788a2ca34f9fbe2b9cb949a0cc98edb8281,3
0x6a6eebabf9a89b4c52c32a318df4e3f264039104,21
0x6a6eef089250e88e483f102ac5b2c850111db7c4,1
0x6a6eefc4b77ad89330f79dfb76f68055dc3ed5e4,18
0x6a6ef1d2da6a09d1d1ed141c2972e9b124004875,1
0x6a6ef21baf278d780fbe12148baa2fdf4903b9cd,1
0x6a6ef43d71402c1872867d640c4ce8692a22a724,1
0x6a6ef5dee5f3cff4db99ecf7a6ab2cd1c03c1fe7,29
0x6a6ef6fecf6204f2ecd9c0c48dc55980b4fbb964,115
0x6a6ef92fa9bd1b0deaf8302ecda1a7c49f7835a6,46
0x6a6ef99771cecfa97c4024e85471116dd55eccce,37
0x6a6efd007d66ecd26314f98eb738441b6d78eb8c,4
0x6a6eff0b356c3aca7b0c865d18b0d016d911f9d633bf0c0e3fcb70cf71996849,1
0x6a6f00b4e85fe70de685f82bd2715d1f801ed791,60
0x6a6f023fadd1c9029d4f678e2573198549dde0c73646bb6a7bea8c0272180261,1
0x6a6f06c6e7523986ef7b01b34b465764a8788f96a56edc5a5905a410a32e0140,1
0x6a6f0b5503394c9ecfceaed8abe08326867c1ba8,3
0x6a6f0bf25db309a793f28c38ce5a656e753731a3f8f80f1eae06968e412710a7,1
0x6a6f1185f8366166c2c6c0b13b8dee38b46ab41b37294665e93a12bf98c9795f,1
0x6a6f126b51a918aa54efb613a9bff253e0f7ea17,2
0x6a6f13286d49ce9c75ae4e7e3791ad2fe4ccaba2,12
0x6a6f144c068db84e2ee15633db640bdcbc1d5ab2,7
0x6a6f16cb1cb5aadb6498fb4a4fae4a089fd23f53,7
0x6a6f18b52fa5d52441e9f3fd96bf5858f5a0b5ab,65
0x6a6f1bdb8d83817fb78f3d364704b744ed5f24e1,38
0x6a6f1f7750a72f025fb3e167f347a0e70c06104f,2
0x6a6f25aff8af6125f1346c0175ba8a990ff2b490,41
0x6a6f2ad31bcce426896b246b8a086057ccffa98390aa3281bf58cb7e4c7cb35a,1
0x6a6f2d5015780422abd588c704a846bc445bfa81,28
0x6a6f2e1c70bfdce103b7fb1b5e09678aa3e2d479,9
0x6a6f3bfccbc6000e928050d099789085081f370e,5
0x6a6f3c4de1a1fe5a7ef3a9b111fecd4a7d6fa01b,94
0x6a6f411a86ba304f43b5294dfc0de3b5f51bddcb,2
0x6a6f4392047a1725c033cfd2fbb364da0a4a00807d3ef2c7f6a6e7ff19c8dbef,1
0x6a6f44b3af479650465bab0be07ce0970cf1ac20,47
0x6a6f459bf1ceba4848455fd67630431f40f7db03,44
0x6a6f46a59883a637ab4bfd1783e5f53dc08bf313,69
0x6a6f498ad232731fd1b6bd423844aeaa97ba6b6b,4
0x6a6f4b65dd2dced07e7d202803b977522c5119f9,72
0x6a6f4ef165465f0a78ad9a6589c818f7e9640286,3
0x6a6f52bc26bc1579bd8040cd97ebf6a440fb1ff9,1
0x6a6f55217fe41dc980d6bb1cabc215222b648ea4ba3e7f325c02791daf3adb6a,3
0x6a6f586d8b849ae46173f824f6a20c26e5bb1bc7,1
0x6a6f595da248e037870bccffabcd54e0dc6038ba,1
0x6a6f6240b9664723682b95a3c6c44b5540d7e6d9,1
0x6a6f6332e9d6ed835d91da0f5f487196e40c5335,17
0x6a6f63aabb68b7fd657dce2875a0c39c25d4d51501aae6dc5b0dbf9a01b849a4,3
0x6a6f68e4dafb8025c052fdf365e2b813f416bfee,107
0x6a6f6a764da04f44935ad7c67643d07b4b8dad8ee4fa0dbc12ec88f2a93b6560,1
0x6a6f6afb7f1108a63efb0aeba93ad236faddbd106aa40e51646fb4c23fd16a36,2
0x6a6f6b22c0691272ff35146bfa693c649474870d,1
0x6a6f6b374169d12c7b3653647131f870dd16c022,3
0x6a6f70b348eeb5209ff06121f5b7015fe1ad00ae,31
0x6a6f7351803c98e3f7a387be08e496a78fad3b4f,10
0x6a6f7a3076ae603e6d60a35e77fc6b72df633027,1
0x6a6f7b79d945debd465e4d0b609493b14ea2d1e9,5
0x6a6f7ba12ca3c6b3505cfa3e143672f3b6091f242a6749c72605457c877a5e6d,2
0x6a6f7f55c96c0bee012013c6c370e0ff0afbc90e,13
0x6a6f81cca57b633fbf1fa672fdd2ec824aa9889d,33
0x6a6f87f84f5345e4865acd25ee389a51dfe51b25349a914ac681d67ef24dc2d2,1
0x6a6f8b1a1b7d0f75c4d0045e87ed2ec4153c5dba,28
0x6a6f8b8dc4bfd7c9c2eee2173aee70f14569484d,50
0x6a6f8eaaf278d0bdf1e29633bb3f0cbcbeeb1d9f,1
0x6a6f90e549b6ecc12244142729768be3ff5b5beb6993979e99a40c1d606afac5,1
0x6a6fa08acf8df6615ab8fa6bf0f35b2b72e07159,1
0x6a6fa19c3b392ac62cd2fedc698e981bc472555e,27
0x6a6fa1f6e53c8009f06dabb3db7e8eca442919a6,19
0x6a6fa22091ff8c09bb8d970549d90a3d92a3b2e0,11
0x6a6fa71e2ee170b4666eb7eba88a3ba156fbb5d27fbdaee0e7c5c7f29f19370e,1
0x6a6fa9ca9c089a7d18641882de09301dd2d7fefa,10
0x6a6fac35a1dcfbeeb0c3e469533d8a08ab8f54ea,2
0x6a6faf4968df57adc7346c76851d23c9c600b617,2
0x6a6fb470960ca1ff584d3f012124b478d9d8d3ee,4
0x6a6fb514953b4191a7e3641c96a2801ff30d027e,92
0x6a6fb74ac446343f25925a4237e344bd1a1a009c,1
0x6a6fb7a87eebb787f7ac85c717557c87a404f371,1
0x6a6fb86b4ee4f827d5e9fd9254949cd83f8e1381,2
0x6a6fb8f298ac19cbf9495aff9a87155da4a2b268,48
0x6a6fbb5b22b73c6e5d873d27ed0e1db55297d87d,42
0x6a6fbca0a2bbfa17ea4d178744491ebba7be340f,7
0x6a6fc4c548d0a7a64cc16616f3ed026ae37238b4,101
0x6a6fc57d700b2b8df3386a882cb838331a861d83,31
0x6a6fc6a3402bbfbe0dbcedcde9e5641ad6d48cb56215ee6a271bfabe257cee52,2
0x6a6fc95ff556b4454ac96b16fe59cbdbf20ca560,5
0x6a6fcdceb157296aa6db5f403d1954e4963046ab025e4435e60f835afb44d3b8,9
0x6a6fd71f662e1fc157b3d69d786417a7da7ad373,12
0x6a6fd836af705c2c18577a82d92a4adc2ecd34db,134
0x6a6fe07478f79967e0bc4f05b255383096691113,79
0x6a6fe085338a3efb6888439aefb4675beb14aa27,1
0x6a6fe1e61d4326bdf0db373fcba6cf96fe38e5bd,1
0x6a6fe5d9060ca10866620af8ad500e2402c7199f,2
0x6a6feb91b23eafb3f1fb3bfe68aa5bffcd22ddbc,3
0x6a6fecc3ecf69249f5864cd8230ca8eae1470baa0c99e5f4660593d33033d7b8,5
0x6a6fed60bc9e2d5a8eb491be62d41610987aa222,54
0x6a6fef78f8cad58e0addbe8e2aa143f3b8dfade3acf036603cb0989ad56f8408,3
0x6a6ff193fbd23bd8cb15443432e1c23ac4bbe55e,1
0x6a6ff55dea0060131b884f2c0e5d63fa113719d9,95
0x6a6ff5e11359f23eba0ba812f991913b3894e833,1
0x6a6ff9555d22250a6d7e8fc1b8483cf96c95af5c,46
0x6a6ffb1dbfee2aa74c341decf679c1de5cde205f,2
0x6a6ffefb26aad3eeacfa2b217984f1d17d330fa1,1
0x6a70018efd1b4e04fe0e3379effbe661fc54801550445ba930d7cd2e9f33945e,1
0x6a700775faecee81339a67b1c3a92f6f829d0ba4,13
0x6a7009753acd689d848f5f8bfd5a32671ffa5a3ae33736d1344162085549729e,2
0x6a700c191bb73d7ff2fcbb1cf1e162d15574536f,8
0x6a700c3ae57f367a1d4e55a1d6946e91f8972efc,25
0x6a700daf07c29631589e9fd7689608183683a3f5,2
0x6a7010e372e220e3b64092b00f03792d79962034,150
0x6a70121a8e30d3178ee1d5f852031d27cdc2c3ea,45
0x6a7013d977d930079c810ac2ff8db113b59f2ab14c835b91b2b069ddc50fba1f,1
0x6a7014f3e3150f7db8c0917695996b3cf2d30b7187e3e395fbe70fef2eb889a6,1
0x6a701c3650e66a8736b9d43f6a346f7e69fa07627b2cdc05dc129217477cf76c,1
0x6a701e4e692e935663f7d41dcb91395a8eda4665,12
0x6a701ec6dd2c0969db2fed88209d2ba709851874,4
0x6a7021c4cdd9f1d6e1698c836227c7443d85a9b4,2
0x6a7023b7d08bda0f1cb712334f175ac34424a645,12
0x6a702b217f3ab7446b0ca3757b7c4a5fb4201c4f,26
0x6a702cc5de570f3f3685ab7cf677288496bc784d,1
0x6a702d79ff853ad79c62dcd803ab0cf74b4afae3,4
0x6a7035aefef4dceb64d517a3226a7cf08df65b9d,1
0x6a7038bb6659bef8ca159afeedf1f42d0955bb17,2
0x6a703c3f19d99545221c896279ff5bd69cfde556,76
0x6a703cd99a4f198d48150785d0e987356b49ad5c508143855cf038c30500e440,1
0x6a704388a6d38284451036c6cc25fc1c122ace82d7c9a3114e6f3635ce641715,2
0x6a7043b063c2e245579e7b025f73b09788995912,1
0x6a704663fc7789fb14fda021f2b5099b34b9ac49,55
0x6a7046d315408e39a7549c592788d079c77f266d,31
0x6a704a0e46dcc67a6316644372e261e8fb6f658c,1
0x6a704c17c4a1873a38b278395c6270ff329b6a08,72
0x6a704e16d5e71aca2b7db4ab77fa069c79c683b2,28
0x6a7050429012947abb3e8847ab99d305eee04588,1
0x6a70580bf4cb55410c4d9ae8e6c10a52242f8e76,1
0x6a705ac141b6be8a46504c49cf31b9ac221e3f2a,1
0x6a705bd83f0c7344ab106eb160bdb0aacaed0a45415f6dce906e51296e021748,10
0x6a705d95a779aa7f6e6c7262ca6df7aa6843c8e1,5
0x6a705ea6a53d8849286608ac2d9da15c64cdd8c0,116
0x6a70663eb842bfdfbc80cbbb31b99aa8fbf2a39e,2
0x6a7068345ad3b861d50778a5da6cec23a49b9ed3,73
0x6a706e0493b270e07e94320e93b92986617513a3,3
0x6a706ebe9700a96b4954c4030345d40ffd67f28a,1
0x6a70711e84a106a09c54d9ce6a21fc936e2b9cd1,6
0x6a7073e73a840c86a2a6c524fe2b010fbb74ab30,78
0x6a707d8ef9b796c15b790ed0495238782fa2cfa7,10
0x6a7082c96d0b93aae9ccdacd13701e054801363c,1
0x6a7085dd18f5bbbfe61d8af231e7a760f2d04b90,2
0x6a708615338824917c88fd8cccd4e9016256d6f2,17
0x6a70879209c9da5b857e0f03ca544c580e60ef7c,2
0x6a7087cdf7e6a79b9625336718f47b741b264bd2,3
0x6a7088d356e3b91e2bab0e71ed301d135f55cef1,46
0x6a7089dc93adaecd7044219f52435fcfd1f963ab,4
0x6a7089e61f05b408402e0ceb6622f7ecf8ff825e,13
0x6a709424df9308868aceae1f2489c09d42c8c1c8,15
0x6a709457f20100124c0956b2d6bcd2988995e472,2
0x6a709992e3d2737c412413372669385298e217274e73b341132ee42fe7e8a59d,2
0x6a709b4aa82b503c2fccf32ff1ccbf987ab83aba,1
0x6a709ed2541b24e4eda01ef8ee2942145b1b0520,50
0x6a70a25d3ac9ba7cc15e50a3ca2e2c43de0fa674,12
0x6a70ad2827ecbdc481776b96eb7862923e4ab5c0b6e40812a818943efb9e5217,4
0x6a70b144fe39d64832acdad5887729c73fb93196,115
0x6a70b2240182dbfbfff23eb0529eba31a681c3d4,37
0x6a70b434b008f15576f20af9d4ffd4c1fcb0543ce0ec28bb7f533cf8cc1510dd,1
0x6a70b4a3a8e0bc96058b5b31841458c670dc4bf38cc12772d8d9df50e5b599fe,2
0x6a70b4da0e7ec806ccaa740b199ea1a602227d9d,2
0x6a70bcfa9e06cb9887dfccaa5f57b6f4af185a76,1
0x6a70c4228c19aaaff56985fead5731b79ba4ac60,2
0x6a70c42cf31275bddf9522b61109faadbf8cf228,41
0x6a70c630037b99a9faff7ff3b5f131e73465a6b8,3
0x6a70d18ba3329e2af149f9095349881180036f85,47
0x6a70d2031e8818d1193e24f35917d360e2b1363b,4
0x6a70d606e40bfe626e7e88372b6f2950f1ae4bdf,1
0x6a70e4c34eb149138a06866b2c334d11b8910ca2,20
0x6a70e76a3a3df45b980e69935dbac8e732ea571da17c4b537cc5ab130b6011ed,7
0x6a70e86540143ba418ab8d7c0af39fc206c0418f,5
0x6a70ea37ea49ecd50708971ff590b2bde42c4402db2be4fab66dbd67da60599,1
0x6a70ee191e7b8e94572ce4f81b0f6b062acaf098,13
0x6a70f1981a60d63f15d9b2af23aafa6a25e9eb83,3
0x6a70f3a36a1ab2e762e8cf07bd86967ea163b430,16
0x6a70f4200e9b99fb71eee2a03287a32cebeeb00b,32
0x6a70f9d56bb046d12a2485a5bfcef8cf1c949638,1
0x6a70ff2085a136ea36c8fc4aeabb67f9986c452e,3
0x6a71025024fc2a0de889420c5088f045fb728472,27
0x6a7112dfc8b09f41ff75767f1dd151bf45382ada,1
0x6a7113ad525eaeacb977d1d24aaf1ed247fbb82f,58
0x6a71190f82f5ff6ad7a884949ef280bb2b09685f,1
0x6a711c3be24afd962583e43aa0732e9eecf1cc85,2
0x6a71261bd737de2f8dc2d924f2740aa83ab04ddb,53
0x6a7128faea59f345f08c31512ca298d997332a71,49
0x6a712a5247d49da13bb2a14043e9b8084a2b96b5b529bf47675d131be2cf1d8e,1
0x6a712e4910773b525f846aac70c6366d9f21e622,55
0x6a7138147384d3c642bf88c00795c5f286870d70a21a2aacb170049a88ffbdf2,1
0x6a71418c8b2514af879bfbbc27119108440be153,3
0x6a71436c6f35971b0db0b4b9a5d12e568b3e0a19,1
0x6a7146616ba3b080b6f15d04d88afed470e87924,114
0x6a7147624a2679a2118d0eaa48897822dcc24122,4
0x6a7150495bc477c5e290d1d98997f9e92f63f37f,204
0x6a715059b5783906bc4f88f9f322059e93bbf7dd,123
0x6a7153dc70cfe1624dc9590a3b61264aec2c9b5defb0dc75b6612d045e99d402,1
0x6a7153ee6634e0eb75859fcf90e02dbba5603f42,1
0x6a7160d7ecb031526db030c96fed3cd21aed1703,16
0x6a7165dbb3168db3631c0a6fcfa7eab70c1d7250,448
0x6a7167635c0845999659157aa1a29f1ec6ef239d,61
0x6a7168a867051149288254b111dcbc5631c8d7f3,1
0x6a7169bfc1f60f50838791f3ec476caaa8457876,1
0x6a716aa93c89f136d2fb7fb5641891a229f47447,100
0x6a716acf3feccb607c586af1c7963337b1f134c8,14
0x6a716b80aa85780e8e6d825ace547c83a8cc57e1,1
0x6a716fb1e65ecc2ea736fed918d944d7113b6243,25
0x6a7172e5e89e5005b4fcf0767790c6ca5a353c11,1
0x6a7174d0e67ddf2c09090ae1df8510565625533d,1
0x6a71750212d579449013b6a71b18696c65a79f22,1
0x6a71752fe3472f52bb84ebe9cfac559f97a4f386,2
0x6a7178349613234907b73c5ce1ca55dd45fd3a61,59
0x6a717e2ae4f467a23400d5a725118eab61380354,4
0x6a717f59d8b743041f0e9460f6cd0cc779723887,15
0x6a7186ae49744c372959eb103ca9ab0dac0a2ed83a79b60850a08f76af6fe4e9,3
0x6a718978a8dcf0053b4af526609215c55682d9a2,88
0x6a718b44a84cdcd324cc404444a76df6fc195570,2
0x6a718edb050e804bc39a19d844e278ab569ff7e4,1
0x6a71900ec3a3e4ce2bcd65fb38292129662f0271,5
0x6a71927277a3c8606f9cc838d903f6ddf2c900933906d57a1b2addcb701bb631,1
0x6a7195eef63e0273980a58a594131748517b59e53c93a66cc9bb5ad3f165be65,1
0x6a719734ab078cadc9499b82bde5d1cd20862d66,108
0x6a719d02d395dee3b78491053b1bd7f382ee0d8e,68
0x6a71a104a330739a436d91a822ad0cc6def180e9,12
0x6a71a25c1dba32712bf3b511d908b701cd474748bb523e736678d6dbb839e89a,1
0x6a71a305b52e279685836c709f05c9ca4feaf368,14
0x6a71a3eca33a26c32c2648c0b112279cda957910,1
0x6a71abb2684e617cafd99dec741ad9781d678955aa5ae444dd0a340a4edd7b7b,1
0x6a71afe0417559c573a9958f473253eca6aa10cc,7
0x6a71b46d7be9c8e79611b88eaf67e0b0ecb54b1a,2
0x6a71b850005875c685c08ff397f3402dd4f511c0,1
0x6a71bb16bcbd236e72469364c3aa950633bb6cd6,7
0x6a71be6cb7db18148bf9ef2aa8de10b798905117,74
0x6a71c0c73a538828fdfb4066a8017a8ed6b42d56ed117ad312188ab5b9cea655,1
0x6a71c17e926a50ddc29d8b8f584bc57819391d1a,34
0x6a71c201c2789f4a2a1ab3b6af688ac500cabc58,1
0x6a71c759eac005b6b5b0d125a663636dff17138c,12
0x6a71cb3bd65ba3c82ad5597f8ce47643244b4c0e,35
0x6a71cb8235013eb41e14a170205335610eaa0025,10
0x6a71cd1f427fd350c9784122ebe023dbf43a37f4,1
0x6a71cd2093782b35bf102d56ef3316cda701d1ee,1
0x6a71d079d8577f0f74d03d516245564bed181162,36
0x6a71d1856c923e08faed055e290c2ea67f7b9bbb,89
0x6a71d2d5301e62cdc83e7e67ef5bd155cc7de8e0,1
0x6a71d5e9d256ecc64daa3305efd4b6c7887db194,146
0x6a71d6495f01c8cf67e8a6697d351195bae19d29d6255cf27ecf7c0c0a10b15e,7
0x6a71d8b9f4af86523fc867634dca41d9385fc8d0,1
0x6a71d915eda4cfd01d3fb1edee6861dd6f268e6f,10
0x6a71de103e6d1ef993051d1c87905e5f5196e6448e89394c0f4325e00d652853,1
0x6a71de61f2e8f0f3d8aa8d6851d60693814d95e0,82
0x6a71dfefe36c60806fd5375c81eff6ab54c79942,38
0x6a71e1583646d2ec1bcee6d3aec384e6aac1d61d,50
0x6a71e2a86668f0ad3f3eb1bbbfcf3f758001b7d2,69
0x6a71e2bce952c6e5b9c39595de752ecbef8b576a,3
0x6a71e504c8d810318396762efa029e1120675035,12
0x6a71e83c525c2c07b676e5f704487f5651b61dd3,44
0x6a71e9d6e118d9375ddaa630b5ef40bbf6cc5fc5,3
0x6a71ec66d90efec7c980440a7ef8eb3aad54cacb47b674dddabe343ac92bcfdb,1
0x6a71f06a5d9d77ef763c10de60d3ceae1f76dbd0,132
0x6a71f205ea8ab9e9cf5bc0cce9589be2733f2632,23
0x6a71f33334eca1ab94ce4f8ca5d7dec9a64a343b,193
0x6a71f88e20fb941180e930523f973b0dacce0807,1
0x6a71fb052e32aa9e03aa84e94dcea628819fb92e,38
0x6a71fb9fee01eb863112715f451d7d4b8d55894d,55
0x6a71fcfcaff433d1006554ee749883e5cd66063eb0831a71fb21870006c5e63d,1
0x6a71fed9a182e10807febc5e6c1dcd37ace84ee6,1
0x6a7200624f38ccea40cf30a26882681a89fc9ea9,1
0x6a720258d2cc0040e434cd058f8fb4af8533ebc1,1
0x6a72035658c8c31b8c5691a9da2d724b41eaaf5d,1
0x6a72086ad54e69c6876160056bf7cf960ebd62d3,2
0x6a7211740352d407902cb023789cea99f42fcf4a67c6eaec198440336ef5a960,1
0x6a7212ca22f4617cdecb5fda74459ebee3a4cbd7,1
0x6a7218f198657bd709bfaa9f597a0522b26cc29f,58
0x6a721b9190740c253d1b57b04e5267532bf7a24488ff8d9a9838e5296862e770,1
0x6a721ee5088b85eec3d24f9c0fb06824d80ebde1c5705c3eddd312b129e8ceec,1
0x6a722276a021b3422d4b8af8cca11bb025b286a0,24
0x6a7224100856c00a49195a4477f2ce8749259673,78
0x6a7224257aa9b2af26e50e1d1cff3ab2ffa75654,65
0x6a7228867009992fd51bf21209d65d638414756a,2
0x6a722b28b7f8503c926cb346c9a15483835d88f9,90
0x6a722e037a7f6f6ec5607e78a24185c329f818aa,7
0x6a72305b87b39c6c10b2cb9a59191d0e49943188,1
0x6a72374d537b3e520e9a273498f05a80e192089d,87
0x6a72381fa498178f0a36be6aded157df16ca09c4,57
0x6a723863e6bfef34ea4db3d55cd4948a8196ae23a2b203b48bb04db4be3abe34,1
0x6a7242485359bc2cc294abc964b7436ba8026b1f,31
0x6a724515969dc789d7e5c70a81888a42a2585204,64
0x6a7246480286d22cdaf75d4aa49515168559a9ff,110
0x6a72492b2813b39b9e326395fcbdd99d893b0859,69
0x6a724cc552840a84edd6d4897367a9571797a8c6,2
0x6a725022085f9ede6238cdb0adcad291b638c809,35
0x6a7250491bdb011f4ae2f72ceab70e5b783eac5b,3
0x6a72561fa63ecc06befc29dafe05fcb181a5a83a,1
0x6a7256eca112a7d571c773211f286898f7b3d87e,12
0x6a725819bae3ce3da3eb7b34b9a2a85b1f37534e,2
0x6a725b3383f3953246bc2985d6dbe11e5f412d46,74
0x6a7261653dbed3c18755c089e7668150cd20f057,1
0x6a72645c60782da4eaf0415b6593a77786325401,25
0x6a72647a5c2d58ec48c204e5085d5a7bb592fd82,8
0x6a7267d4ab4a948cee62d0871f77bd192a157f49,114
0x6a7268596fc2c2b4672071cc4f194f1881afdb91,1
0x6a726f1a17b213e7344207f827c60a02f4c9697e,10
0x6a726f42eeac338b6cc35fe5e006485cd70e4510,25
0x6a72706a120f6c6bb87a393d08944aee93c6c6b0,1
0x6a72725fa66386e4866143acf7b97d1f0896dbf6,42
0x6a7274469afce95eeb0946295aa72ddb8d4647181036e1a1eaa30fcd4b711ab4,1
0x6a7275961a63d0be317f2c5d9b003b53691a6cfa,1
0x6a727aa9c9495919c27588a101653233d2c5b129,71
0x6a7280b9e6438e05f50b3a17716204b8678430883b629bd17484a1eddb2071c4,4
0x6a72826485510406a91c0ab7389dc8647dc9033f,1
0x6a728355e43598ca48afdde6d21f3e863421f1687ce737c229b6993721574f8c,1
0x6a728aea8d18c4e68e6608dcc98df4ce421e570b,1
0x6a7290794ddcf9304d91fab88b22a3c8a953eeee,18
0x6a7290e1c61f97f01f91aa832fbf7ea8f25f08a0,152
0x6a7292146647c3b78b05a1aaea98d40811a0fd9e,65
0x6a72950ba21b547686480e370de098c842193085,31
0x6a7295cb580fc77310f2ebcd2f33cfd9ca1ad0b7,1
0x6a7297c90dd607c751faaf8b39f631cd1a4dfe0b,11
0x6a729fc42e0f75d1e7cd74219cf4d22b37e3cc4f,55
0x6a72ab799ea60bc845188794adbd135230c167b4,36
0x6a72af9d30ec0ed7f672d640b727f1c6fefb5f54,2
0x6a72b10406a9776cd54035eab783c2cdebea1713,42
0x6a72b486c4f4a486a1add358ee53c845a3dbc3a9,5
0x6a72b75f51ddc43d5c1eb5202b23b3f2172999e8,23
0x6a72b7eb34251dd7df970069111e18020d1d6a24,3
0x6a72b831d5ab58dfb07ca526f4566d110e9864e4b6d936587d4439001293fcb1,2
0x6a72bb6f49b469124da8f7d0e09a43a61f58446e,21
0x6a72c076f0bd4d90072343449db042f9964174fd172cc03d9e7a421e70618669,1
0x6a72c0ba787cd1d5ffcf33e0d91fe7b3b00beaa9,9
0x6a72c567c4a40400817334a00235dd10196a1b64,7
0x6a72c68114fdb28164096d2ede1ecf97b03fd41e,75
0x6a72cc5e4cb8e6b6b1371eda77acaa2bf594c5d4,17
0x6a72ccd62b969b739446595c5363b5561c29f677,1
0x6a72cde17c63d07e1a53c135a8f9f1518636b209,1
0x6a72d1881a84093a3977cf70c7b798e534b90f9e,8
0x6a72d3e23020769ad62294185662c96884b081ab,3
0x6a72d457850ad3c464ae269b988f0c5b2c3d9d1f,17
0x6a72dc47a35fdebae721afb4ff2a195c478eb6b3,2
0x6a72e0005e703ee89507605b2ae00bb074072d86,36
0x6a72e2a74891ce0e8faeb46b7b7e6035d84155df,5
0x6a72e5c6e29b3a20e7198d2676388f3aa8caf3f1,2
0x6a72e5e7fcdaeddc0be395a348b53790c95188e4,11
0x6a72e8a4175c31dc4c4db0d495ea3752eee6753a,1
0x6a72f26e89ec8c514fe26c8ec8bc9159d78fa8ce,35
0x6a72f35afda22f8cc1041806a8ac5be238a8eaf5,73
0x6a72f380253d0781fb209dd546eaa9891b84a8f5,1
0x6a7304cc78c8d18fb294462c0c1639ae1e1e47b2,13
0x6a7305975f5f3f5c213e220ccdccf29fb2bc9dfd,17
0x6a730db41475d89d742173e25d4e914f4ba2b565,4
0x6a730e38dc3f9b72b2896b9afecd4aabf04393c74fefda5bdf8d71096ae4a590,1
0x6a730e75ba2f1e189c02031512bfb9466922967c,6
0x6a730f812ae754b4448ffba5aa0daeb41401acc0,3
0x6a73134356414151e9009153650e1f3df80cac04,106
0x6a7316d2ae87ed62395b7a31e7999166a310cc4d,28
0x6a73191bcf6e2efc9a02dd6a01489c46bdd32d4a,30
0x6a731aa1d86a79d6341e3188a047557b3334425a,35
0x6a731bb73a699afbdf701c31d05204ce7299a305,1
0x6a731fbebca40468adc5a939f0148cd7388b044096a2800bbc02430ea0e373b4,1
0x6a731fcb03d1adc7f233502c37fd322c420fa39ffed2092d8d7cc6c4de9325ee,1
0x6a7324720330ee4ae97d7eaf51359018569043b8,2
0x6a73257039e48f0e67189ce4084bd0de243bcba6,52
0x6a73262af52fe83f36573f73bd7cdfeba717e44a,7
0x6a73266600a0c845aae23c723a4eec2907a08d1c,17
0x6a732ed178bf0fa76ca7b0b0ad54e44c5d347dff,1
0x6a732f8f58c08a5bb403a46d6c7f11e6957035da,70
0x6a733122eff2d7eead7a63f5353848084aeb5bc1,1
0x6a7335d2420d66bcaa48f33b970e419c01bcbf32,1
0x6a733b382a53781f80727a65282698c15bc2259d,146
0x6a733c4a4ea28f4092c5e82cfe3fc2ad43fceee2,5
0x6a73403c57e4c8aff42829fe0775334cba05912b,69
0x6a7341be956c543ebfef980d68be8f9f79fa7670,99
0x6a73436920a2c584c8fd7108b18c41194216e11b,1
0x6a73444ff33b0565fa755143b056960415489a16,32
0x6a73490ebc98659ff6c8efbf3bc20a43cdb07067,12
0x6a734ac55b7c5df15902784784509439486369b3c64117684a3fbec7f6bd1bc,1
0x6a734c1140bde53ad00e2dcde2fadda761c4e487,1
0x6a734d405f645af026f72af7fd0f2106af2a07b3,1
0x6a735648ae5a53d37dee273602450e1f61b717f8,94
0x6a735863887c9742c883719208899a8f1d9de49a,10
0x6a735bdd4eae667c7bfb2f22fe019a6385a0f57e,6
0x6a735be122635eaaf601541a00c66602150e34f8,7
0x6a735c603f435476507166faa741b0002e8f794345b3157a8dc81007fd03e2a7,1
0x6a735ee3317d71afcaf23c8131fc9fffd6fd8631,40
0x6a735fde4d64b0ab943246198447e50a963b237b,1
0x6a7363d25c21f7f921bce466685ef846edef6778,1
0x6a736444d42f0f4a75373e38847ef1691a6ee3f1,2
0x6a7367c9917c88c9a8dcda746d15b25cb3d90287,21
0x6a736eda88fe0a745aa9f27de90263dfddd67e23,14
0x6a736f718fdf9586ae971df47782304b82b4a163,2
0x6a737046f2a0b944417f7140140fe9b79e66e1cc,21
0x6a7371210086ee6b5ad6a9291aa8655b6d1d1141,164
0x6a7376dd5ad409bd194c29b56650fccb4da49a39,63
0x6a73783dfc878acd104d7768f87c6f4be65e16b36d330e48690052318e0f3e97,1
0x6a7378b2f712515928409c66d99e2b123dd82665,3
0x6a73799b0f5698ad059bc09b9d1ffa21afb616f0,66
0x6a737fd76916f1e267345595851d6aec728714ceac55cb98baecb8b7f9053a42,1
0x6a73873f88bf6e26050b7c75b5e559f1aa185c62,8
0x6a738a5d783155ea54ad0e88fcd3bd3ef8375830,50
0x6a738c309beac3c68ef8f50f3c5880c97dbc7726,815
0x6a738db8f350102ed063470c7c86e92e3d3d12b2,47
0x6a738e1ee5016ea672a05731aca4e284c5b99bdf419f7fd9e457f68f48e763af,1
0x6a738e79a9fe043102484601d39a0f17345f47a1,40
0x6a7390af91d016369fbb0adc7c0880bfc1f8f759,36
0x6a739195178ad91a4f567ec2c9b915ba07e68c20ef5017bf6d8bcd0e6965391d,2
0x6a73a18340e3b5d348911e2c435f8f01efcd3a78,2
0x6a73a47598150d6ecd91dfa583802adbb07bd1fc,33
0x6a73a6c3fe6ebcf210c1692e819b997af68b8288,1
0x6a73a71ff6aece8bfe305b00825b49a815b4ec3f,6
0x6a73ab1e8fde96c61285e278ec37b00eabd3e707,1
0x6a73ba8a9c1cca32af68e292ee9671ec36cb0e76,4
0x6a73bb18a9224d0814e331999c8a8595a3a3f026,3
0x6a73bc570a6c1ebb6cb3fbcb7ee24c348b12828b,3
0x6a73c00bec3d99153256700b1803f87f780761c7,77
0x6a73cc1efbd630cbae1db93020b96dbfcfa8e15187c159c6ff3d37512d82d128,1
0x6a73ceed5822eb8ea6247fa8396f2e8cb6b9a5f3,1
0x6a73cf671d082663933a617fe23566582bb71b46,71
0x6a73d46f6bbef320f62d7ecd4731e82d0e61da0d,46
0x6a73d507ffc128b32634632432cb77e5d2a8940a,38
0x6a73dbe435869996f71aa635e63a1a1a260d46a3,1
0x6a73deaf6087ded4964a438c73cc1ff7e36ff05b,1
0x6a73e385d57fb27c0bcae88650f1c8b245c9a988,48
0x6a73e3f6b27a8b4fb7877f8497864ee8ec0fb02b,21
0x6a73e43223e9415839d49b013ac94f76809eb80d,36
0x6a73e689720455a8aeff847eeab1eb4027e5bc92,1
0x6a73e80e7b4612e5869aad06e69e05398b6249d6,74
0x6a73ec2103177648577a85f65cbc22684ed479bf,45
0x6a73ee6c0c754e7e9709cc061315edd631b67389,134
0x6a73efdd7fae982514594d790d4b567dfa6ff4ad,39
0x6a73f55bdf562ced0d3c4b0036657e1dba263bd3,5
0x6a73f5b02e60807a14c24f31e8a13a20694923dd,1
0x6a73f64cbe55e0422647a762fd6d68b10eebb32b,1
0x6a73f822dfad11d28aed425a3f2af1d96326ac70,32
0x6a73feb3e06784f99713c925cc21643cbe42d327,7
0x6a7401e8d8a6c8aa531d2239710aa17996e5aecc,1
0x6a74058863bb11f17c7647227a60a1b4431cf532,4
0x6a74066fac9d7cb754c96a0652e8adcedd2a7380,1
0x6a7407dcb2a159c67cc476c16e9629781423fee0,66
0x6a74123e3196e41a2e25f979bf9aa519fd68d226367ab0761d7b17732a68c446,11
0x6a7415b36133c6c3957e4772b8009068e170c648,1
0x6a741e2e864212a33a31ef6cbc83f1f604fc0ea8,22
0x6a74213991bde9fc385870b60e66c5e342ff6042,2
0x6a7422e7754630222ce609224e8a6ff26d400aec,11
0x6a7428edf2900cb8e346573b15b91aa05d9925f004a63b0ab3a58cc6e71f193e,1
0x6a7429ea739804079d70496147c8eb633fc8706a,44
0x6a74338b43b6e642ff0af19553783239b05e5fcb,1
0x6a743471978ee6087456e6cecabbab09097ba2bf,4
0x6a74433d8fe7415ce833112f464d65bd22124ff7,47
0x6a744b64abc7a9acdcaab197d21ab80c124eb08e,1
0x6a744d83188ecaf7062c4f5af8c4cfe88c65594a,5
0x6a7455d33f01df3256ce2793415327bc5d8faea5,3
0x6a74564e6bdd2582f31711dba0c0955f4a4aba7a,3
0x6a746192d4673ec12f6fc5919d377a74c56de830,4
0x6a74621997bc3c39f3bc24fe1db9b9dc13d1d69fa286c23a6fbc05f90d158041,1
0x6a74649acfd7822ae8fb78463a9f2192752e5aa2,7
0x6a746670d3d0b69c9e9409c4c9d21b5aea50bf4f,19
0x6a746acc94e6adb91e47c030f610eb0952bfe166,4
0x6a746d0c7037930a8f010e931a7a2b9d892fc402,80
0x6a746f4da3d5ec55903304d4e0c53d635b50a3d5,13
0x6a7470983e97b86034c1b45b0523688a5b078c22,1
0x6a7473188ca736a96c23f20a5ed66ab47ceb3c2f,5
0x6a747887426ba2371e915af3de5480ade8c60cbe,21
0x6a74789e512a45c06f1c3148be3561630048516d,1
0x6a747924a1e1c101f1c99aaaf0349961e7038ee2,5
0x6a747a1ee9edd03a73d4e709cd019be871697357,5
0x6a747e0e54224b050b88b06123790f7a916f640f,44
0x6a748000b80fc3e13dd7aa88633af7fff9d16694,114
0x6a748669ab37fff71cdb7931d792e3b53d972beb,16
0x6a74875bc79fb2b30dec81f2bad571a0f124036c273646e1c1a3c44421a585d1,2
0x6a748c9ba37a9cb778a8cae42870b2027c8bceb4b5f84cdc6156312e6bd180be,1
0x6a748e3da2fb2721b47ab1ef28e85ff25a394cbf,16
0x6a748f850b887da347dd76e12e075a6f4aaa8bca61aff14f012c5743907d2aa5,2
0x6a7490a573ef3a5d70aff2380f24d32f47d68df3,1
0x6a749bf46333f8cb311e7de849c87211314f1401,2
0x6a749cf1e2ec38420dc6e766f4c318b793d6a908,74
0x6a749f3f5d06497bf8991c0b0b54fdf8c52417dd,3
0x6a74a5849f7ea885e5e3b23677c44e9dd2de4001de068ee0dedc4e651e7caca5,7
0x6a74a5f39f497121406cf8b10c8c0bc5107167aa,66
0x6a74a6d10b4512307790c20ece1d1018d7a5a100,14
0x6a74a8de145377dd537fa3f8f21667835cbb8a52afde43a5015bd875bb7d2c5c,8
0x6a74abff0746f36f7b5308f1b134d3712a322b47,4
0x6a74af0816f8d5489e8630472cacab834cf235c2,15
0x6a74afcf02ce25bb51a56978b16e09e17da8d943,36
0x6a74bac70dda01dce0c54b89d2b8ad8b20691d1b017c1e022be7739516be8242,2
0x6a74bc23b406c646b854cb3482f439db0cbaf622585f50d55212bd2bcb33b4aa,1
0x6a74c0221500d60770c1f10095b2ed69f06c6cf5,43
0x6a74c2d9aec5752daf68ee43036016905dad8292,3
0x6a74dbbd21389c946589f77a3c332cfae644fcb6238af57452556c0123ca177e,1
0x6a74e3ecc9f62ec941145d47669e7261272cadd661a94302931b25115a4a1a3,1
0x6a74e7ee7d519322264300ffe20167b1902d9bc6,4
0x6a74e89b79cd1d2b4100d61e04884dc3fcb4cf0c,3
0x6a74eaa4c8d1a33f8d321932b14eacce2ed49bae,1
0x6a74eaff25efc5d2742227c041f9acfefe8b61b4,1
0x6a74f6cc176b01eab4f7b3937a19a9037623672a,27
0x6a74fa79177545c79b6a77a45f34670932d326b0,11
0x6a74fc59132fc971e49e6d21e8df751d8166d74d,3
0x6a74fd5a8b55ecbd265bfbc34718c78a4e88a6e7,40
0x6a7502835ae3aa01d2cab0ecb00a29061c250945,3
0x6a750336778ad2a8446c05f4cb623b69c98c27f749aec0d884c262cc96339c9b,1
0x6a7507970726809f79950d2cee4404b53acbd07b,14
0x6a75095722baabec724d800f39ea004f58b2b7af,2
0x6a750a15ff065660b925e3087cb76a7303c2c3e7,1
0x6a750a77e7ca7d971e9fea875417f0ac12fa2f23,12
0x6a750b76b4b2771e52815575ba4377cc84b74ac8,4
0x6a75107242e6a1a44ece6acf36343e775375b5dd,2
0x6a75111f0afc146088ede03137d902fce1935cb6cbd79885ac631d94d8f7cae5,1
0x6a7511501194cf67c973ab15e30ebd6beeb6338f,67
0x6a7515768eeefda5218332a39cc49403e7dc946a,2
0x6a751a8674675d0004c4804bb68d2771d822103b,5
0x6a751b711aca3c188fca7f1cd47e7493d1c8b655,30
0x6a751bc1a24d440524a9f451c9a0636b083c50a1,24
0x6a751c30854d3a812a92d09a34ead1513fdb2c5a,17
0x6a751d341ee05e0684fd4583d2281e5dddc1d256,4
0x6a7520162fb63daa5553e323972698571afd48b9,27
0x6a75245bfc4c7a39a7e0247e795af9f886af6b2b57eea7c3b6c8bb7f0a3ef38,1
0x6a7527889a8a54139638ff6c862c5820e311711b,2
0x6a7528f0cb78020f4dfd5daee86f3e93a4efa248ce4202e96248ad7deb0742bf,1
0x6a7529b9bb4e53fb9722cde302ae1a0cf2c58c16,42
0x6a752bc7daf72c5d6ee1f0b367814a0dd5622dc1,1
0x6a753c61a2cdf8d44e468c4c0380d97d611ed9e9,1
0x6a753cc013791537ed70e6bd0917a4a6f80ff8036f25d095225aa8076bcfb4fb,2
0x6a753ec78edf5f12a354cc8802f6b2746110e387,22
0x6a754038ec66ce04720bff952471f9df71dcebe3,2
0x6a754085ddfae47ed00b711cd46f6c94872175f3,2
0x6a75457db85f551c71e54319102832849e7cd6e1,2
0x6a7549370c250c4abaca70c0fbdc9b8da508e11d,7
0x6a754ba82d22263b4e828b2123c3078914b4843d,41
0x6a754cf454d3f4dc0f515cfcb2cd2e42c83a95c7e284ee79ad0f156b53506cd1,3
0x6a754d5f8c61093337beaa55f3fec225211ff8fe,6
0x6a754e68eac3c3441692c0cc6752fb3783fd6c881e3066c818580b7a788ee829,2
0x6a754fed3add3d7dac5dfecb21f699b400331522259aa70d5ddd2ad9eb0ad69e,3
0x6a754ff0e849ad3a35e38987d3c025b9755c8b20,12
0x6a7552fc9664b0bdd5737ad40cfa341b87bce79d,3
0x6a755502a0fa0dd71d27e8795bf1e6fe95630369,16
0x6a7556523a5952d6560bde532bf88e0c315dfd8f,12
0x6a7557663187f6745d1b131c9c014d566eb10e63e5237aaa00b52eb5967d4bce,22
0x6a7559083de50894d4f4855f2f37a057fc9920e5,3
0x6a755af22c56b5670c690ea797c334ac7075c663,40
0x6a755effffded8257988e9db35220d64485f34db9223c3d36022483542896c24,1
0x6a756241b55e4ba1784fcf07e087719394f9d138,39
0x6a7563902cc513fd8b9adfcb1ac28b3b95b613ab,7
0x6a75644e4f6af7196bd33293c56f5357d70b538e23ef5b27c7fa6f4eef403f14,1
0x6a7565617422737bd121fda2c4e8647a64a9e503,13
0x6a7566911142f170ed1ac0941ae9915647fb4386,1
0x6a756c9be5066dae10305403bf2ae17f906159c2,48
0x6a756e66b9e0636ecd2d0842536bf70e857e722c,2
0x6a756eba58c92a557a47188be0d2da54c9e646f7,1
0x6a7570978cbcb56508491c273b1110715620a3fe,2
0x6a7574403423cdef827f5883d8d7f877e70424da,38
0x6a75754e52b9107a68b0c5540d243a8fc289f4dd,5
0x6a757c28742dd979e0c10cff58aef9ccb5b702ef,1
0x6a7583df3bf7d5c87795c0365d824d137136773b,1
0x6a758e42d19c2888e12d9fb7d5dfd672cc3c4839,5
0x6a758f44b1edf61d27dc2c23700e74878225dbeb7fe692304a377e36e6d8497b,3
0x6a758fa5f9a30261b3731acbdb2388950d496b30,75
0x6a7594a715c9623665613f8b874d70cc46cd4218,3
0x6a7595460c11f362ed05c6fd4b389129e419ff3f,4
0x6a759690be9dff32f420f9f8bebae88a5bf4d038,81
0x6a7596bb8c9554c8465842f607ffe66f641c0728,72
0x6a759d8763cd0a5fccbb173cfd3e5e3d8ab8bee6,56
0x6a759ecd665bad67878b2c5db2d392f86078ffa2,11
0x6a759fab8f48447154c0d2385b9ab2682ef1c73f,10
0x6a75a1246d2ccb3da296bb020206577541db899c,69
0x6a75a4a367dc452e8996c82643c59e87bcba02ba,30
0x6a75a8f7247aa3b1d09d85dbe6a6c9a8883eaed6,1
0x6a75aa253671b64a645b421c81f75e795db7d4d9,1
0x6a75ad62d683b597786f6e6aa8257e7922ee93afe24a185694a0ca44abd82063,2
0x6a75aecc7da2d0e490724fbe23287f0c94eb4bb5,1
0x6a75b0f1cbf3730c1da1798ef06b5124b9f7c13d342b85918b915263fa1e1a87,2
0x6a75b410ae78903bb7dfe775e5ede1797814017b,1
0x6a75b5732488c97036b02885dee77c57a012f03b,10
0x6a75b7350060691021283eddd190808d5f939157,3
0x6a75b8c32826126ba98ceea8a43e6929b9ef9cc3,37
0x6a75c48e5325982fd3310e6b99eb16950da1fb9b,4
0x6a75c7e2539555031716bed2dea52b199fcf5446,5
0x6a75cade49ec6bbc092c52d2a3c3722bacfca5af,28
0x6a75cc18e821fac854e087ce57d1a3630d5d4530,54
0x6a75cd30b243ff6887e43a2773c8e6a4cf3d930c,75
0x6a75d233f499211a679d0c1de3b32411a2d60094,5
0x6a75e082763cef697119b506763f0aa7a31fa358,1
0x6a75e251215921a9d8214d25fb83f327f74c459c,38
0x6a75e908eeb3843ab00ff7ef5878a44ca82cd28a,50
0x6a75eb0a86cebebc72395f1b011d9ffa09f0686c,52
0x6a75ed7ed12464abac86c6bc9f9e4403668a6acc,33
0x6a75f1bbb5097d0b41653f2ab56e83ae8cda59be,1
0x6a75f52f596f67bf458922b298edb88cfa30c24f,2
0x6a75f587db3335e69abd4d780cb03a4a83120ae9,5
0x6a75f63da7c2bc77871e0558511725a5f30a6d6a,4
0x6a75fbdd5e357dd8a0cdbf89eb1821ccc8a86f43,1
0x6a75ff52a3cc64a11117bceea14dce326889c564,3
0x6a76014e45137f52e67ff0d8ce405e12b8de2ed9,27
0x6a7604bfaf117595d31ab461e248b5b8fbca06b3,2
0x6a7605d00a88e51c74cab9c19053282b1f78c8c0,86
0x6a7608987c30908c458fd325304c95ee055ddfeb,59
0x6a7609737fc7b20f74f36e3cead9b542ab164b72,1
0x6a761021d3c7823f35279d23e5eecdde6c7ed309,32
0x6a76138fe9483ad5fd72813d6869ebbb17cf9b33,1
0x6a7615a610f9ddf0bf14212bfd296ef474b991a1,22
0x6a7621ebe45c71bee2e66078ef0148cfec1360c3,1
0x6a76267c879975b0c51e3d0cf882054c40633663,4
0x6a76299fc505bf50b14611c919b4a15d64f9bede,8
0x6a762e86c88709fcd731cf428e02c805a9a1c2ae,2
0x6a7630f5e9cd67982a84f31a65d599373d419efc,32
0x6a7636d412476b025284331d9a0f6fb83976d319,19
0x6a763aa6ea30baeff17152e50c9c6506705dbc75,49
0x6a763d6ac74bfc3521d634504bbe70d23ef80964,1
0x6a7642a71381c4874e6dfdec465ba66c418b0aa6,12
0x6a7644e7c66c7185336683538519f5af03498d6e04e792ccb270533ce5b27f40,1
0x6a76481903feb77b97f63f1f6c5667a28ac97ad6,1
0x6a764ed8d9d833172a6530657b63be2ae3726faf,9
0x6a764f646a43f63d98d3616a8cdc52d2841d077c156768c2f5ac2357a9068b49,2
0x6a764f6c7ec1620521944adbed9e5aae3fa3ad2d,5
0x6a764ffe08ef80d3a1d4bf0610fc43f18299e073,19
0x6a76518a7289bf28538a4f6695910d22b58075c0,41
0x6a765322c5fcf8f3394d2ff993a86a4a1d5c19ef,37
0x6a7655fa18aa2e672f6111677554db39acd76c8d,15
0x6a7657c38b2dbbb97320cea44ac6d0759cfa4551,60
0x6a76599e4b1724ea9fd1d7534a9ac2d5091c4cbd,16
0x6a765a5e4c4b2807bd25127fbb89f58effc3db1a,48
0x6a765d43fe827f5fe5512c583ff52852e21aa25d,38
0x6a765e2e2d253431f61e87f7ffb6620de1b23f0f,22
0x6a766018ec282336b4e4779bd717faa95585d1fe,7
0x6a766235ac5a5b1cb217cdc00cfd49c33f835464,13
0x6a7663aacae0196c0cc4511c49897f1c9a417b5f,22
0x6a76660fdd4a682f2a6fbad3e46cdc12024c72a8,2
0x6a76670e06d4f24153ea88887d9afccec91ac05e,11
0x6a766b4320c30f77edc323cce91f44305c8b8a7c,110
0x6a766b72899360238f5573d9e7790bd782db6bdf,36
0x6a766f07a2b4995375eebb4e4368c574d97caf0c1d7e24a10099e5717cb5b6b2,3
0x6a766f08225ed8b6b51e39d074df0da2da90cdc88d7addccc08349f08bdda9b2,1
0x6a7672a67a2bf491d7de3c4dbdfd27721aa091c6,7
0x6a7676cac2320eea7adb4e003c332d913bbe9b950e9288ed98eef4d042f51300,2
0x6a76798ad620c7fe07c1078ddeb63fe8d0e3abd1,1
0x6a767b72753ba3500090851bd29f80ecf189bc21,29
0x6a767d9bb64fcd432722ec6d76ac2cf2ec52a733,1
0x6a767ea7db003e8de5dba526f0da0716e44a164e,34
0x6a7688b2f72915eeaf69b293e0422f8b306e6ed71088f1d0086273c3d2d27cd0,9
0x6a768e2efdd446bda3f98dddc73b26183a03f26c,3
0x6a7693cf68d6e89899fd56ddc1a8963093fd3134,1
0x6a769513c1653531690415ac2aa34089f7a408e2,6
0x6a7699cb3dfc49db48c9ca105bb0ed3776361370,1
0x6a76a189a4a85c2eb2afb5d897e68afc59269fe7,3
0x6a76a3c369837cc031d14445b8ec4cc8bb49e024,25
0x6a76a4cee5682ae7856c3ea6b622a0c3c564efa973f34b5f08cc720a1857de17,1
0x6a76a72bb372e8ddcd1f0473661b44214d0ff93d,9
0x6a76a8872019b02411fa4154ab81f617afe1a7e1,1
0x6a76ae6f23b3a2f98020be58993acc2f3f6d2b54,157
0x6a76b30611d7d2d1f02fe0e2954ca3c451340352,18
0x6a76b56001e430032e88fe26d8434ea671e0d5fb431b2d3a20b6aee5d2da3638,2
0x6a76b9517947282a4e91fd3ee6f8a57d5239e70d,1
0x6a76bb5854a154a56e9a9a7f4f5c38d66e0cc51b,16
0x6a76c385975bf9fc9cc4816a22096a206d8ec640,8
0x6a76c87dbac6d32c9ed6f5b9d2e8339e9cad896c,2
0x6a76c8c1c50f863747da82700fe5af5eebbbd8ab,69
0x6a76caa59e50742d3b654c93f4af667a734970ee,14
0x6a76cd3318bbcc774b6abeb1f21609e24793afed46d91206e852bb715f0113c6,2
0x6a76cd965586468ed4b384c559ef8c10ea3f4e1b,3
0x6a76cebfb45e28fc134e181441defb1178253ce02454818f0eacce6fa0b229b9,1
0x6a76cfc16797a950ff1033393a035129dae02fe2,30
0x6a76d434d2700275704733949253a51309f4bcf31268c1df4506cebb036d0465,3
0x6a76dbbd42f55a65d20e1ed0ff2aaa6b82771e2a,15
0x6a76ddc94847ee32d07ecfa9fd511833a22d7d9c,2
0x6a76de884c781fdaa71cbfbb8ab0825f11a87369,30
0x6a76e18e93b0ca6fefe2e3c58fb96a5bb8d18d7a28c88a3617d4ff8461c8fb91,2
0x6a76e3da5e2a668c6951836e7b0bd1588808c14d,76
0x6a76e9320ba5740a0fe4cbb72e7040028c049add,15
0x6a76fb129573ad27f007dcc9defbb8f6d4b150f3,55
0x6a76fcf6419afc46bc59be7a9240c968fa6c1d7d,24
0x6a76fe6c0c3808f9be222b3b5d4d35a845cd937c,36
0x6a7708f32ddeb2787ff401ea056a890ccf7a2fe7,44
0x6a7709016282be603044e6f95a400c7e4aef3c7f,1
0x6a770b55b37c07ad2c1d93f5e7254a91ccb467cd28a2a2accad6dd1145b7451a,3
0x6a770c9ee24e7371102a74ee3550ec0657a928cd,1
0x6a770d0f6e91dce0289341b7b777c11c31bb810b,7
0x6a770d1f379c99392d49db574ea6b512190b21b04da3f55f914da065f046b4f4,1
0x6a770f64e1ef9526289273209005b3fe41c793d5,1
0x6a770f75a66609d5578a8d9b1ef8d6867d254127,167
0x6a771128d5c410597756058bc8428857d33ceef0,2
0x6a77124a1e84e45ef6e038a4450a3dbcb588e7f0,1
0x6a77186f366f2ea673f6291b8504e9564834dd87,56
0x6a7719cf56f5236bf1aac6da864424faa2034f66,3
0x6a7722768edb78ff16e16875a9fb99b0facd4aaa,1
0x6a77265137beadbaf3dc300659135fa8e27aaa2c,1
0x6a7726e14ae3068917cf9c25f585df042f3a7f5e,3
0x6a7727ccc8247897098f06f47e9ca849e35965a2e46e76033cf7352174b9080d,1
0x6a772aebbc8bdf20510a8696137934e3cb80cade,14
0x6a772b216683a7d2a0cfe4cdb73e2d4b72b839d9,3
0x6a772e9a4f30d3207fcce2b0a6c443874be52018,5
0x6a7734c26df665767d8aa65ccbb0af0f75df9322,46
0x6a773618a1fa4d118b5b6e94d13e9737637322a8,1
0x6a773bbd72ba7a57ec1348c09a9dbd2796bad62b,1
0x6a773d2a5e7993f4d26dff5f69ee5b0271586510ff50d1cc899d93e96992be3a,2
0x6a773fe9bdd5eca9ea43231622aaae9190d8f52d,1
0x6a7743f2382e6ce1ee367accad6102afa46ad71f2a4525d868e3d6baf7dc980,1
0x6a7747883f895e7f23f085ca09a8f3abe0643f2a,1
0x6a7747de03fdf2a2860f4ee2131fbda376aa08c1,38
0x6a77486946c2b2f75086db1901392c9a7af3bb23,34
0x6a774a0327ea4527327e7e7993417fe5b5da4bfa,2
0x6a774b646687e46bfd26681349b2ca81e87fe3aa,16
0x6a774eabf040e7fbbf5fe58ec7ac5b1cc415c1c4,31
0x6a775060fb64f8d7fc397757fcc333e51e84512f,15
0x6a77512c4952d39ce593b9be62491515eb0bffda,29
0x6a7751ecd4f86984fcb774764fcb726fdc7d66eb,2
0x6a7754e0ba6d6af3e379c412fcd5edbdf860ec89,1
0x6a775745f896145fc2092c21747106d1fae8be77,6
0x6a7758049e91dabd6f621cd9b1c81a1e7f659f27,2
0x6a775de060502fe49823ba733198929df869ee50,4
0x6a776a2f7c9c49faa39dbe876f714f2cfce62c5c7252eeb220ebe047e9ab898e,1
0x6a776ad75f80876a136fb70a8186f253030e7d31,26
0x6a776e4b9cded0be88993407f46f40c0163b8e59,1
0x6a776fe9f9d307fb9dbafcbef794e056a67a6d534ee2dbc4712d0879cda56e74,2
0x6a7773b5b771e7a0c2b680b60205b8c2855e965e,2
0x6a7779d7bf85af45ff0aa398625e574f87ab58a3d7dd75b3e1f89bcedbffb98d,2
0x6a777c5050fd2cf25a347e37e05d8be4beee2c29,20
0x6a777d95ab49fa7a771dae905c10f53be151d67f,25
0x6a7782d555df53dcd18cfa3dc974da87cd0351fb,44
0x6a7787355493f1fc0d48a868d81253dfc7a50204,1
0x6a77879fac4a05de41a58b99f7492627658bb89a,1
0x6a778cd3e54ac815cc633885c639e571aecd3574,37
0x6a778d8593915fa8763ba574d813c064dea801a2,17
0x6a778e61edbefcda241ad6370e08997583e7abdb,222
0x6a778e76346d54428d185cfe17c6eec0c765a4ea,25
0x6a778e771b377d9b2e4f8a9c1ea61e7e6503a922,1
0x6a779149cd5bae586070cd21e67ba9b08b12c3b6,33
0x6a77a2269f0518acc5fd73fdc00d6155ec4e017d243c7f8a4616c50daff5149e,1
0x6a77a5078b91481973934c6b4126d16c5e574052,1
0x6a77a6551263ded19d0626d5be347eee3bc836a1731ea46e299fda66d76b4eea,2
0x6a77a9925856bcb15d84e2e279e50f365eb20124,2
0x6a77aa2ad16a8da1b451845da95c45d14477604f,1
0x6a77ac45a6d4b5d40f45386789381efbe9e12cdb,24
0x6a77b1382ec52d69c57f26b2c7020130b0c13424,1
0x6a77b2ccec3c4903fe35378c2f19ba53f244a1d8,5
0x6a77b305de4c17661371af7dd66c7bfadb3e4f18,32
0x6a77b906b909c0891cbc59677d6c1b0a1d413073,1
0x6a77b92e7f5bed3df7f17b696af87cee9f524668,57
0x6a77b964651f356756217d59e6760b2d9813377b,13
0x6a77c0219cba45a1779e738a3992908fe20b1f38,6
0x6a77c17fb68cbf59bf4a5eb0c13c1df52f243e9c,4
0x6a77c4329b0aecc493e25099ba1e4782fd266eb8,1
0x6a77c766777e67000009e1e237b66180d3a2d259,1
0x6a77cc95630d66f9edf7eb7a7c1991f3153140de,4
0x6a77cd13b4bec14fcbdf39a6c85a1ac99e92a3cb,29
0x6a77d120cfbe109b8bc6e24ddfd8c2a5a035dbe1,24
0x6a77d364f52347eb5a6e20260c0c2b7f583a696a,1
0x6a77d3b9d95e7b41583721bd39f1155fcaabe718,24
0x6a77d5b3f8e1ae90395e0dc25ec18539e3109dab,2
0x6a77d99dbe77d5bdd7e11a8919fc7f18d8c3e619,13
0x6a77dd5423ba81764247a826eaa6343251d60bf2,12
0x6a77df17396c167f66fbdbd7b6f4ef68a88df2bb,2
0x6a77e1ce9488e1bb9a0ef1eceef7c89fc33d08c9,1
0x6a77e32ed10e28b50a594673fcfec0c9e1d93add,1
0x6a77e36d6c1eabdaeea52e54ba4af7a5837c597c,1
0x6a77f37453b9e5681dcfec87f572b13367ccf52853e94a0a5106b87987d3a985,1
0x6a77f42681d6cfe2966636085a66962d188dddbf,89
0x6a77f68cb62896a421e688ad4de65c9bd38b573aaeb3c93d10104c6b36ab8ad5,1
0x6a77f917eb8967e017d48790f54dc695a3bf4428,5
0x6a77fb0ff02789199d6bc686960d203dc8ad4150,2
0x6a77fd177c525f51706458bb8c4218411c786314,7
0x6a7800fe9132304a2a4c19a2d5b0b2aa7273b999,4
0x6a7803c2ed6f041453f19e56103a8561de12702b,64
0x6a780a9f3de3e1890db5ed27f064c0253e51452b,33
0x6a780c210db83b98cc4f14e654de730306e3f890f03f917ec28df827ddfb8a3c,1
0x6a780c771281322c8e0bbab55b935c1bb70f66ec,491
0x6a780d6a58a9bee60d9b159966c6ff7941e15505,12
0x6a780edb32fe61e5e1a8e6e1ca523f319465a9c987c7a52e8a94cc87a89cbb09,1
0x6a780f076517ad4120e4c22134031619c2d45bf6,16
0x6a780f794d73cfba5c5cb59c56cbb4337b94fccc,9
0x6a78160270831cc7cbdb042fdff4f8ce99829272,13
0x6a781684df61a713a546f2d58d059e40bcb3b790,3
0x6a78218da49ceb863a0423c6aefae71c04b0a2d7,126
0x6a7826f32031d92d5586e03ca30406d4e7208ea5,1
0x6a78279135660ece4f43b3815f2783612df347d9,3
0x6a782843ed09f2199683b626dc1e15e8aea755e8,1
0x6a782d2525256f72ab527aea881b49fe9f24087a76b559e8de9c2e3bedf99ce4,1
0x6a783364db56a53d881a314a86e7ec411bc155a9,2
0x6a783c92840db714cc8964e08b8397504c12fd4fc47085496ca9369223becbc5,3
0x6a7843a11e7029046ab6f86f03c4a9beacb39c54,24
0x6a78476cb03b84364addbb7f974b8ec4d571e5af,4
0x6a784da02b5ea09bb9e85cf0248d9ec99b1cb900,33
0x6a784fcb948f6c225786e78a3cdfda0b67f8e9ec,4
0x6a7850062231d27fbe95933bc88d440cfba66cec,1
0x6a785391d67c318057fed84273162a8e044e4838,1
0x6a7856e6b7226b1ec57f5afb42e0063e4d80856a,1
0x6a7858201665abd99537dd6f6b63cd747439550f,1
0x6a786159c9ef10f537ab947941673b999f8ffe92,1
0x6a786286dc733bfddfd44c3554d345a3e6b9c01a,33
0x6a7864ae8f15a06e8c7511621cd9d3644ef87200,2
0x6a78660e434389c3674cd24cc83490a212e57e47,11
0x6a786686b50ba6721e4505dba443d61511cb1d92,3
0x6a78678460f4f4cf7e2464d8748d85f62d93e960,27
0x6a7869f45b0e6f2a2063781e8a3650d3338c3a06,38
0x6a7870136f9b016b244f2c972810a4c97ca831c4,82
0x6a7877635cbddefb7b04942604d042b5a4ba5894,8
0x6a787b1abfe877b9373ec59ea128fa5465605d09a213af963252dbd56df0496c,1
0x6a787fe8a60738a206cc5970cd9646591b12c62a,15
0x6a788165fec99926d02f140c11390eed9efe36bf,3
0x6a7883bf5704cdad98761d4c82addf08c83d27f3,7
0x6a7883ffd587e54e7b75efcd0855edb8f344d3b1,2
0x6a788426dfe8c117e8068ce3953a6d2638c573fe,2
0x6a788487c57189cfb7d683ca6837481b7e0413cd,1
0x6a7884d40a46669f89d720e2bd02940aac7bd3f4,37
0x6a7888ed66fe5b6f21bb78bad1a9941729d78163,24
0x6a788a4e554bffadadaad65b950195ba0d4acdab05cffab83d55df8f1c0934ba,1
0x6a7891fd5b84853c91bad42d351f5be959e52589,38
0x6a78942b03ff494b1d5ba66ec0608d2d04e156ed,1
0x6a7894eb0a15bf6b791dda2454e15f08ae4de0ad,51
0x6a78963cb3843351e38f6af15282bfe5535d625b,2
0x6a789a5d6b11ec46f0867eaf251542548bd5592a,2
0x6a789b322378752a120964ee7703abce76844d7cd2d46ef6374cafab33933edf,15
0x6a789b53b32fb82e5c3ed58db32125cca2ce954e,22
0x6a78a2ea82e317841e94593e4e57337e347e29c536ba86975dc8dd25a4fb692a,1
0x6a78a543f24caf97ba787458152d59abc425e601,10
0x6a78a8d668539e971208f862999baf5f0edacd421b6d0e9e992e6a629f1e586b,1
0x6a78a95a1bd36c3d88bce6eb12bdec18de9f5028,3
0x6a78a9b94e587d4f3fc778b28f9d071f47cf006a,10
0x6a78b17154e0cfb4336b1ae89304638227e8056b,1
0x6a78b41c34d895215c1ff62218acf1e62b805202,1
0x6a78bac86400ff93c2198dbc7e6375462c980209,3
0x6a78bc54949d88e6f65b638ae1439691b0e53d10,1
0x6a78be457104d2ae095396c5325a982283d80e4d,3
0x6a78bfabdabf536314287575b8a5672d3e0ce09f,26
0x6a78c2760d28b8921308183e2b5d803fa4256d8b,1
0x6a78c4cc932f543b6503cc1c27791dbd2029e27bd530f60250583fcc0a79eb9c,1
0x6a78c6d8b80715b7085e937504c531d3d5dd1f5e,68
0x6a78cb0716f6ecccf196dd8a600ca54601b21956,14
0x6a78cdc63bc416e7902432b88d91db51cc5948b5,12
0x6a78d315a249836a93c074df7a1d40f0aa949ce0,27
0x6a78d80cd13ba0d8002071ecd7a819e2ea67a372,3
0x6a78dae6b91c3215f389ea950d123019f9d0cee8,3
0x6a78e13f5d20cb584be28fc31eadb66de499a60b,20
0x6a78e3057d10a43a6998fd3214a8c1e426a80b06,1
0x6a78e6a296940b2b9ce6db95b908a583ef53ffc1,1
0x6a78e8333a1f935376b22aad6eee702df31dc2163bf461a65ffaabba1f12ca3c,3
0x6a78ed4c221e4b19751d793e1302d363b59e3de5,5
0x6a78f44a710556344455df770dcc64f273d1ed07,2
0x6a78f5624fb77131065737bfee92c5edb7aa74e9,1
0x6a78f701622d43d64b147cc72de337b0cdf40d95,24
0x6a78f926fc753955b75de9101789d22592b9edef,52
0x6a78f956217bfdec1309f6e53288bc785eac277dcc7eb2085c3a19e45cdb94c1,1
0x6a78f982c2b0ae1ff943a69d0b3c9e8b4c3330c7,1
0x6a78f99028f9d0550cd88e083e2d3edcedc1cd93,61
0x6a78faaa59e2a3a36e4c001157682bdd04eba9f1,1
0x6a78fb9cace9222e604235d35dd5cf4b94c5f367,1
0x6a78ffce4a3d9524a97623a362bae2bb36e9162f,34
0x6a7904f0ba2ded9c41a8b03a36b3880c174a5597,80
0x6a79058df584c8142a4315803edec3dc6d9e2a67,2
0x6a790963013b93474ae71bf6e706059ce416fe8d,1
0x6a790bd944f2bd67d2515447ee54ba06d8168c7f,6
0x6a790be4d534b2237fe21f40567388da944487cc,3
0x6a790d47c8db6393334aa251a35dd8bcaaab69c1,164
0x6a790e0e8880cdf6a0866f89bbeb99037737ac0e,1
0x6a790eb9393b97dd841fc70f1aaf63d40fa5602b,2
0x6a791089ed01d8a0e11548b22484072d671db3d5,2
0x6a79133f904f9239f9bd5221c42dbd8ac8499fb9,22
0x6a791758eb3e11f84356d2a7e849f39e06ed9d36,1
0x6a791919c45dd2c21be9211171b2135d4e98763d,13
0x6a791990694df49ab3b7e91f8135ff45fb5a9a2f1a4d9b42ad45eea1bad27e53,3
0x6a791fe9099e9d3e781a9b445d250adda0d9cb0d,1
0x6a792a814c40e18da4d3c50b71c18fe458abd6c8,6
0x6a792c605868462950c815a0c9814c8f95d9a50fdeba5ca72f359577799ef909,1
0x6a792d4c191b73297fa8b567644de8eee96af27a,23
0x6a792f4952c53cc7d7b43eb601d0bbed5aadf46b,1
0x6a79302b9227d40582762bb11c6c9eddb35da2fe0d7792549f47412c51b3fd39,2
0x6a7931158bc224cebd4623c9f4ae9daf166743603034168f9b9e221befa06161,2
0x6a7932048a0a14439776c9f31e54c633b71ce891381ac525a281b47c152b5471,1
0x6a793d0b548b74390b2e52b858d642bf44a9148e,1
0x6a79417c013ed625a2f1932325607df84464633a,1
0x6a79435e5fd66f10c9bfbb8213edee612f7fa753,2
0x6a794a960273b1d39edfd3356aae12f73ed23b09510d27eee1ea5e53a2912a2e,2
0x6a794ebc66c7c97b54f8113dcafb8759d7fba023,25
0x6a794fa441672a4ac296d80378b44a63938066e5,1
0x6a795038481ca86c27fefe3a1547aaf71e04144c2137a8b8796d0e5098226969,1
0x6a79504af481193a53b41b889551b7e12029ad40,1
0x6a795743f620afd2048caf7157e96dc92df486ec95aebfbe6001af09b0569eb8,2
0x6a7957bdbe1d4ee8ca22d593b5ed6efe167c0813,7
0x6a795ac5f5264a6b7c24c4eb91da56a194534216,1
0x6a795af178b1e44579009c37fcf81ea9bc09be60,44
0x6a795f1a997e062358270204b3b949c21e077cd1,44
0x6a7961c9bd81217001e43345a39f805cfa69a3836c438d051b72a5b625866034,1
0x6a7966a18660a94e241910022e8e3079b24b4219182c167bb7f96b0b5a17527f,2
0x6a7969f181fb54e44d89a5c66b9f204d6f7bf46f023f17e1c739f601e981a134,1
0x6a796afff8d2381c14881f5c3e83c1b2f7a339b6,49
0x6a796e6d7a47606e28611f20422a2419e1a2915c,60
0x6a796f50be0980629f167fc359b915f3bf335fab,15
0x6a7972077775e194e5553becdeae51fc529c38b0,1
0x6a797474a9b6fd30c394b1447055a40342fc44b0,3
0x6a7974dfa46de58599cc445bba4f200179bc36cd,12
0x6a79796bd792fe13e93beec4818e4a69a98e5723,73
0x6a797cc451d309ebeb87a53ea850274c88c19bd89762e5a8491cd65fb455aa6a,1
0x6a7980fbca86a9ac29f0cf308be5f3f1b12a1e3f,3
0x6a79833f947d3d42591c190d725841e3cb16dfa4,1
0x6a798b4167fb5f223878fdfec454e4f93104d7e6,1
0x6a798ceb90c474ad5ca6e6213c622c2e54b2ec65,240
0x6a79909b7b0b561ff8a82793b613dd8562cebc30,75
0x6a7992580f489686c65c81bd9d432d3ec9bd3355,78
0x6a7993243ed4902e2e41f66b9cbfe4301572e48b355eeccacf9c574a75eedabd,1
0x6a799439320b756d8ef2311a7a88224ab4a004b3,6
0x6a79948c9c6e6ac08f4f3bb6feb8c4cb16e0f262,18
0x6a7997adf368080a5a0fb60121e297b38bff8401,2
0x6a799c7fae89e19b03065a57ba422c5f63094778d564d6e933d32801b54ff06e,1
0x6a799fc840468b701250693e52b20e649294a494,37
0x6a79a03ab0fdf50e7387fb25d1b32a468863d94e,16
0x6a79a19fed47f0b6359e40a4f191456985c855f9,3
0x6a79a2f5eea389cc2d9095ea0b0b867dd6dc5277fceae13c0f338883b0eea2d6,2
0x6a79a38432b5c0e5571c9592d227df04f2cab861,4
0x6a79a7057fe3f3cc8bebbc9ddc9392fa3dda91e3,65
0x6a79a97f45a7088964ffc4dae2a90285c51add04,2
0x6a79ab09a9374181997e16a500fc6b44c58434a4,3
0x6a79abceb7906d6c435c2575a3633ae275453faf,44
0x6a79aebfe9c8159b9cd7c023e0f65d04190ed77ef267fe204e4dc2766b3d957f,2
0x6a79b0203f2439083f48b05620ac3292fcbb5915,2
0x6a79b66c3efae208a84cb5c6912d91a25f4fbdf88797c056a0bc5f874147619a,1
0x6a79b709e3c07b16521c3b493e8da1ee9f42049a,49
0x6a79b8168d2e6ce29947e872ec48805ecab55d7f,3
0x6a79b99f2c09d0e9acc6a0590d5e63d094d752e4,109
0x6a79bc742100785224360bde9aee82cb069e2670,2
0x6a79bd5b5904919683750841a88550206978a68fa5567e0b9451e2955ed70161,2
0x6a79bf6b3cd6279cc8ce73759646552f60ca430a,1
0x6a79c1749229179b4f16e6957597fd8f4d2fae7d,148
0x6a79d0c4cf0c33020834fc207c4560515270d455,2
0x6a79d199113e2857ccbf3b33e9c40417450a86999c4dea73902f2e85a85b1454,1
0x6a79d27b21fae3df645d538937f7b6928ccc166b,54
0x6a79d29facb246ecb4a2a526447357800e1b741b,14
0x6a79d6b3834eeff186e69359d2f5cbab79cefb11,80
0x6a79d751927da0c74ff43331fdf6e2da8aa1fb5d,121
0x6a79d7a3c3529ea44acd604fb532932c3362d2e3,27
0x6a79d93f8c093456c0ba5d6fb67ad889ed35956d,2
0x6a79dba368ffc2b265354625d000e219655634a5c8b273fe5811921dc07ee6d7,1
0x6a79dcee28f4a864f149d1b214b08319f5cb4e88,8
0x6a79dd832ffac6a7fe194170a779b37614fd34ae,12
0x6a79de38323dc3714a534031c28343556bf52907,5
0x6a79e1823b93c5fe2a9473506f6fe164f09b9e24,31
0x6a79e3fb3f683116f5b90a923a7b920386587bc9,2
0x6a79e5e1e21bf2e6b5a9b4cba129847872f9b11e,5
0x6a79e7fcb9bc8b22b2cf1debc1c8b8a82b39c9d5,4
0x6a79ea44a9cf76a023c61ee82b008e814702e967,36
0x6a79eb384dcf0a78065bea671fd8436ec75a148a,1
0x6a79ebb6f145046d66b498b9f87e1b343449a073c9749cfff693d762633b243d,1
0x6a79eca2804a4dedd45bfc081f0bb3b0cc60cb04,17
0x6a79eccd9ddb5d5fa1db63f1017ebad71a855f583491c9f56e4b273cfd5ad647,1
0x6a79ef4477d5663211089639888361a4190aaa91,35
0x6a79f35f5921c69eb043dce1ab697ee1201647ed,1
0x6a79f52204981e46cd40b63c4aef5b93b6971394,9
0x6a79f85fa0e6f16cc847b3ed142562b5c5fcc342,1
0x6a79f8da25b3d963ad4ef625c98307232e642870,34
0x6a79fad28b3c26faed05cd600e5e50cebcd14da7,57
0x6a79fbf01288e38b1cc0ce4af2c00182f02ea242,1
0x6a79fdb8506bb8e053d2ad97dcbc572638b544eb,21
0x6a79fdc762bd6889b7d4ab4aafa3b4cedf512a94,57
0x6a79fdf2f8df26bf6b98488b3e2e6ed3e409863b,3
0x6a7a00c7310f3b5f387411265dbbaea5d8b0e322,25
0x6a7a025ef40178ceb8f227bfca86ad1bff5361cd,5
0x6a7a033422450ae0107516a5c7327604a360cfe0,1
0x6a7a083607694f1fec76c83907281a31eb366ffc,56
0x6a7a0bec503c66ee0b545cbbf6b364a520af373a,4
0x6a7a0d3a08123c395ae6d64b71e7f2349aad3c5f,33
0x6a7a10615fa95fc49168efbb912738047ad05573f234823e15ab62a11f6e498b,1
0x6a7a12d07c5702e1d3998d7a0551ce38a7256a9c,2
0x6a7a18fa0c6ad7947e4e6dad9aabf86cabeb7523,18
0x6a7a19b02fe4c4012dff38d066e1856282d452681cc7a746e7ebc4d0a0e9a7b1,1
0x6a7a1ae69a72ba20adbc06fb1a9f0d326cec6f5587c3e5f1a929873da939a88d,1
0x6a7a1e613bc689373ecec069c685c49462aeb6e0,22
0x6a7a20480db1331d6fa0450b390184889a8a2b7d,2
0x6a7a234fb7744fdaca835537c10cefc6dc505dd7cf97a16adc9bdaf162983de0,5
0x6a7a251d6f8cec1c226de574eb17b569d9767760d2371b8b8a77bab5ba4e4fe6,6
0x6a7a25a7b01c7015823154e981c0be77e2dc506a,1
0x6a7a27ee7155039939234a365a411541d8671e45,11
0x6a7a2ba41a0e674dfb3b95e33686b5a1b71ebb52,28
0x6a7a2be3ae600888759561069c2c28aec69bd11a9d4dc158b3adfa41deade7fc,7
0x6a7a2c5653abf24bd7a83b3c83f18925789d394c,9
0x6a7a2fed6f83ec2f2826a1004a794482409ae559,32
0x6a7a333099900be1de4e0e4a745061e42cfc4204,1
0x6a7a3399dcf147e5755672748e18f4364e925a67,3
0x6a7a3625f0b9250404d9c977176e743f772ab2bc,1
0x6a7a3751ec812a26a3dd28237c2b9dba849bc87a,33
0x6a7a376deb4f7025e7b0f62d8e9fae118c6be0cb,78
0x6a7a38aa4b84c248f93f88bcc76ba41e87451354,38
0x6a7a39f86cbbc89228abba7c34089e44b8ede359,19
0x6a7a3ad362ff04cd3341cbfa58856e925486b039,39
0x6a7a3b77b6216fae0f3842fe1b386a8af8aa74e4,16
0x6a7a433e806221b28c4a5fb53869175cc8980d41,1
0x6a7a4c741b0bc623ef7d9c225b2d5b21e5e1d76d,5
0x6a7a4cdb2807df89e87da2562165f00a0a4f5082,27
0x6a7a4fd0f412df8d0b09d9a1aff097b405339c8f398b2b9df6a5463833927212,1
0x6a7a517260922e99560000b40567b81a48ce95d0,1
0x6a7a5487a6ec19fb6b1babf5b23a5aff2a9b5f2a,1
0x6a7a55c0b7481dff3166b8e60231e534d353dc6a,34
0x6a7a5cd86f5436be24691991d5b242bb408e3b17,1
0x6a7a5dc20488e81ee3afe32d55c0b28bcd96c7e5,1
0x6a7a5f5517ca05e7da6c783721870cbee142a8f9,1
0x6a7a610b2df0837cbc8b2dd9135fb40b1d24d460,65
0x6a7a63ac52a6e2cde87f8fd57ba5eca631db982c,12
0x6a7a6ade3c147a70ad159f8f581934b25d43afeca6616e9f67785983c4867d56,2
0x6a7a6dd8a14743a5ed737ee564b3691d0512f641,1
0x6a7a6e771d367b60812326353a1807f69d0a0031,13
0x6a7a74f3355da49711f95bf8f7e8aa483003a993,67
0x6a7a75561ac53d087f47bce0d2d975fc3bae3464,18
0x6a7a7ab041b475a69cb23d5ab5d9ce7fe0033c86,1
0x6a7a7df81fcdf1b7b245212e3fef84b6223a636b,47
0x6a7a827a8aa0e373c4d294255376cc442e1012e1,14
0x6a7a83feeeb2b7b96a605e8f86b9a2f3cded7bf6,2
0x6a7a8a327109ca96b0a17676dc67cc612089c12d,11
0x6a7a8c486f66afbfe6b05be9b18eaf235eec229a,18
0x6a7a8db5a26e5744dfa67dfcf78cf91c8b8c494a,52
0x6a7a911d8c95ae090b061d592638f82d70956fba,61
0x6a7a912d310ba73ea0ea40d698058c1bcdf7fd82,40
0x6a7a94590409724f4ef7a6efa2e2347f1e9dee94,9
0x6a7a95fb75435e330e55316af270e6d6c66e17a5,1
0x6a7a9859d09de55b74c460b9132860013e7c4b89ce0b14591c617202dc8c7807,2
0x6a7a9c7cd334f04480181720dadfc9c68a7b3e10,15
0x6a7aa58330130715b478451015ab30345babbd2f,53
0x6a7ab20731cedd100f2041ea6a9ed402331c7e95,67
0x6a7ab214bd43edc9c7a45d83095141132b815bbe,115
0x6a7ab573a971aa91f4afefddbb3e1e04010aeea1,1
0x6a7ab70cae956a8668b1c4e768c2b3e08be858f9,24
0x6a7ab7533402ced8848a2ee557e461cb94974ee0b2243f074ef142221adfb069,2
0x6a7abd0dd84253b421486c5c2aaa25c80fb06014,8
0x6a7ac26541e04c3e50d82e6bfd7e49ba0935bdcf,20
0x6a7ac87c08750fdd2cf6d82590d3bb3a187f4c21,1
0x6a7ac9b1a34261176ac4c1a62e8a105a621e239d,105
0x6a7acc5ba35d6fbfd156ec176133196cbef58e09,5
0x6a7acc6587f74a99970cb11a31a7c981f3318205,1
0x6a7ad26bdb607e53aa92d9fd661a062d95cfc800,1
0x6a7ad550e95d1b4a123dda8417bff66ad3fa8165,1
0x6a7ad6e0041c87a6f635b2737efd0db242d0209a,48
0x6a7ad798fa8c0c5cf52497954a7f4f22b1db176c,12
0x6a7ae0631f58447011576ff876839d81cef4e8ac,3
0x6a7ae200df344be912c0f800cb36f7340ae18bb8,12
0x6a7ae575a13e2e37237cc23dac61fd30557ebd80,76
0x6a7ae5cedf3c88e9d6ea023519cde57ad5e79061,13
0x6a7ae5ec1d3a3731e5a81d5bcf05298d48d91705,142
0x6a7ae64fd828072678a20ae6b3164d1ec1f233f4,8
0x6a7ae910ed2268da29f3abb1ad92f22ce8d4a02a,2
0x6a7ae94bc63f50d348e73110485a906908c6f0b2cabd3f7bc58d302ae01e58b7,2
0x6a7aebfd6fda9839f23d5e9f1c1976dd20457416,1
0x6a7aed4fc196a72bc379bac2887a82717da3fd97,13
0x6a7aef3d7d4c5e445b7cd938f986e4122da84bcb,14
0x6a7af194daa3c0a6ce78fa691490ae59bbba41f2365e828e73591b23396ae528,2
0x6a7af89fbdc1a3ca3dd45ebc96101035628277ef,3
0x6a7afae522aaf2574ed1647b2647872341e6c145,131
0x6a7afb1dd6f21a5d078f02d8ce8a16b03e25336cde6fe698e6c2aa3929c3de4e,2
0x6a7afb35eed97200e8d02b53874d7852f55ac28b,8
0x6a7afcb3514900cfe301f003f9dd806f3453fe0d,31
0x6a7aff0dab76127892af02f327388056203ef7b4,23
0x6a7b000f8e70fd9842be7791b7fe39388db5cd6d,12
0x6a7b028f4d79decf6b0cda67cd84373116e073ed,18
0x6a7b030893cb6588b4a8f6a32432e6c74c3e6fb9,66
0x6a7b04b20923267a50901f576d5b1d951ca25ba1,1
0x6a7b06c3d398a1d0de505f5d3936f689cdf07e85,3
0x6a7b11e9375295ccef93dd06b237207a57c68d99,104
0x6a7b11ee32e7d414111f6286cd4786833e4ce70a,11
0x6a7b13dcfb071a8cd534c7105c88d4ce67090259,1
0x6a7b15eae23f76a2f3b163523bc31939f528c604,16
0x6a7b17418bee753f988c118c74edb264ae33f8b9,1
0x6a7b1af33457ede650a66e7fe1a7e8986cbf307373abb9bc39d98dab3bdb156e,1
0x6a7b1ce3f2134725569387063b66bf81f9d5ce1e,31
0x6a7b20bf4b0fba9ab6047a42bd1481ddc9e8fb2d,62
0x6a7b2639505d8319dbe0b7788aa38e6e1e18c75d,2
0x6a7b265bda3f15815d5d6adbacad6f9ba1824018,53
0x6a7b35dabab39e5e0acdb10c0875c867d2816887,1
0x6a7b369336893fd45f657f10b5a3ab6f0dbdb4cd,1
0x6a7b3a04e2efd31ee25868da06dfeb5aa0bb4d79,41
0x6a7b4414871677bab92a1b2643364c58b74ece31,1
0x6a7b466c7636ba7537a40f90deb0321ac3d659bb,64
0x6a7b470fdf0a67c2e0eb5662704a296e4a2483b8,37
0x6a7b483cc0da6154807fef304e6272eb16136e9c,1
0x6a7b496cec070e0b746b9561deab3d3ac4092ae8,10
0x6a7b4b38d9c2ba73719ad0437ecfae1e0d4f22614fa5c3cd1353bafa68885535,10
0x6a7b523ba39dcdcc1976a80715664fdbf3be1950,1
0x6a7b52dfb896ff68c5d1d2382cd371d3a92ccc1cf3cadb05922860a820db85ac,1
0x6a7b58e4d2a5c533c680f1cadd54cf0213a2164c,6
0x6a7b6030015814b960afc1fcff0f1a2cb94ddb01,1
0x6a7b66f44b8b8035706ca626d902d35a733a21c2,30
0x6a7b67915311381911df7ff48a382505f07d34bc,35
0x6a7b6aeb25fe3276dd3f5a1924fb0805202c98bf,4
0x6a7b6fc7c9f9bb14fa7e6ff8c1a1e8aa8a064082,1
0x6a7b6fda4ea9002f78a8a7c802270c560ed5fa79,1
0x6a7b74048054b9a640b49e6167b63543f8f4ab62,1
0x6a7b748c55cb2abe8c9532d020fe99070b3a4405,1
0x6a7b75350feda4967e2f0e029493e1bfa7e1786d,9
0x6a7b770096430ac61ee77784ae45c53751f410e5,1
0x6a7b7713779f28cc8828395ca38163bd8af0a384,11
0x6a7b77e3597dcc7cf27349021cbd225a2b466246,3
0x6a7b816a504eba45d74bd3946088c7167b29cd11,1
0x6a7b84fcecd9e1f7236f21c8e05b837eacefce7c,51
0x6a7b85b585c8a9b1891c2c17b25ee37d3e70f1c899dc2cbacd343ff79515c4fe,1
0x6a7b87c10c1c8dfe1554189cd54a8e8b51fef601,8
0x6a7b8b75e4bc6ea8b2d7690a7deb99d69e2c1ae18192008ff4e68bc7e6ffc455,1
0x6a7b8de24023d146567b7fa92ae4efdae24c978f,64
0x6a7b8f2a5ef3686faf3331e7c0091aa6b82f3053,24
0x6a7b94ee1d51ed93a9b7e76ba7f510bcc1286480,17
0x6a7b9532da217f3341add54666053749af831d4c,1
0x6a7b97724a515361684b955e1cede246924ca75f,33
0x6a7b9ece2850b9128538b40592e031e30da154f7,11
0x6a7ba152aab3036b6b62549681ead611599b9061,2
0x6a7ba1e0bb8a8f5d35d130a88a02ee981355acb2,8
0x6a7bad148d5a0bd5962ee8c505796bdc217e81f8,53
0x6a7bad614e28b487850cb9eb60fd78c49dc4de6c,120
0x6a7bad809736dbf6b9f2622c9351a0f4d9f3faa8,1
0x6a7bad92b08695500d7c634c95bc093e6375fe8f,74
0x6a7baf5fd724d39ffcecbf3a6caaa398633c82d9,5
0x6a7bb2a8931006f7aa2c15f20518eeb9c522d502,26
0x6a7bb483fe20d17ac61df48532ac16d577e6f0163937edd58500b1907c492c85,2
0x6a7bb71d704cd968e4046dd237dcf091d5099b1f,2
0x6a7bbac98651ddfea68d2eca6e4200dc4dac05d6,109
0x6a7bbaffa0735ab2723ae9dfa4a8489035f7d44ce0e3bcafe175bab6f8c815d1,1
0x6a7bbc92c3a092672a79b9c5a8299c7342e74adc,1
0x6a7bbd70fcca896c5d5dc7c53c429dddc415ac1a,1
0x6a7bbf787f687f3e33518285ac9596af8d4d9c52,12
0x6a7bc34ba4106f7c17857e16bf422e3932a7270f,46
0x6a7bc5625fc4ca574e8f9b4f51758cf97c02308c,1
0x6a7bcbae98d2e410240045b6e6f2280e9d152365,1
0x6a7bcbba6ec9e84c9379f8fe6dee04f6d8ecdf25,34
0x6a7bcbd6e7c9abcd65e5031e9d2b17ed585ade4e,13
0x6a7bcdeae6a7bcf6a8250a1338155484b38b090b,2
0x6a7bd0465be55cea5feea2931c9ed2a16036dea5,1
0x6a7bd078a87bd31544e3eef8daeb31acfab5795c8a84afc9028d47e84027a9ab,1
0x6a7bd70d07d9893f4db45ed58e8b08a681fa6b3f0b365b7d4dfd6af0585f1c,2
0x6a7be12d9c06541ab6babc4803dcb5f888a688d2,1
0x6a7be211f33710d505975090ebd105acd3bc694027aa7070c852ebe685807e6a,2
0x6a7be32474fb88aa705c05da47667c266ba2b3dc,1
0x6a7be690814f8602704ea0d583510ba9a84910dc,1
0x6a7be7de8f1c1d7c4e0262c03e0e3f2337f03db1,2
0x6a7be8b2dec6c76b865091487eca755684c372c2,1
0x6a7bea7fba5d5327da6e52e6374a77b4210b8dc6,1
0x6a7bea9763965160813f10529ba2fb0fbb32818e,1
0x6a7beaf87366929a61ddeab48de34d4eea1b7224,1
0x6a7beb95f3ec509b4f8d2423b1b7bd62de29afa9a218d0fb45fd935030d8960f,2
0x6a7bee62e73a97f85d515d7d7d5baafce7abe1b9,13
0x6a7bf39c7c539776a9c0a60b60a89c59122ee55d,77
0x6a7bf76baa16a5cc9f77f7733cbdcf3a36305951,2
0x6a7bf7fb4bc195669e89f16e13ec1435d84f2aa27e312d6eaee82caad08d95e2,1
0x6a7bfd1239863112e538953b632fee43ae009c42,1
0x6a7bfd754cbbd9b7f4b1a72494e1e1d65a186841,12
0x6a7c039e6f92a1627745766ca4e0d5ef67563360,3
0x6a7c04cf2ab07df81d786588fd316ca1fdee3350,35
0x6a7c05ed74e8d7738df0bdd38209dc654e6ea3dd,31
0x6a7c0abd19386b270718e20cb7ff08830fe7a7f8af6b496cf26a270e697eb967,2
0x6a7c0b734c283bfc033c4f61a2cc303826f4a907,20
0x6a7c134956a2b09f52d532229cca8f25c3d8057e,1
0x6a7c13b0020e5d8baac460e5facdeeadbe371453,4
0x6a7c172df1e18f84a30556ab3317c7b9150cfbb9,11
0x6a7c183aca8d9fc4cbc3e8fd51c6341497704cb7,3
0x6a7c19182b7f3bbae75e5f50583178df12ce9383,29
0x6a7c1e00e06f8e12ac654d3ce629172b85bd86c1866d4d43cd62903fad020d19,1
0x6a7c2092c3b59e7ff5975a78589a4f514c37993a,7
0x6a7c2919154f95d6fccd9a205c0775be8cff6759,2
0x6a7c29f947e11850798aa610f0206291665f959b,27
0x6a7c374bab963d1e61a39244639a37e42674948b,2
0x6a7c3abcd5505f9395aca61af1d334b36b6d2da0210a096f89c7c72ed89598e9,1
0x6a7c3d5f895810290dfc4de0fd5e7e12a5126e67,112
0x6a7c3ef18930c6beb2b7d0f800b659f5a2b3469a,1
0x6a7c3f0545b0ad7bce2b88fe905e04c81afd802c,1
0x6a7c4096fdcb41177ee56524b0aa292a73ad33e8,1
0x6a7c448aab56e0f7216fa76facda62a8bcba6d4d,51
0x6a7c49f98894679938ea8cc8ae6daec0e1b73d5d,1
0x6a7c4a1a8c3da7e23cb4be22058156a5c86174e8,11
0x6a7c4df9eb8525f16bed55e9b074b0cbd26a8a77,1
0x6a7c4f00287179d794d4ee39d3568ec69d8b094b,37
0x6a7c551d5917065b2ca9f43a2d46867044fada39,1
0x6a7c5b7099bb2b6d2a1af65675ade0038b25a1ba,35
0x6a7c5c70409684fd065f44b46fdac509ab0598b8,1
0x6a7c5eb046797be4b80a7c60e6f7d1d79c9be615,1
0x6a7c614911317ad46e56a088e304337e6421c26a,9
0x6a7c622ed4b00b8ef71ec1186bcb17dc7c017bf0,1
0x6a7c693f464d2d1d28ef9ce1ff7746cef77fe84056d8969e9001ffe4fa0fba7e,1
0x6a7c6a1339189ef6e24cecdf792b055070dd80fe,74
0x6a7c6e855086ff837fffd8cbfcc8e53b567aeea2,18
0x6a7c6ef9b826969dff58500929ddec50574a5dff,38
0x6a7c700857ded5915e21a3985e3d9ecf8009e1e136e8c2b0d7fcb29db861604,1
0x6a7c7051b6112d17ce74462af471d5f33894af87df4b448d077126a2ced12724,1
0x6a7c70626023ab942ea95413d9a8d35a2c97845a,10
0x6a7c71ef86ba9d3422e4dcd5848bce2e78247a42,23
0x6a7c7379f6acc949cef87b7b37172d348046c9b11ec183f0693d211abebe3efe,4
0x6a7c7487dd817485a41d9ae8380251c0f1be537d,1
0x6a7c7c3de8df4064937167bab1aebad62ba17690,1
0x6a7c7d37c5413690977a87eb759c2aa7cc172c09,4
0x6a7c8312d675f46f427c99428339df815f96ab20,1
0x6a7c8c46e3550f175e374e3171d29d5987703fed,10
0x6a7c8e3d69c50b0899147cb21841364de5118c23,42
0x6a7c922498304d2b42bce3b861148154b80d8ab3,61
0x6a7c941d64fbbc4c504e0cb001485268272f5c03,5
0x6a7c957b057e6e79349a2bd4cfe71956a5d8cdff,2
0x6a7c9a9dd3acbd05716777930669136cd51dac3c6ae9fe6e7a348dd6cbc4dba3,1
0x6a7c9c3d5275672c94459826201a3159927f312f,41
0x6a7c9d0b68bc7c7901423114d42a664e50326a80,25
0x6a7c9ff785f57badbc5aa4c7ecae5d61371a010b,3
0x6a7ca18ec1bc3a25f5bde05c9e0baa64063d7e57,48
0x6a7cac49f593913057d0b53082f1fc79d5472fd8,24
0x6a7cb17d0ba888bc9996169f03516a69e2920b8328269a8ddf122fe9b6b7c229,1
0x6a7cb39c4b9afcfc05905ef29b7e896ad39e610c,81
0x6a7cb51fb4f38864a1b810221f2bf4644ffabb09,31
0x6a7cb847f0bd597d51af93d3675ef3c700c5ab8e,117
0x6a7cba02999645c42814bd465b141a52979a4b4c,3
0x6a7cbb5f41c972aa1664b0e1e391db9eecf543c4,2
0x6a7cbf741c43ded189b556c6c0f393006e578c2a,13
0x6a7cc2170c72d309baf705d7907fe4fd97a7c9cb,2
0x6a7cc4baaf97ecfaf318c4d0a8226ae440d8e1a4,1
0x6a7cc50dd350211421a5662b3a53d6d28b9a651b,1
0x6a7cc5e205bce058454e1576419f3dab1ce21637,5
0x6a7cc6cc1239a3316f4c2db50dd25e0133c5428a,106
0x6a7cc6f2abc79df45965367c3e182a8967f6fcba,1
0x6a7cc7a660c8bb09ae854596fb831c225bde794e,20
0x6a7cc7bfe87d9bebf84f00e167d812872a81c5f2,26
0x6a7cc8554cc0cc6176f2fce59355e9172f0ea263,1
0x6a7ccd4cbf08e517569482830bb46231d51f2bfd9c88503fefea86e067e07999,1
0x6a7cd283a633dc3322363556462930d58e4716d5,1
0x6a7cd392241d64d824fb3e434570868ab588d40c,1
0x6a7cd424a584f1467526c3518473412c77150cfe,56
0x6a7cd464d53aea5145579b11176097e185ae4131,15
0x6a7cd98a822aef09fd22eb00ac3c55853cd8f9d1c725fbedba109f76cd7d2c33,1
0x6a7ce05b1dc09f8bca6b447d4358e2eb7fb8d7ef,5
0x6a7ce0e59db3a18607c1d89ce449a36ff5f4e9f33817780573e050268e6dfc75,3
0x6a7ce1cc0d5efe367a3c91aa62e1a53d215e6bc5,2
0x6a7ce299d20c2451664e94328e1c11b12dd7f140,2
0x6a7ce34e6df93ef66e49df68e55f3fa03aa1a6b2,27
0x6a7cee2bc37a95f6f4cc84a3a1061f8eda51ef35,7
0x6a7cee91a023831a7864f22c0857421744f9a711,2
0x6a7cef35e5dfa1d903f3685eba7a1966bf4f1167,1
0x6a7cf398a27fc9488a50e10d1d2c07ef74148ede5cde4708a63ae4ad625ac105,2
0x6a7cf47f904ad5981c8f2346d8d7914a7690ae63,51
0x6a7cf8ce4d90c2dfe4f60976950d7966371c24679911678c34d643fc4d04fe35,1
0x6a7cfe1fb00e026c5e28fe9cd579d2efe9f5cac73e99d4a841294f2941dd248d,1
0x6a7d0232ece7675a66833e09ae9c1be8a0a6e37c,12
0x6a7d02530653ef3637fac3177d3d4b3a7e0c5b64ca0a774c5583c54080a739b6,2
0x6a7d0671a5a1e3ec6444a697d7e74df4efe6af15,10
0x6a7d07fd2081c88999dc6e3e7f3d25ca8bcfc59d,1
0x6a7d0b0eb2ef7b09f5b8911a5000387b984e7baa,2
0x6a7d10f227cbd2241ece69a4215128e060b86164,1
0x6a7d124c8a9da3cbb62c0305c307a019a7202d5e,52
0x6a7d17e3975d580e1fe70b53945d281bda7131f6,59
0x6a7d1ddde5964da4c71c9534d48fcbfd81522691,7
0x6a7d245d3552bb601ae2c833dc80c3a38f881b43,2
0x6a7d287b15b5481e2ae6069937d6c6d4873ed149,4
0x6a7d2959b66ce1e1d490e7db02cec3a9658bb3ea,1
0x6a7d298b50d6ce01c5ced1c86415213552dc8fe5,19
0x6a7d317242e7b0a116a49d6f1ff1d68109fb071e,35
0x6a7d34af326c563c1da56fe019187411ddb70c200a625d894e8c89aac6eef2e7,1
0x6a7d35112599f5480ad851258f9142c3228a8d62,1
0x6a7d41181cff2c11fd9a7040178b9cca0c01f439,2
0x6a7d4ccfc63b6f7c3302ca134d3f6d233c0a56ab,14
0x6a7d5745ef47b86eed31e54fe9b85b9e25847ac4,112
0x6a7d590615463284d447fc644614ee1a09454cf4,33
0x6a7d5a8abc9c115a85103cf61d6fc1acf0eed2aa,1
0x6a7d5f3e6a47f6f62e584c20dcf45d2c78ee7d3d,1
0x6a7d5f7e878b8557cfd791441f2476c1fa3bdc5a,2
0x6a7d615599b5a66bf036c615d98c97bf698280d6,28
0x6a7d61c2bc472b47a0acb30634e03fe13c8b3acb,3
0x6a7d64ab295efd122385f8a72ef17c57861dfbca,1
0x6a7d6712b4d13b37a5a448f6bf15e4829e7686bf,2
0x6a7d6812a0a0c0ccdf58a2ef8da159ea459264d2,1
0x6a7d682a5d1101d1982f1debd5aaf4e2076ba5ec,1
0x6a7d68a3147ae6360a796605fd9b83f79ca7731a,70
0x6a7d6bfa47eb8d377e966c411f5b728fd5d361ce,45
0x6a7d6d47afb58ced094578fa4f8913b822e69535,1
0x6a7d6f82f84ff11789f40f40b3e91b509ab766d9,22
0x6a7d732b68d92170a085b9fe71cbb50e67d635ae289a9dcd51981288f022827e,1
0x6a7d7d9b5d97dcf5655e47f07a20b8f01401ed9f,17
0x6a7d7f054ddbc7d40e7042b7736b8b4515e15aaf,18
0x6a7d832c495d7aba2deb9ee037fac4be720aa642,1
0x6a7d8397b23aa69bd90477b155eaf14e6cd3ead474775b3bb2d18b7ac849f4dc,3
0x6a7d8d33f247eabe74146ccb60dc502d2075c338,22
0x6a7d8f35982fff43775f2bf45e64161f40483cdef1600c99d945bf80889c60d3,1
0x6a7d8fe730a3e716bffe3a48099ffeb04c1f083c,5
0x6a7d93a5be48c9845b2d0e0de834decbdfdaedf9,21
0x6a7d9502d2428e8bcaff5267a5e9d4752d35b2ff,20
0x6a7d9e288f5216c139bcfd29ce4f15898eb6adf01d76da27f44f5aef94f9ff7e,1
0x6a7d9f4a91c34fca671c3505a7c1f4f1ba4d0132868d8a95b780687846abc2e7,4
0x6a7d9f55ad22de51285e21895cb39be957af25d8,28
0x6a7d9f7723b3ea05de7a28e82251c118240424c3,1
0x6a7da07e387b81f24e47fd016326bb2fa009d2b4,17
0x6a7da10252393b786f965ef29fbc8fd93dd82670,1
0x6a7da31bc0a2c95d0343010cf0e73bde4db508e8,44
0x6a7da9ecb2fc3caddd8760d911ed62ffaecced6a88efc7e198363e6bc20bb50c,1
0x6a7daac36505bc2be61fe8f0330e15922143da57,2
0x6a7dae61e792bf36f098358025a67f061c32abdb,58
0x6a7db23441171df45e80449a7a1d014398c20e35,1
0x6a7db5c0a5c8ed583a3e6acc5877d7d6a87a3d24c58095760cc05c03d4387969,3
0x6a7db8a9333b08a4767a121420ae989013a5e6db,1
0x6a7dbde8b1cda5f717c4b0da24c9c11c1a4859f0,14
0x6a7dbfe1abad63606c48145b8cc7166ce97e378748627d58fd80a089b35e557c,1
0x6a7dc166975e25098fe30c26242517d9dba1f771,23
0x6a7dc25dae2df5710f958a03c9079170b4ad4906,47
0x6a7dc28766966bf9109778c0630d7a224579b4d2,57
0x6a7dc50b0f6dbe60a0b8ceeaf79d93fba941451dee7ad19408843fba610c971b,1
0x6a7dc5d286e6b1393836149239d89f4e573bb727,1
0x6a7dc84f85d3d3dc586d3e0954a0ef98c0fffa76,34
0x6a7dc891d52a717a61c4604a8cf7fe0e1ab2dd6b,24
0x6a7dcaba98b8ea7e3aaa706c5999b539dfc51355,35
0x6a7dcef22ef291b9d5f3767311fe224b20edafc0,1
0x6a7ddac4044c070d69f2fe3b41e52f161c6238dd,1
0x6a7ddb3c1146a29269cdba500f9f832fcea63307,9
0x6a7ddbd9cdd407cfb7acbe94e7399bc26c39561b5a9add53c113a9c5eb1f4c0e,1
0x6a7ddcdab1056079732c48c85b4ec943813cae42,1
0x6a7ddea6476bee0e56c7b71cbc6e840e02b79aa8,166
0x6a7ddf634a7f7095c426fe82ff77c62708332d3a,1
0x6a7ddf6470b52c9990bbb6c36349e34953ed29da,1
0x6a7de164b287427ee9867ee957531e909a38adba,10
0x6a7de170b72e394fb037a3b016f01e37a69048e3,4
0x6a7de8ffc5436d30f2a9248a7a2da542de6689df,32
0x6a7de96cce5ad4aded18ef847a6181c1b81ae876,3
0x6a7df3f26679d67ecb7a5fb8eb9b2482ab9a65cf,6
0x6a7df4dad1d1ce99d566edb59d150459c78a5bbc,161
0x6a7df6a4f70d99f21669b25d5cf6e3d4eeac6a94,54
0x6a7df6ae1b8d29c552e78962856953e69fbc38c8,36
0x6a7df79999678f8e96c6a08fce977a5399af7260,50
0x6a7df82365a2ad11d1da5e28470ff008ff190a08,11
0x6a7e0156a4fd6872fe211ad7c56a844f3d9218c3,2
0x6a7e0209afaf36119f856c32e873c6e223dac523,10
0x6a7e02fd03db04c5719ae0328607c1f7930bf09c,12
0x6a7e048914654f5a70e1cc5e8375919a1c0c0a25,64
0x6a7e04a42034cbb015e78845673d4c33b31a661d,1
0x6a7e055c4d75c33c9ec4e8d0511dd44f88cd9288,1
0x6a7e08e65b68e6c759e6a169f9aabf13afab8a55,72
0x6a7e116a461c2d32504f990177086e908b0a78b938a4220e5007dcd6e3ce4b80,2
0x6a7e1231863ce1080ece918a0f4e9f44ae1091fa,6
0x6a7e16edba64213ff68a32cdbdaefd35bac193351fb5a760ca8285b44324486c,1
0x6a7e1adc33a434ade9255ee4cd097892c475a9458999db125322c92fdc6bdab7,1
0x6a7e1cf191e399a856b27fd6f239921a83d8db85,1
0x6a7e245ab5484f486601722df1456df9271cb962,287
0x6a7e264cd9b2ef5ccb2221f906ab47d61150e2fb,24
0x6a7e26a21310e53f9de9e7a924daab1d0a58c236,1
0x6a7e2742f549a9b32b7a447751e72037e65f812e53f1b96043a6faff1abc3cd7,8
0x6a7e2d5b4013653e8b2f019ae24e086b1a3c154f,30
0x6a7e36b2a6e8793adfaf2ce75abf8c88e7124d0b,11
0x6a7e3c54f4a67f39c193ab6316409b26be4a1a08b6586d59caaab9a03c6f10a5,5
0x6a7e4297264a970eb31621efa18200f74252d08781acda5fea15473009c99f66,1
0x6a7e447e38f2135ace5aa17d311c7e15f8912d4c,34
0x6a7e4845e094b2ab805cafcb29e169765db8e565,1
0x6a7e48d652bf3e0415d9bb01d799361cfd90448e,25
0x6a7e4c4d8340c5b7bc448e3ff5cff128a9fd4974791e0bc95569516a5bfb8c6a,4
0x6a7e4e513ddd1db44a4db12284cf3784c85c2afe,12
0x6a7e51d3b73447424180fdcf3f23578de1a3959d,108
0x6a7e52be931ce24a541fb7e7b48c741322d222b4,106
0x6a7e5324def65ca8e5f2e0ebe0b2dd9725c5b5fe74fdfe5cc65d5a79ca83d034,2
0x6a7e533c4c2b7ad3413256c430e034c869d6b0c6,8
0x6a7e5377e7c9927981cd3bfa3b32f61e552e9fd8,4
0x6a7e57dcfd12c4a3b01c6325a409f92a74a599fe,62
0x6a7e58ca7251268879bdcb5749af6be56571d5b4,30
0x6a7e5cd3d0f9898126a3dad441f26637780c0cc9,12
0x6a7e5e540ede147e43e22ea16203348fa3c28203,229
0x6a7e66c3e2e49cc539d1d6e3f0281ee1cd9a576c,14
0x6a7e68b862964e450d989d17361d6273b1b9c3bb,115
0x6a7e69282c470d829250437f06109ffa5d75a461,30
0x6a7e695cbfed35c4496bf42dde855580948be720,1
0x6a7e6f18460470da21d095fbf1f55aea131df43f,3
0x6a7e71785e103582aaeabbbe16ed89e5b72c7c1e,32
0x6a7e7764ac2a32551b0179ab1c36e6c91ebbcad9,13
0x6a7e7af288d6679a786e7e3df23208950bda2f8d,2
0x6a7e7b712506b70b0ebac405849fa4877972d5e0,3
0x6a7e7c3f339035bb028d012e84fecfb0d63e9339,1
0x6a7e7e173f77b7626b25c2ae77242f5b50cc74df,38
0x6a7e7fbf8eecc90618ad8b51a8dc037dbceb66d5,58
0x6a7e80c4fe78b796e30b705ef1ccac09db0580fe,1
0x6a7e8500bf610ee608fdf6e764a73236d1644851,1
0x6a7e89938f9c0055781a690a1eac873d1f0f893e,5
0x6a7e8a0e4629706a88cfee6aec64462d1a64730b,62
0x6a7e8f15314b462d43a7d7804f088dee3f702fc5,61
0x6a7e945559bd5cf494978e4c7e441fb20503f9e2,5
0x6a7e9b41ac1bbbd73446ea0dc32b06843c51c6c2,1
0x6a7e9d5c664e253f275f960f965e06536a49262c,1
0x6a7e9de86968500722c8732c44b33a5ab4399cf7,4
0x6a7e9e8606b9e6e5f98a679896097fbc4671f8659b2b0c2acc9e406bd0bfb646,2
0x6a7e9fee90fa6eb6dd4f55cb64869670dc3dbb01,25
0x6a7ea8945d0cdb9b53030f63b4b26263e4478c8f,6
0x6a7eadbf09c1e684b16248b196a52379b209d51c,38
0x6a7eb7ade0f12beedaa199f68a0be24582f9b11c,25
0x6a7eb8122e642e0760c34c465cacd24d15952ad0,10
0x6a7ebd9ca934c80b6dbd722fec214e8874b30ae6,57
0x6a7ebedbd93dc4f48210b5bc3c806a564da7b10c,64
0x6a7ec4437432cd8de8653c7c214be56637c0331f,38
0x6a7ec72835b34ea791b881886d89601ee97f4737,17
0x6a7ecea4478ffec7cef99597ba2c17b98de54af085703355d68e2763060139b,1
0x6a7ed33f07e34832d6b0fdb4e41fc481479f6cf5,58
0x6a7ed41603e8f332d3d1684919c8e7527f4124d9,51
0x6a7ed63d83cb1098dccae829ec094d5766ae3cc6c68b5ffd72e031e324685e11,1
0x6a7ed7a2c06edffe9124472018509043de608272,1
0x6a7ee4285abeef5ebb23acbcb82e1cf0804c97bf,124
0x6a7ee4d7d09b0875d71b3dfd8289aceccfe0d95e,31
0x6a7ee8b974248ae24bc9530165a3b2a48157166b08abf45efbc46b526cf6d9d9,5
0x6a7eeddba0b0741cc241145cbd7a0a595afdae9a,69
0x6a7eefc0a74c468a72b2c8fe963b5e521e7f9599,20
0x6a7ef2c3cbde3800b682fcfdb4d0c07f9f25d5cf,46
0x6a7ef2cb096d077d3fe341451177fccc64685fffaccbd746ffde65d03cb091c3,1
0x6a7ef5cfa3740dc1a75284d8655d5e0e2f2abebd,38
0x6a7ef71c15c3d34f0cbdfc99c02f9dbafeea8654,22
0x6a7efa3bd35ec0eace1add16b0f6e12dee0147ee,23
0x6a7efedb2d2edbf2d4c7fa9fa9ca7e458ea61bd1,70
0x6a7f04f9673369783072cc772c691a9edc1714c6,40
0x6a7f08a41ba6e622d06f91272865a7588bb93f9f,4
0x6a7f0a0ea68f7df4f19387126f99953fc43bf496,27
0x6a7f0a5e4bbd833a891e59a5dd88998ad613ef06,100
0x6a7f0d98447db963c2d4b40a9ffd4a1ba5ff562b,112
0x6a7f10287695cf767a2f258bd98df8ac265d96e4,101
0x6a7f151487faf38abd630b28591206f044fc9e9a,14
0x6a7f15630acdf8600144cafdb15f4d7250dd220ef534569f8e175e334660f6fe,10
0x6a7f15d8cc50cb2472f625e1e92aeee77f37c6ec,50
0x6a7f18f98640bf9b1c4bd5eceac54e983196945f,40
0x6a7f197b6fad4d2e5474badfdf296ba5ea776af8,46
0x6a7f1a22f3f8536c49dc16ba41ec7908d4e06dd590633dc0296367b0a484a0bb,1
0x6a7f232586c0c57b75b93199e716a84d93e2a395,69
0x6a7f27354cffa9c38dddfaf09d6d4dfb68df04f0,43
0x6a7f2aaea070d13aae16b26ff1c779d40dbb8829,1
0x6a7f2c92af92e08b9c3b0a2761c8ab43528364f1e5696be152d5cb6cd78f73f6,4
0x6a7f2fb1aa4cc191e9d7a55d7687ac5b09b39f33,12
0x6a7f32a24841133dccab2bec7ff626554c2ee845,29
0x6a7f33bd84059475d63d03c189dda95302dd62a5,7
0x6a7f33c9dad397ed455c0c078fb1b215e9dce206,1
0x6a7f33d13be6d132070efcac0b5b14a216ca4bde,1
0x6a7f39b02141388dc9e19fc8ba54d992b00538b2,1
0x6a7f3c13de671ed75df6a6c24279502935cb2437aec1b29e39fc900c75ae99b3,1
0x6a7f3cc52e0cb690f3d3ea93e6f2813fd9c3abe9,31
0x6a7f409d9df104c9b40928562849036291d572d4,2
0x6a7f41386d08067b48eda5d89dfa6cd4a7694690,1
0x6a7f416c25fe6df0cbdd65e755b84e893c0b3c8a,1
0x6a7f447f2419835a96c190ee942748ec151708ae,34
0x6a7f44bddddd7943818b97c42f5c4a76f3da8530,25
0x6a7f4df67311dd114a91e654f120aac7e1f4eff5,138
0x6a7f4f64de9a92d365550b2e22bd76359a80a927,50
0x6a7f57f0273a18eb4b80b777509bb2c03b7879a0,1
0x6a7f580901cb0aaa5982873a8e81152168161afb,19
0x6a7f5a49f1cb149dc4e68cd79889eb7f3b805dc2,29
0x6a7f5bc0916cfae02657c4341b6d576794fa4aee,1
0x6a7f5fd621f7e2aca7831dc1dd8b03a81990be2d,77
0x6a7f639ab077f037faacfc7508a701e4f7bae723,2
0x6a7f644024a13ff395491b45dce899f7c5336f79,4
0x6a7f64ff1902b46f90829acde67fc653704691025795858a87d08514877aacff,3
0x6a7f6a8fbec44b52d5960f8069529db6686c986a,35
0x6a7f6ae1d2f67c86465628917f1713762ca11fdb,2
0x6a7f71431af102bee404f26326c4938daa0acd45,83
0x6a7f73b675176eacbdb0981bbe5ef4c6c66a7a9c,2
0x6a7f760dc9ac66e3d996cca862449ce3a1e8989c,2
0x6a7f769421e4486eb2f8bc3067f8c79a35455293,17
0x6a7f7904214cc89a139b08007881b60bd52f1a68,51
0x6a7f88b53d3a6011a0bff7e98ed5e4e9d002cac3,21
0x6a7f8ce366e92c8f129702f70b22a08c9c3d9775bc34fdfde2212a8be305d6f7,2
0x6a7f8d93f63e2018c38ed638c134ad5c532660f2,1
0x6a7f8e5c1c95daf4d4581e6242e71dd5fa2870b5,1
0x6a7f925906a15ee1ee90bc340fb498be99277150,1
0x6a7f92a9572558668c385da0988d8db4fb99db38e3c23fff46cbf115cd886547,1
0x6a7f92dd2bc8b615a9c0feb6611ba009e052f80e,2
0x6a7f94f3e7ebd9e5b3c06a6395af2ec87de34f56,4
0x6a7f962dbe5d5a67f03f056ed2cf51f784117022,2
0x6a7f965e5cad27007dcc8f77553cb981541c7bcb,1
0x6a7f9ebdfbb592ebbe42d261573828c017e1d160,1
0x6a7fa19b92f486c6062d034552c63ad41881bafa,38
0x6a7fa7a1c566de34463f3f059a7fd7f247a08608,12
0x6a7fa8018b6cd35bf4cb58429d16877bbe46eb5f,69
0x6a7faaae7b71c3f1e0682722bf33111dcbf78f96,1
0x6a7facfa695eea6ed0879a66e8c1ed4ba5b26308,1
0x6a7fb35dcad6c1c8e9600b929b43a8c47625affb,1
0x6a7fb648de8dd57c47aacc91c9f4ee5ad6e1162d,1
0x6a7fbbba0a75fc4d10695303375a1b4a7ac9ebc6,109
0x6a7fbf07a0aca2f7b46fd6cea0cb52a39830d831,1
0x6a7fc1aace27f00500022bcef67ae9fd9456cef9,1
0x6a7fc25fd9609a99f826c47a99dd2cc8c804b903,2
0x6a7fc7e62c33ef162cbfdae4657df44700246c03,30
0x6a7fcd44afd946c239c9d49b28be4326efd2a314,26
0x6a7fce54f2e53160acfd5fed399735ef07c63df0,1
0x6a7fd0fe6b99a22d9eca824e64464e02f84f6452,4
0x6a7fd52ff41fc7b525fd51baa669b8291ff9619e,1
0x6a7fd5c3ce6a54b89399d39d011f24908c73be9a,27
0x6a7fd77b1b3080f9b0a33148cd40fd8dfb4a49cf,21
0x6a7fd7a25be353dec08407b84c85c715ebbdf372,25
0x6a7fddebbee99d064499b612476ff7397515372b,35
0x6a7fde2cb627782a8ed9dcb7c6aa362045c9e0bc,1
0x6a7fe3390fe992547b42f928603c4bf930b3cdc9,23
0x6a7fe34ab158e5585535d4f0e3591072987c6ffc,1
0x6a7fe3a41ec3764755f5cc99714b808461c11917,5
0x6a7fe840dc3715803658dbb41613cd3b96627363,36
0x6a7fe982f4a3fccceacb31785dad61ad7baf8c86,6
0x6a7fe987f19e7510abda788bc978425b63b17b60,41
0x6a7fea16ef7288897164ee342ba633eb824566cb,2
0x6a7fea570c5d0e8030dac5d7765e7f959599ae5e,58
0x6a7feb76ac57205f333e35a8779b34077370315a,1
0x6a7fedb42217456fcd8a62a5847676d33b34b879,44
0x6a7ff6b2e3f7de57448d5643a84c9f3ab915d979,30
0x6a7ffe99ca50104df11d47d22f1c7acb4bc34e02,2
0x6a8000a41be03025bd76b8db554be212efe43677,2
0x6a8001d6347b88eba06b41c6e21508674267fa03,36
0x6a80080d3c2c9b1ba5d3828652ce481872a1628f,1
0x6a800db75f21f0c3cc56ad68c307f61e21c1b14ca71e911c03e1abffef33282e,2
0x6a800eb9905745be7f64a0948eaf981a2f373a95,8
0x6a80135ed0430ac1296251e373284da9f50890a1,2
0x6a80143f529a8e6f11c85c9885fca50bf3f62601,37
0x6a8014565690008626dbe39e2d5c1106db4d6ccb36fb8a3ca4e45335e5f5205b,1
0x6a8014b5ce9dd6124b15ff15dda5c52fac24af69,1
0x6a80159b60c55aec78d627534cc8e3f8b1e50e67,1
0x6a80164659049ba29cd604fdcb93dbcca9bb6a9a,26
0x6a8018a14a4f4e85ef48aa8182c33580bfa7f671,6
0x6a8020c4077d297e74a321ab8cfc201ac172cd4d,38
0x6a802159db29c5bb057130066e330115e59c77cc,12
0x6a8023fd6384465dd5dfbdc07cfe9f8595b77ee28c3f1f754d8358f3dc1380e4,1
0x6a802731345dce29683206168118b76fcb6c8667,1
0x6a802801b7fd3672424f45974cd3e796b6baf86a6c3193477a3005f663e793db,2
0x6a8028124a3aaf7a04391d2cbfc979823d04e5bd,1
0x6a802952b3669e0d6a5abc58819b6bd9e42f764f39dd6b28be32b9cd34367725,2
0x6a80299f8387d1084c87a8054d71a32614044523,69
0x6a802acb699ec5d4c968b6b9c2bc07f5821c4114,2
0x6a803024263147affcd352042bf50d949f8345fb,1
0x6a8030b6250ed22b912e84c85f4c075bf38a1759,3
0x6a803125111d1cf9dcacf48e6d2f0dd852f621d2,29
0x6a803afaf8461d0773548f54fce65b34db816d89,13
0x6a80413b01f9a3d24e8e6d31076900b8d2774547,1
0x6a8042fd14ed38c6bfbd8f9261318ec4dcd04a9b94c699016c7444567ba0ae74,2
0x6a804437e3eff7da686e32e1612b1b72de196e58,1
0x6a8045270b65578920c9eebcbe7e18a3b77e7c3d,71
0x6a80489f4fdd9f737e53fb231e6832bdb0fbcd39,18
0x6a804ceb8465aa2bc11b1ce26ccc9c15fa8447cfb379d398b03c449afa9430f0,2
0x6a804dc34c117fc89ca139b2a1f87f708c8deefb,1
0x6a80542ef270562139b9082ab3a8b416c3c2db8026c9739010747a1b470e5dd,2
0x6a805bf54991e60dca7828aa767207e49158ac0fecb0e0a6e108888419acb821,2
0x6a805d6179352edd26083c7da9b4cf1887c9879b70d72ff49caf1806c59565ec,1
0x6a805f24ee36018582305eabdfdbc36da1c1ffac,36
0x6a806106553165662035df8033d70b4824d7b9bd,1
0x6a806610ede28ee351c199f3466782b57ff8f29b,25
0x6a8069d6221a3eb73ac668db8dac8055e0d7f43c,17
0x6a806c04f20c9ca5175881b22b01fd76b40089e42c1d0cc9686aa92d9972103d,1
0x6a806c41bc490ce1817b15f80234fd99157472a8,9
0x6a806cafdf63fc54d33f97d219cac9713c3e4813f600db526fbd7192064668bb,1
0x6a8070e6055b26ffb6d9366ae7d81af7ccc30a7de010d623f21ae01165e064fb,1
0x6a807105ca67313303be5de111270f81c4efa854,3
0x6a8074c0ce92aa67077c9bba477b4f596a86ede4,4
0x6a80766a7357ce4f530f39f0147ed739def5e766,15
0x6a8076e1b8fc43d5e07d03ba090d7a19e1cdafd1,2
0x6a80788346ea8054d4f9dd8b6f2b430ae19415f4,31
0x6a80789240408afbc5d6a1ab26e3142db634b088,1
0x6a80795e24f35f3edd2776a0fc4d77c90a293276,1
0x6a807b1d9712594192b01eda8d8fca1900780f54,22
0x6a80811c906e0f775e3d66d499f2e85b9cc62932,57
0x6a8087af9d47f5ad9b79fdfee58b917d40434d73,42
0x6a808a6d7cedb89467825fe81ab950eca9f04a6b,7
0x6a808b532bc1294007c903cf4daf431c5eb82dae0d49067f9a3dd0c2b319a42b,5
0x6a808fbc278dbf2947e037ec281945068585d980,12
0x6a8091e6c268d2ae05427f686a0fc81b5750874f,36
0x6a809245a0142ba32dd7f431b079881f3f9f742a,60
0x6a80956306a0c0f9b464027acfb50fbd4d15bbb6,1
0x6a80983a06faeb3a4e4c6b2f7ab99407d3fec8cb,1
0x6a8099148ef8d8605e8d78c63b4e9b0c5c3920ae,1
0x6a809a340632b9981978352fd747a65deca35db8,21
0x6a80a1f0b66515e2a8617b485341d9682789dfe3,36
0x6a80a30ce90d6629d437cfa70edae7f2d26383bb,23
0x6a80a6657a7f48643b8747155c501c3189a53fcca940e8e0172d02543ad5b09e,2
0x6a80ab0ad981dba571dc002c889e3a10ba2949d7,2
0x6a80ab491160cd4f07069572ecac8dab58910f7e,13
0x6a80ac34ba1a05438c98a3a73444c491fd0274e7,12
0x6a80ad02dc3d29faeaa90fbf7e32d41c2c8f5140,26
0x6a80af8261f404f751d2edebf958e447038d4470,1
0x6a80af8fda31a7fbede5d36cdbc2c06d2ce05a1a,36
0x6a80b45e3bff30ee054f1d2f8b6b7d1e92ee977e,111
0x6a80b6d192f7185ecc5de2f03c7edc3f042846e3,1
0x6a80b75f990fead7548dda98ecbda39aa6eef0f3,14
0x6a80bd143e743094d71165064ff6fb4e8fade6da,1
0x6a80c2086de86771f37f5b0befae75221d185b4c,11
0x6a80c338ed880a28d6c31111a41357e89b9bc0bc,138
0x6a80c897df348f6d59e8ecd0e1c71a1b01b468e5,2
0x6a80cace8f8d4bdafa18fb3a2713fb8a707d9301,3
0x6a80cd3d79e47c65fa62c6a481b81d3d19849f8a,1
0x6a80d5760fff56bc1fe26fc17c2566c82edfc7bad3215f4ca53cad6e65a99f5e,1
0x6a80d907b4c54b742721e796449ee3a44dce89d6,1
0x6a80dbd98662a65d4ea6af420bb4ac1059fc87d3,3
0x6a80de9ad099643917c18bc9fef82eb0f968c53c,14
0x6a80e0be5e9cb42b125d5ff69fd40c4469f728ce,6
0x6a80e700312e6ba3f7ae93d503fb6bfe38dc9702,40
0x6a80e79e00b61693107240136081875246113977,21
0x6a80eead4c1b37ce6d70ad408cd01022c0fbd4b2,3
0x6a80f38ea984297a489d7371a08657bde81b3ac7,1
0x6a80f80e5349dc63bb87e42cd7136af340308890,2
0x6a80fffd6d3154c378d9303aa847494a0f78ad4a,60
0x6a810221f85b87f32840723fd91a35d24cc4fbbbbc142bac6f1f2b91cb51ffe6,9
0x6a810bd64b43fd793edf54a7a845a2128a4833c9,4
0x6a810c4806315eab3d08230806ac7edcb7624b03c902529767b4d6f74d8ad341,1
0x6a81173b78fd63cce1679ceb953e2bb7fc2d7f19,40
0x6a811a4b5d144223175fab2938e53fb3db7816fd,2
0x6a811a8450b689fc4ea2877277fd1d3bcab91ad0,2
0x6a811e1d0ce40ea18a67f6430f823053c5099beb,1
0x6a8120127949adbaebefeb5ba7ab8e3a1d1f1104,52
0x6a8121db3a0006a818ac908628ee6e2fae02666f4fcc77625e4bd86d241daddc,1
0x6a8123ee15621f475ee8faa5f2f30dec6caae4f7,32
0x6a8128388545c9c92eb53e14e3f02c04ad001e96,2
0x6a81309698967af4e89dccb681646cc472e6fbe3,3
0x6a8130cfb2e3dba81791bc4f3b2ccebc67935f07,2
0x6a8131c3c82d3fa3a86f885379941f696fb6cc87,1
0x6a8132b3d73b15ee009fc895fdc4a06d091ceb0e,39
0x6a81339c5dfde1c86f03b4cc6d8678099ebad80b,1
0x6a8134eb59d883614a7058fd27cda560dd7a3f05,2
0x6a81378f24568bceb0991ea84e23dc7910020725,140
0x6a81414ad00e8ae67894bc1f074345e01816ee9a9c7378626e30452e262c43dc,2
0x6a814ce1ab691974afb403d00c2dd9c58c8b78f3,92
0x6a814ebd2ec7e0b34f7ae32c677ffbec983217d266ae67911d4d50e9d3c6862f,1
0x6a8150e74ca42fe4eb091ed22766999cd6939c2669ec6a558cc1c940b25b6a48,2
0x6a81516c279681bf8ebbb25813c8b755f4073a5b,2
0x6a8152fdb3a3ccb5b3480d0da736e3e080a260a97982db76ba6b7ed07544c961,1
0x6a815735471dbd0f85c51b115b728a247abe0cf4,3
0x6a8158b7b0751bf4d05ce28974a1a70e90e996f8,1
0x6a815de069e9d5841ac790be8b4aee91e7bfe01f,2
0x6a815f5e157f1eada5872b9a7c09e1d034a725ed,6
0x6a8160ace773903d09e00c478cae0223107994f0,82
0x6a81649384a9d8b13ab096fe9c54c1955bf2012f,27
0x6a8169a422aa2422c216d881542c4201e880c812c7e68a46cac69a139d1c16ff,2
0x6a816b22f51835e46dd69e06feff73afc3012345,10
0x6a81742216906c904e9b94ab9872e50993eae4fe,26
0x6a8176481bcec48d1151dd698e702e6982acb3c9f015558a8e61c4c8c00a80d6,1
0x6a8176e24a5f4d5f30a6edc104f2470deed9ebc3,6
0x6a8176f135f6fd2bb553ab2795624a58c81ff2fa,34
0x6a81792abd620156fe2a8bb9d4b4ce6253840f38,1
0x6a817ae60259f16e11c4dc4b536dec6bb8b0b94c,3
0x6a817e02cfa3d8a1dfe73a74c26d8f30a02f5aeb,2
0x6a817e8967638a5ef8dc02210936f8e1a93b58ca,12
0x6a8181af01cf518a74219d18960fad3d9f46baf24b27c4a2635e799af8a16a9b,1
0x6a818c09902769c1915239aaaed17a9f150f79ad,85
0x6a81916677b27cc145917fd98266b5368d8b5fff,5
0x6a8192ff631f7b8b78d40847bf82c0dfb2826327d74edd757ab2877af7f99f75,2
0x6a81932713d7285b462b86a0e08a12df76cf2a56,106
0x6a819a10608fe962433b87248bdde7f88e05274b,23
0x6a81a51cc622cd0cc853bca1c41619efe8bc4090,1
0x6a81acb8fe4b6346798ac9ce7e5d83e2b10a9ff5,2
0x6a81add86d41a84d929f078dd5b650bc57b93ce7,19
0x6a81b055c0453e3d77a32b023ef4b0974cef7c01,55
0x6a81b1d61badebfe828c1c13469ec52d3cd1c2a5,79
0x6a81b311931f6b06e6b0ddc5a42061fe634e432c,149
0x6a81b9d7b7e04f899fd7c0075f681822e2fada0e,148
0x6a81bbff0def4de6a33a711dbc5045dd067276d1,8
0x6a81bcd02a18583d5e4bf5170cff164acfa1cd21770002be2bd3ad94b1acf112,3
0x6a81bf88c40a21b8779c4a247ea0488b661b69b9,97
0x6a81c180d948234086a879cc341cc3bfc6141812,43
0x6a81c50289f16a7e556385d6bab17707e2ea23c5,77
0x6a81c8264b786ca9db3da1ef6157231069467415,27
0x6a81c909df53fb0a5a7ff5706804e86c2b074abc,19
0x6a81c946d3f9a5e91de736e3281a05897a811458,145
0x6a81caeea520188ef6a82f79a83450a64d76c7547d8bf37507af3bd82904f938,3
0x6a81dae7cfd0c66e208c602e2e7b6ad333a19a8d,4
0x6a81dfa948207724bc13e67e735f161a94e58b0c,1
0x6a81e4543fb30d092a5aa315ac605db565670d60,1
0x6a81e51f10e1b54210ab23582e3ce3e8cfd3ebb2,37
0x6a81e5b4f01347666db2362048b3469d98174737,7
0x6a81e5cef74c1c0b944ec9ab07b10fe869b5c6c6,1
0x6a81e9c1968d8097e9ae7b0d6d5c690983e687bf,71
0x6a81edd58c9a4d7f7780e63aa7daab6157148bf755767477bc7abb9c5816fa88,1
0x6a81eef216636b80a1026ce8e13879635ebcde46,142
0x6a81ef68ae09f860cb1453e7b31ecb8768a9950b,108
0x6a81f045757fa36164e016d61841bc571f993d34,49
0x6a81f39f1496bbf51de2396a930ce0a41dffaa09,8
0x6a81f5e74b47ca1f8ff7fa160a125ff0450ba3f4,4
0x6a82010840be66e9952050d28ae5bcd2f47873aa,52
0x6a82062d02b7cd8394f7c71cf1371308e980dec3,17
0x6a820a55ca426c73c2f55ea673d36589ff9c360dc40f89b84d1af537733f500f,11
0x6a820b6acdc63c914f2c0d3ba30d807de04e50d7,71
0x6a820ce6692ae3dd76587076857d462a7354ef4fc8e9dbead7d3ea2215e076ef,1
0x6a8212480be07bc951f1576a249e41abf7155a8a,30
0x6a82165a4a6e1bdd433d9d96ed29ad6d9e6ddb69,1
0x6a8219aa65511f73079626e981f06c80a96d09d6,5
0x6a821b347d0e3550eabec0dbc980eeb8218985c34e745a79a966b22495e260af,8
0x6a82200af49564c94888fb95c7e9261f8f5bd310,47
0x6a8220116753941c2b28a587ecb9dd4597c8a12b,1
0x6a822596a707ceda1eb22bc75e0b684fdce44249,1
0x6a8225b356fbd8c89b519981505fb9482c909048,2
0x6a8225c9dcb16183adf406e892adb5ac165f65ea,54
0x6a8227e8f33abfae262a4f15818a119a232a1859,46
0x6a8229bf8757b617f5e75d7489d371c4cca93fa5,17
0x6a822b984928c1e6326abc9cee48037be0429294,10
0x6a822c8be4122b57918bad6dd017bdb84cf0a587,1
0x6a82316429ae399793bf2d1868309f01e1bbf750,63
0x6a823761c88edd8c9f0bb9ebfd4abcbbb8434783,12
0x6a823b4397cee75801dcd1a95f6b278c41614e6b,35
0x6a823d8261ccfb802fa9e952b84aab0be48fe803,52
0x6a823f938e28ebd68f8a0972a6655c62e298c576503cc2862309e0c11fa1205,4
0x6a82407f5bf22a04c5ce099423c89ddcba271cf6176aae477252075a03076ae2,1
0x6a82449e0b0973246d561f57e4cd3fd25988c8b13b16c30376966bac509fc73a,4
0x6a8244fd7c25ecd64eaaa60805cc54eba4c6277e,20
0x6a8247dd29f5947948d0ed277493d4de53bcd5f6,39
0x6a8248d854280c4533d74422b304bbb0602f411e,25
0x6a824e6f128afb2ebdf3b90d98cfc654841f946e,39
0x6a8253e0790a13d038ab8e37627711bf7d972116,6
0x6a825513284def3717169f02a86a479b22702c8de07edeffe71a7cb826a4e651,1
0x6a8256c869f6f44ec70992ff98148b942d8c81c4,1
0x6a825792c6edaa07995b769b6bc2f66a11cd7af1,13
0x6a825c184fb1e5552d63a4e3442c5eba3069aa30,1
0x6a825c9dcab79bd5c2be08574aaf924baa536be3,1
0x6a825e04e2124198a6121777a5389525ea93b08b,2
0x6a825fd833111e8d9f6e8dc004d8993008962a62,3
0x6a82640838c937f7eeeb3bc7d9e27ccd13ef31b3,1
0x6a8264157ea98f2e38a5ec27862b003a2dbbf908,1
0x6a826bb81a1aeec96e29dc68bca41f26d353db17,6
0x6a8273744340b28e33b8917e113afcffc0c776e5,42
0x6a82765c82e44e992c8b306fe15ae5515afa7f22,39
0x6a827cf4f8f6efa1c2c8f988791e61209d7c360c,36
0x6a827f9c49d2ddef18f58fac6b9349f1da53c6d8,34
0x6a8281401eb00c0f859060f90e66bb27c100b56155779448127ed9c08682d5fc,1
0x6a8290a0e6d7166110c6edbf673760a12af70fac,39
0x6a8292be3113c15a7d0dceb25363a642027aac7b5272473b4a0dc378b3810428,2
0x6a8293e9d52929c16c0ce3e5ecbb4b9ff744bf1e,150
0x6a82949d7e7eb7aac400ed3c34272bac50849d36,12
0x6a829570a6fea339e0766fb650f66132f297eede,3
0x6a82986429135c8a8593cca4d480a6c06580759b,13
0x6a82a0fc40390d4e34b6caf3fbc4652b41358161,30
0x6a82a20eb95daaaadbfae47c871ab673e624b8fb,1
0x6a82a24e20df8b53e3906d7b960f86ab65268207,62
0x6a82a2eaba6e76dc3cc469f731f1396bafc15628,25
0x6a82ab76e058a043185ae96a68cb701647e949d4,10
0x6a82ad6d13713c185ddef766889ccfbf86ed89748f4fc7b29c16fc84767b5ded,3
0x6a82b5aee602a81b7625384450a6aaa273fff887ef1aac5dfb0020cc186a62fb,4
0x6a82b800ac56ecfca784d7d8439f946f3c56e476,8
0x6a82c510c027883aab03ec1d613f7c1fd6e3c688,53
0x6a82c55d3890d2d02a588a48f8e1a9ae3d97efec,31
0x6a82cd57a0020c08925e4d5bb5db45ebda1f6e67,5
0x6a82d34b9ad0fc458f068543ac34d4590e95f72e,26
0x6a82d3da43b6acb46115fc9e3f0f44d200005aa9,13
0x6a82d4c9a30cc6ee363668cff45b78def0cf2739b34f4ffccce18f66a46ecd2e,1
0x6a82d4edfd35694d1f3bdc4061292e33fc9a1489,66
0x6a82d8e629d92f98deca1a6a18cbefecbe4191db,71
0x6a82dd7f51549a9a143c55d2baa46ad904cdee80,22
0x6a82e3eeb22dda23bff98b6ecac439867bdab7ee,74
0x6a82e43ecbeabfd0ab0323cfc031fbcd3d1f6a4c,58
0x6a82e4be00f859e30da39fa861db9147892790a6ca7ab6834a67b75075fae1ee,1
0x6a82e96360153cd5982e6283e4c6a8af23ec7dce,13
0x6a82ebe550f023df64356928334846d514301512,11
0x6a82ef77f2c38754261f04d2c1724a0f95f23685,20
0x6a82f0cd35899ad65e94be44ecad567287af1c0b,1
0x6a82ff630ced6d3ad3df5822dd7c0787ab326c2c,21
0x6a830339e8a71a442a27be3525e5eb32d92b363b,39
0x6a83040f45b6d85ab34d978492a38cb6c5f05d99,2
0x6a830422363090a311ab839febe79ae4e3eabca2418e86000da52f99b95c6624,1
0x6a8304ba53058aeb7e53568afe49bd9b0397ed60,1
0x6a8304d67881ef049e0bbccb1ee757cc2f3cdab6,1
0x6a8304e33f47544fc850972f03477e166c170e88,28
0x6a83071bb3ead7b8c1a08487dddd10c3027c4ca2,21
0x6a83088f8c32ea74d1b312c3a99789a172fb8fea,1
0x6a830a43ce8b6ba51d08f5ac89e60d2e658b0450,16
0x6a830ac40e3d08d9343c43771a843f1e72f7cdd2,83
0x6a830ba07b6a529ec64f6e1ed370b3bd01e1603b,13
0x6a830e1f2967f25395de4e7fa02db34a115ffb18,8
0x6a831086d240f41af045346ea42aff908aa7c4e2b0b22d9a7c8ad23c3c856ce2,1
0x6a8310925770137b5caf934c7722a8c2ae7c09ce,13
0x6a8311551ac4ea3329e529dff13dcef5248a5f03,268
0x6a831dbec43f4e296e092560f0413b179c0899b6,1
0x6a8324a8d4c71e023e30b51a6d53315ff44a90a4,128
0x6a8324d81e237e7d3980aa9bb35bc86764942276,13
0x6a8326a39de2015295eb28394a0b0f01976d88d6,112
0x6a83280b33d9afd2910a30f0709b532568ac02f4,1
0x6a8328828ee99a95b8ecfd794134a088d55a73c9,1
0x6a832cbf8939dc2c014bb4142d5e75a86d6c6639,2
0x6a832f6894599aed0f916d4e20858443b35aa142,7
0x6a832fcfee0a0f4df6529c7745ba1d7b550928e8,8
0x6a833042b6d92d6940bc0529406f274717b62be3,38
0x6a8335015d0895bc97a25b30e8ae6a96b9bb0a7c,70
0x6a833574f5d2a8aa031bdcb7b165c8825adf0933,11
0x6a8337f3f1e96a472cfc0d05ed8019524895c546,15
0x6a833ce9370d2dbb743b4ba30205b646f7032e74,2
0x6a833ec31a9d9c0827450a44d0b8529b1124f87b9f3ee19eeb4c05b260eff77d,1
0x6a833fdeb376dfca97403b17416c9e09cf119a39,31
0x6a83411a90adfd25bf8347e996114633c80a4916,106
0x6a8347020cbadefe894bfafda44a3db3c89e4852,27
0x6a834777497217e8ad1cdf8cf2e34ccf0cddb492,1
0x6a834893c23b23e1cd3cf808bbe4a24fe6f888a4,9
0x6a835149a7b8f7500f2ccc9ef6b316a891ae0046,13
0x6a8357e539a2e23b7c3e5ef4803bf6e048e2964a,1
0x6a83625773a8c548fa4189ce31a48469c26a5c8d,1
0x6a8368782eca875a8ed5511bc63121814ec9ae16,9
0x6a836d3a81ca580e4852e4c0791f4d973a8f6c8d3e1adee4a68bfc331eaea237,5
0x6a836f088a0d00520085b608c1df3458c47f680c,8
0x6a8370139e286e574e869332c823376e750bd3d5,8
0x6a83716ab8cc6eb6013e1aeb1e2334eedfdd602a,2
0x6a83726fcb525f7858f607f6a897a2cbb89e77c71017174f17ca6422a600d9d7,3
0x6a837451cb913a051b320800d5cb539f0da1284c,3
0x6a83745cc31e83b75eab59c387f7a3f978789d78,44
0x6a8375dd0beafaf74bd7aec82f0c69e92a194870cd01427216cd139bdf32ed07,1
0x6a837af0965301d8c00196cda8891ddca7d1a722,9
0x6a837c782049044b8799113aee40451616e61bd4,1
0x6a837eaae16b378c86e9a58dbd3b3b959292f95c,67
0x6a83852d5f8f7c8488afe6c0d221371af0c53908,47
0x6a8385653363177c37c1b1ce033276dacfa4d8c5,2
0x6a838678a2498dea08fd3753caccb06f3a69a53d,3
0x6a83867e68e568d4e7dbc7df2cee0132ae739eb1,2
0x6a83869372622dacc6a609ef6c36aa01945ac200,2
0x6a838a6fdc6db0ba587407ecacf21f1a51bd0fd626fef600cba616169516a0ad,2
0x6a839266e8ee67af4a0b73d5c02bf0b9035e8245,1
0x6a8396507316fed07b8fea9f5dcaf5425fa190e3,7
0x6a839a68a7a5d0e3a6adae0e3326897977c1f7a7,2
0x6a839f54e474484eb5f1a9b50125d80d7f5cd6bc,2
0x6a83a6a9f9e05e7331a872f81aef125cc02dc44f,15
0x6a83a87fa6c6b224b97d5270faf840a9d4921f4b,1
0x6a83ac5438ccead1085750892a8c2781bad386d8,18
0x6a83aea3b73df5916e14a5b80a3908b1f8aa3171,43
0x6a83b240f3d8432c516f05f7eb01cd79bf558192,1
0x6a83b6f18b01bdbf4cedb991f933224639ef581d9b90cfb579c0245e324dbb0c,1
0x6a83b7d2c838f9aaf4b41a2dbe4a0968e424c9bd,23
0x6a83bc6de8cc0b084e87c04cb36dd6449c36662cf19b01d80b7a71b9f250437a,1
0x6a83c05afc3bac2a574f2dc8486106e8034c5f959dab90c3e4a0e04346d6249f,2
0x6a83c2c63a230fb9a15a46e64ddb4381dfbf9376,1
0x6a83c78c86db1bd2031d747afb8c6afc28e1e3025536954fd7bfe96df05f9c39,2
0x6a83c98fc808499e7be5bdb780570285c69ffc1c,50
0x6a83d2d13d758490657b9f184199fe4c9f80af15,1
0x6a83e13571dc18ef037bdd95e89e99f876f70f7b,27
0x6a83e1477c2c40661857db2ad100e8b9cb048357,26
0x6a83ea793f16cacfb7604a8b79c518f34cc36b41,2
0x6a83eae3b961b48c14df4381c8a21c1f03b42feb,110
0x6a83ed45f495fd772b83aac4402a9010655b554d,7
0x6a83ee20ec3bb3db3505de62ae5f71e5151bd469,161
0x6a83ef7c2e159156c5c3993fecb795334b04fa60,1
0x6a83f164602a413d3fcfcf835c8acdfedb171677272e060dcc76abbd54a1206a,2
0x6a83f714712e55d852bed4c5a36e75a30487c399,47
0x6a83f740c1af5ccf7be5a8c166e216e45817d547,29
0x6a83f7ca910343c8e1b6af7318e9705b06bf5f7d,8
0x6a84074cab8f616bb5834818e09049b24b24a47f,1
0x6a8408fbeb8124f8072e919df8db73ab9ea732c1,33
0x6a840bc682fd2250aacc7118bb1968655acfb5e5,1
0x6a840c593ceb072d150e14ab91aa39a557a5da5b,30
0x6a84156aa9f92b36c09037040e52c252d87e12a3,1
0x6a84169a7746b35c791a947a8c7950c655a22143,1
0x6a8417951566c5ab82f1f0554fe7c24e515386df,1
0x6a841d802992753e3b7e65d7597f32818193f3ce,16
0x6a841f041ee46252df61138046aec436432c91dc,14
0x6a8421a0df1255e947a47236526454bdede3959d9c89549e63f433ddb8c940d8,2
0x6a8423c5fa07562eac8f0c1cc4ecb71c10f3a29b,1
0x6a8427019dcd1d7d1923c9c6f8efcb9a4c3aa6bb,43
0x6a842ad8c2ee80813f07e506917a7072a2ad8059,13
0x6a842ae333cc971a8bb48b393473917f04abc1e0,1
0x6a842ca6eda5d13022fc8ae17a514a0452d22381,41
0x6a842fd536076046a1f9542f1e0a89cc359c92a5cd33d5274d8789f1036ea6b,1
0x6a84321f29ab806878b86e20582fda9aeb10b9d6,4
0x6a8436e86640582ed6beef5c3e3a441038bbcc8c197ac1360943727a4115f18c,1
0x6a843ac3372f09125082f29dba55ff22d8a9f313,11
0x6a843f2c617eee5a0a4f8cee9569efa86ced3e6e,52
0x6a843f9a7eed7b76130783308107e0cf0f9f71dc,3
0x6a8442a020674557fb13bc481d81124cc4ecb305,43
0x6a8442adbcc916529b0d16fdec736c1946d9a960,1
0x6a8445540ec3fc67f8744c65f01cb1232a7456bd,1
0x6a8449630240792ea942b908f82e5ddce100c7f5,1
0x6a844999d9eead1a371065528925d20346b7fbf4,69
0x6a8458519520d21ce38d8011ee51759911e68a49,1
0x6a8459b0dc0149dc771f7d70cd399bbdad0f99970f53dedf0b1efc2f2007e1c3,3
0x6a84603cc40b156f7e455696cc00842ff7629f59,10
0x6a846300b7168106e30929ce1fa42148cbd9f4a9,2
0x6a8464b4ffc03af5c04e592274effecb76a6767ca7e382e1edbd2edb61636252,1
0x6a8467a39b0d6b46a06c391e8b244275a8fd61ca,36
0x6a846a9f1a80eedfb2b6a663ed3b731283ac2fd5,1
0x6a846f17f987180d69b4d88a98890ed9568826d3,1
0x6a8472626ebd021dcf3e340565641dfc4fe15ebe,1
0x6a847618c4fb9ebc6fa7df0b3634677de1f55f70,38
0x6a8476f290cba31a4cb92b010e457c2dcf9d252c,1
0x6a8478740af3e8c7440b62821988ced35162378c,37
0x6a847a41f178f97a54ac8228d4fe646b3cc1dfda,49
0x6a847c380a25adb30ba7c0558b6b54a42450f427,1
0x6a847ca095468bacc9764e49477908c26b879b8f,1
0x6a847caaec1af59d6e2b28fd876b5702985f2f7c,122
0x6a8483d8fd38d9c9435baa15b54b6c21b627de0e,59
0x6a8487070cca7f1e4eabae9568f26c9681a5bd16,8
0x6a848817a0121ec469ac474c78dbf6f8b99a6bf9,22
0x6a848a8a9ff55a0fbdd667a02d9a9059e83ed10a,1
0x6a848d78512681066091933ac7fe4309940dd35a,84
0x6a84901b38f434790751c7426bdcbd217b563a96,5
0x6a84922a6ba3ea21c15bed815c1174f4e328ec6376d870ff4310d351c12303ad,8
0x6a849981ffbf0f2ff33198063ded9ea36610a2cd,1
0x6a849d510b2167f84a74ddbd27053980cf0a05d8,44
0x6a84a53e914a86bb3039be1836e372cc7be0cfda,1
0x6a84a6523b32728e12b6a6cf9d4679983c8d761e,23
0x6a84a7276b8d1f81164e57f8c50d1d8a99da405e,32
0x6a84a9980d85322fc3990990e0768c319a3a83c3,36
0x6a84afd3433b3143af1aa83349d9c94c335bba5d,66
0x6a84b06dcf0c1e4c01f23c63385c47147cf145e3f0d249dd47ace41629682252,1
0x6a84b07c8568c499d47033b11f265f97113977ad,12
0x6a84b28e21d0a0247568809c8d93f986ec81f37b,1
0x6a84b2f0c598a44c546f83931381fea57f6e4885,66
0x6a84b3640d9487e66040e4da7d68ec6aab3e414e930229130224b5ec46551a8d,1
0x6a84b4dc604c37aff42e57bf49122de5e00c8573,2
0x6a84b5516f7b353a97054d63a7ad96b3f3059080,2
0x6a84b87afcef797ca39ec38c58ae01ba143153e5,1
0x6a84b930a92337b94b5e59aeb2705c1e8fee0665,64
0x6a84b99ece75fced3556f7940994ef1f79a47cc1a815fc8c7f3d68c0f4fac507,2
0x6a84b9b3a52aafa34c83e94203d581a5bf9845e9,19
0x6a84be1e711d1c1a84c9a66eac6ab27887567f53,73
0x6a84c02248a551091d807f0dfeb72252baac209f,28
0x6a84c0ac28a26ae1c8fbb10a223c4a961553ca7d,1
0x6a84c1271ed5b6762813d5e502c43760e8b3f1d7,1
0x6a84c46c6e477c24a59246898f6970fb37d26638,45
0x6a84c952f013f473255533c0a458ba19cc235893,3
0x6a84ccdc55b39a8c46fee2a3e7be736e6f1590bc4eee2dca0237ac24e5d834e1,1
0x6a84cf7430ff8d5648daaed955b3de7661c7813a90b1c284c958c23b1493dd19,1
0x6a84cfb6970bf975702312f982be87956ff54991317ab1355587daef600d9b5b,2
0x6a84d012ce64be1256ee013e8bef1b08a592784b8df0fd8a0a5c9103f80e499a,2
0x6a84d12e4886072d9d2c45a5d49aac1e65f3b7c4,7
0x6a84d2fc601b13109bbf08f597b2a842e2503169,3
0x6a84d94921ce0adffc0d7e1e10b26b7ef666aec2d3de98ad00bbd5e09f4af370,3
0x6a84d976552dd80cfa021f4f2cf3acdf4dca598f,1
0x6a84daca4687be6a1c8f7a41f1778b27413509fc,1
0x6a84dd3d62364df637044cd9d2ff9cebbea69733,25
0x6a84e18b5985da999181af7ab1530b7aa4c98eca,1
0x6a84e50f09b08304b9f5b6714ac54b082de16836,10
0x6a84eeafd0d56ded6f3ed37f58c56438ebe4fef0,31
0x6a84f7c673f34c74b39475ceecc340c1e9ea427e,6
0x6a84f9376293ecf9f77778bb385644ce81cd5780,169
0x6a84f9b4c13d004261f882a84736bb0e4eefc81f,43
0x6a84f9f20ad0e46e665f6965c4632520fc7a26ee,80
0x6a84fb487f598be1a083c04047bdc55149bbe36a,29
0x6a85011e018174f4644ca46a7220ede939647fbb,25
0x6a8501a27667f043d176fa1b42650f9d9686f278,22
0x6a850253d1ba153408723d5e17fdd59ee7dde8f4,11
0x6a85026cbfb2f9ff71543c3df928c5aaec7f9f5b,33
0x6a8505fbfbc114c6d7bac82b27691cfd539a0882,6
0x6a85060fef1f5192c7325c94c2f9bb2a39806d48,10
0x6a8506c77ba1bd7a64d4439976e15016896a83b8,19
0x6a85093a04c087475bfefde119cefe7d52db7f15,33
0x6a850956313d38379d7b00c99be8bd848a1e40b7,14
0x6a850a2e1d471d25af491af54581a2927fc56f37,17
0x6a850f70e362b99e3261fd4e77ec900e1d11c401,2
0x6a851141ae941d99f8655488a93e592ad2589ead,28
0x6a85151fa72e681064a4ad58db79c56ab51eaac1,41
0x6a851cc33eefe33db3229fc27df8e2bd6e154cf76ab05cd0f5ad608a084d56e,1
0x6a852279e5076d16bddff0a6ac6f01752142ffd4,46
0x6a8527cc13a78528f3979cb1e35fd2c611f57822,61
0x6a8528ba7290f9999b6a9fa3caef505fe964fbad,1
0x6a8529668fc6f04ed538e3f2f02f560938bed9dc,1
0x6a852b9d5b87cf31a5bbfe2034685abcc46b65ed,2
0x6a852f1c00bc16cf4e4cb45021c3f51e08ce0243,2
0x6a85333beba85aecb9819aa27a2758a8741e5760,3
0x6a85367609d5fd9a5b8bf05d6f765a4e57d7d570,4
0x6a8538532ac95e8860d1d6c1d59edc40d9103803,1
0x6a853aab7154372ba87d9c1bbde5c686ec3a9b85,1
0x6a8543d3f7c2f41b0a0f9abe29bf28073e66c444,6
0x6a85455efe2c7eac89940a1d58e9c48aa5ed5505,74
0x6a854ce6b52aa364b00faa1ce97b964f6bf6deaf,83
0x6a854e198e6a270ef20b1ce860c86ee36ecb57d0,46
0x6a855066cf98f99c9a0e24a565bb61f38549233ab72518a7613c86e471b97bb6,60
0x6a85510a1186aec01e8b975c03141f472c064ced,13
0x6a8554fa6f79505d2283901f6e67aca95e891ad8,46
0x6a85589d764b10d8a9a446a662e66bffe3cfb5af,5
0x6a855ecb06edfb0907729db431b4a0bfc225de53,2
0x6a855fe0d9bad8089107a12fe94cf738b967dea4,1
0x6a85615a7b77d6934140654090d9d525b573f2ad,3
0x6a85655c000ef67d38a04d7a347ebab34f9398ca,25
0x6a8569de4d468ee5987d7cb5bcfb019d0dd4892f,25
0x6a856c3fba16526800e85ab6d50c38b14cc24105,65
0x6a856d8cfe07164ce937ca5787ea082cdc80d3e2,1
0x6a8573c3e80e657aa882acc5f8ae454a102dab72,1
0x6a857efcee453da26a13ff4ccc0a144cb20746d3,1
0x6a85807b135010456ba16da1d047899ca7d7d2fb,4
0x6a85810d932ca19eb350d37d5be53e958ac53cb9a7ce14b42b6bd3de79e868d9,2
0x6a8581310531c3222cb4b5020c9145303f97e90e,1
0x6a8582e8f66844fbdb3a16e4b64972bc1b69343f,1
0x6a85839a48f546d9817791e07a2f7dc238f8e101,7
0x6a8587c039eb0f216f2bee8ab1af6a3c2d64b0f7,3
0x6a858dc1f502bc30d68cfcef5c450ce84d806008,3
0x6a85911bceb7bf6f9bc3afb57743cffb700d9a92,1
0x6a85915eeab07e7a725a5e9e46f511d23025e6ae,7
0x6a8592fa1d453a38278c4d6bd8f3ea2ffc655cc9,1
0x6a859611aa913d67cdd444ad299aea0929dd431e,5
0x6a8596171d5e74d1f619772fde47f05bb2b16fe8c7d5b11f740e3b731834dc7e,1
0x6a859d7caa48d96eeef739428c2fd1c6101485be,54
0x6a859f56a6a9edb63989f5b1434e8cd2fa0e639d,61
0x6a859ff4032aeaecd6e2b94bca1fd1c9acba5097,4
0x6a85a026ac3d1827e9757a5a79ebf9d1a57863ce8b88f544c7e1a06e2489aaca,2
0x6a85a7b84408564a8efb7ac82ae9619da030a4a6,2
0x6a85acb5f04be9abe0ef71e73a8234f7f1156f74,35
0x6a85b1973c6cbb7b4f20d6cae2e5d17a7fb6095311fa31ebf1c8f5e9847117ab,2
0x6a85bae67378f3627f82ccb1e15887e09ac7cecffb59ca5ab1e31e6fca01cfc2,1
0x6a85bb5352fa019de317d37109b3fdb4a0d5d63d,1
0x6a85c3bfc93d59b9746152a35832fd3255f7f930,8
0x6a85c406ae527d7f75fded2e41c022b70f684186,19
0x6a85c6859754dac3e53e5505609b8c4d70157821,125
0x6a85c71463e96bcf51ea45ec28e2340cdaf0ee2ecbb6e4889552c1b540124505,4
0x6a85c95e808e795ff302c8c946328d674ab50f74,19
0x6a85cae46b9d77fbf61d04d39ca00fd4395a46a1,66
0x6a85ce81677ae8a8ad3f4fbbf42d7431c44ba9b2,43
0x6a85d256ce1622d64af48b08247db8674875f4d7,20
0x6a85e0e58850b25e2f07595f6e5ee5450485003a,3
0x6a85e341a82e4d74e76ca3e1b2553face97c12ba,31
0x6a85e679468a944e8a0bfc5e650b9ff5f603f320d1ffdf32824be0d657cc9d63,3
0x6a85e8edfa23fe39c61e450acde23143d1607346,34
0x6a85e9216f9888c9139066f0c8b7b71d2d506851,2
0x6a85ed6adbd0423e7a8303317e1f1a8a91693e9b,70
0x6a85ee641a6c42c2cfc19aff9f6999e142aeeeee,115
0x6a85f02077575cff661717c55d637e418885c135,5
0x6a85f43342379e7092ed8d1db9ee9d20539433a5,1
0x6a85f651e8b5650b19ea17d39adfef1c033a854e,57
0x6a85fa1ca39355f13eb5a64325012c8ceb55396568c452c64fcfa2d3af6c1e5d,1
0x6a85fb344f21a71d5c7703eae94bf603a64e65a6,41
0x6a85fd36ad323cd92461d0358ccd653ef2ca3d85,1
0x6a8600539548f9b4f02df24ffe2af2f6fcc0ca4b,4
0x6a8600c2a3bedf5cc2b0208260fbd86ade90c7de,48
0x6a8603d3578a104c7877be704e4e57272b7d2121,68
0x6a861133811360bb9c2dfc7613aa18878434287d,2
0x6a8611c832b106f765539946013a85e0a5fea36b,1
0x6a861231888f9f5789324956e2a9102595e08f33,31
0x6a8612a2f6a33ad1d4e646d9dad5bbae33c20a44,25
0x6a86146331cc172e376ff3073be16b036856f108,1
0x6a86173e099810b21746e9e8d9d3fc60aaf337128a0942f5f1474fc7c1a8a8be,7
0x6a8617e9ad6f2a00f0de2709f2df7eecf88f8f0e,6
0x6a8619d9ed1a1a852e17d120475842dd27a9ced12ec553c1cbf932abf2574149,1
0x6a861af39a2d41cf897c6e201bd3cf51889ea212,17
0x6a861c208299ea041fd71a4a599b5818f359709898b4af52795d5d28b03ad7e5,2
0x6a861f667adc2cee4dcb1db6b6a22e555164e544,22
0x6a8622b678ae28dad72750021636c16e6ad40896,1
0x6a86257e0990edb4c2dc85edaa6fd0c5582c2a55,61
0x6a8626cc00f6b3d4d9a56515e7db4702b5b1c941,6
0x6a8627720d20ad097ee2799c4d63b0bcc3bf89be,7
0x6a86286429aa5ac320630a6fde4fef1ddfc35ed0,11
0x6a862c9a601722295a3bf39a575e545cf6d6c4d1,6
0x6a862ca9b9f2f0bf5dd6835717900e7e1280fc9ae3061d8cc354ba3a940f2a65,2
0x6a862ec2ba22603a2984683b6736a76ba26f79fe,1
0x6a862ee834e404e268539469b9ea5cbfe3df3fd8,1
0x6a863985ed2998fd5d4227f5d3d3fb236b920b0e,35
0x6a8640a178d92bda984d3aff4ea068beb4c89568,6
0x6a8641ff9d55f357de7de0baf0dc93c9b4c63d98,7
0x6a864208b31d24d1c34061a1083de6f5146d137e,1
0x6a864358ca4273122d556cd8f2e1f033530a4c62f950f3f9060c3235d2dc9d0b,1
0x6a8646781b1bb793aca1d8bac42631c401fbb06b,2
0x6a864aefa32b733d3b4cfef946644d225ee3c7bf,15
0x6a864e3cee91faa9ae30891d4e31fa2c1c9d84ff,33
0x6a864e52514db411485b8a1d8c2a4cad189eb651,11
0x6a86508eef1f505a538b3b2d126d123e36b56415f4779decf8f64de9e4704969,1
0x6a86535661c87a18536f71c9ab54a0c9b285a607,5
0x6a8654d92089501da35c848269cef81760ba6347,44
0x6a86588ef50dd13ea56966663dd9c82d7ba0a76e08e5ebb95e4b95aa205ed280,1
0x6a865dbd01c5de216ef16345188f18896748b28a,72
0x6a8660efe43df24f9bb91acebbd9f4751db7525630dff4cec669574c9c299328,1
0x6a86639afd1d34eff7dd948da8d18db1843ead42,3
0x6a8665a08a67beed7fa94bd3bf46b3e48ab3f0a6d4ef5e589bbe8947bd9be19d,1
0x6a8668f7c010d8a99bdb607310f9f010799062b8,1
0x6a866bb7ac5696cc12bbda1440545a39e15721ffcdcf8ceb8fabaaa0efadbf1a,1
0x6a866e5a944e04ad3b89c27641792a605cd9bfb8,1
0x6a866f429b33246a33e2cfe88214b99dbe1d79f9,1
0x6a867805cb0c242090517bbfe2fb2d5ccf3d1c1049a93957a8ace025a91dba3a,1
0x6a867879fdc29e9e2afe2addb31f5ffafbf42e8def7ccaba0c7fe07e9040fa67,1
0x6a867d94b0ae44cefc5758c1fd3f648522dbb5fd,24
0x6a86848fd6bab2a9a4e69a84a551069870fd3097,2
0x6a8684d5ec4ca609aef8a73ebb6a88d00d953a95e424679c5c1ce6ac95b0f1d,10
0x6a86870319447ad7f7c729ff2eec84a7e86e87f2,24
0x6a868a2a586746b9b2824d95ee06e0b6358e48ed,5
0x6a868aa23b83c2e47875c0c818f978d062f75318,38
0x6a868ac2fa55eaf240be3ef032144e66bd1d82b2c286cf4a0b398e0f33901ccd,1
0x6a868bbce655057fa2353a180b9cf6e221b42a5e,29
0x6a868e092ef09ca5188710031a511a857692bd17,29
0x6a86905179d7cc2d68d4d5e647ee2aa327a29d25,31
0x6a8691a83a0009702ce6c726bd1913d5d188a20e,58
0x6a8692d4d5ab682004cd06bf7d852734bd13ada9,66
0x6a869393cb53b97210fba1aa20d728609d2670b0,39
0x6a86984a8b5355a05a05176a21d358dad7bedd32,61
0x6a86a0af80583459970569f1cfa2ca571eed4255,52
0x6a86a2b859fd32812585780778f12139148ac259,135
0x6a86a3c125f00cebf9e65a5fb3b08b96c0457d00,83
0x6a86a544c863b02d45379be15fd34f26a087b31f,1
0x6a86a8574e5755a98cf919c29447de32a5d1b583,1
0x6a86aab9e5d694a6106a28ecbcde3c0df149ea15,12
0x6a86ac380747d8cca53e022dc5af358fd5d3d8b8,1
0x6a86acb6a1ac2d7a93b65055637f1cb30abcdaed,67
0x6a86ae0e1e70b821a958540e04316795affed2a1cc06489003307cb58022df65,1
0x6a86af7547efca8e80ef23c4660907630d1ab5069b964b6808a4f056618d0946,2
0x6a86b0c5badf7a339fe7c83b3ab21895bc5fe7d4,2
0x6a86b137bc326b5c8e560802dcd978a24ddc9a03,6
0x6a86b569ea632d663973a1f500e51872443eddad,3
0x6a86b6b96b7ec7f4423218acd36542bd3bc8d939,39
0x6a86ba3db2aec491cfe8f36017de61d645091846,60
0x6a86c13ccd19048f3efe2ea1d0b5935564d47d88,1
0x6a86c180974954c04640434c840b9d5d5e40b200,2
0x6a86c22e1363d11c04308533df22c1f12a703c57,49
0x6a86c53a3e1e3e1b9b7c65272793c59831cf4fe5,4
0x6a86c6b8132c58aa9642f6e01486d4e8f673767a,1
0x6a86c71df6a517d50a946bfc6b58cd779eb2008fa5807c0c0df710d393f38608,2
0x6a86c8b61cf7f11a94edefea539f4c3a82994232,6
0x6a86c8b9b434317373231ff2d83d5eff7358f1c6,80
0x6a86cb8910375c9c178184119618983ce32ab4e4,1
0x6a86ccf45fbaa552226fb3c0251a6dcbfa9fb869,48
0x6a86d205c3e472ee8d808cb8b03552823bd63858,1
0x6a86d538a14bb0c7da1b275668a2a170dafef53b,1
0x6a86dd2b906e7f7ca79e28ca8de289420bc3b2db,5
0x6a86de509e565e831956e22a885fe8c4e8588d39,38
0x6a86e4083b0d203b8d002852235be78d5599bf78,1
0x6a86e4a5cd75c1fa014f097c41abe1eef77465ce836956b1eee116ae67169e81,2
0x6a86e4a60debe732544d313c1a245e1456aad0bcbeb7e4e7b3362d6e659b68c4,1
0x6a86e8b38e32618556f507abdc6ef509e042dba9,8
0x6a86ebff8ce198a3ff1ec31c3762a5dc87553cfd,2
0x6a86faeae7b908998c7acfd9aa7c21c267bca611,38
0x6a86fe4bdf73f5d9732304e33f3936e730c450eac49773114a55d75ad0ae7595,1
0x6a87004770f5b495518ef46789d50438e168a0a3,3
0x6a8703e88c24e43a276d70af2f0713e5d084dd6e2129d7220e4366b94c8222e,1
0x6a87066a1d93feeb2479014dc79e03f31d5721cb,45
0x6a870752b930ee4776a9db037138bf12b0315bb1,1
0x6a870bc29cf2d63606a11f10f3084e713cc1cf86,18
0x6a870e695d32864fafc229de6266870d7276db88,55
0x6a870ee1cbb3732b23cc9e68f1bc0c136ca37111,60
0x6a8711d79ff04932911597ab7bf3d5a139bca13789c495c6c5d81e19154492d9,1
0x6a8714ec0349ba97aaf575e14c305768a7a9c135,69
0x6a871506b3acf6bbbab99f7dc1c165733bf280a6,38
0x6a8716c7cc0801085dac33d24735f33f17c764d6,2
0x6a871d303f26d92a90c2d3d7c79da1505efec508,9
0x6a871eb87e4b11537ca14fb9003836a0107e5b42,2
0x6a872185a100f617ad76c7a43f968255b4d5b015,6
0x6a872211f73cd16f10bddbfd607afce36cffd126,108
0x6a87228971fb5640f8c09f70b6b9c63ae12035a9,42
0x6a8724dc61d1b3c7edaf2935832b2985f7ecd2a9,16
0x6a87266978e3bab5550ff309f78ff573516c206e,1
0x6a8729efa5b936d71cc4c15b438b5406369b08e7,44
0x6a872bf3c54fa587efcc102ff7d9f62b39b1362b,2
0x6a87342f214a7e222e735f07125517725c355534,6
0x6a873513daa8a78a016e41ced62e387b347766dd,62
0x6a8736f7f649d90d6777b280d1a398a487b95912,1
0x6a8738a80258fabb76a61db7693d932172750142,152
0x6a873f54b5f06569865c53d5cc6f430859a87a23,10
0x6a87401ab154d0b17c6ce6ca6db5ee94ac480947,1
0x6a8744f28b17ca8825da653c425a522c586fce71,1
0x6a874557fc46d0b7216fd450de7b7e2c2af64a16,21
0x6a8745d49216d9d60134a458ea5584351fd06b03,49
0x6a8747306060e5efa4e39fccc5ccdba64b34d371,73
0x6a874a1502d6990de1a758760e50c4f32b209df9a8fc6553de16b3b72b5a855,1
0x6a874d25010a79e51a44c60a34c998e9aebcd071,70
0x6a874fd809649be5eea5bdb7e72bdb9fb1012d1f,1
0x6a8750bf818aa6d82f7a07b34e2bf6dc24f8097c7844c316e1bb9cbd2c9a0197,3
0x6a87539346a1b8db2ed327719eea983953c1da86,57
0x6a87564dae533bb8463dec1708ee6eda6795d6d8,1
0x6a875b20045619d631cbf7f54365b0eb90100e39,1
0x6a875bf9ca8b070aa19696bf671538a429a4ad5e,1
0x6a8762475ff763c091e3bfae34cfee046fd03d33,193
0x6a8765aa0b6a11af4a8369dbe7e1d73bbd4529be,1
0x6a8766c7f16df60ec1386ff964688275a7a4a8068b63a6a64acdb5883076dd25,1
0x6a876e2380e1183e1bb25654d950b909f0e6e505bfc5b56f7dd5cc8c44d0681b,2
0x6a8770e3e6ae1fbc24eb517df2348edbc0492c44,19
0x6a8773cb892ce88ae10683d499a096f2b3648126,29
0x6a8776b0cc63fc039fe89f8426da170e5838c282,1
0x6a8776e4c3f88ff02233b0c9c3fbddf3999b256f,13
0x6a8776f47a7a92b091fa8006dd92d38849e6e572,3
0x6a877a57c62e07c5cc261239f9e7ebd9bd78ba7d05040146317da6fa858d2380,2
0x6a877b572c2ad99d1077b8e1e2b3ffd6566f271b,5
0x6a877baa81cf3ec77f2463ac346bc15b9318b601,3
0x6a87818b6da5683cc475aa2101a60f581cb277d6,7
0x6a878309fa87d8080554612356d0acf3b0e146ac19e50175ca2fa09fe1624f2f,1
0x6a87839bff960b3cae04ed339690fb61c4869031b3aaa426f17c9f99a55a5009,1
0x6a8784741a9e3f1aa7ea2206f159bb97d564142a,24
0x6a8787f660271c8d82765688038a22ed726261bb,3
0x6a878ffa357d422e3d96689fad38a0cd13db5b74,7
0x6a87901fa03ac229edeba19dc81d90dbc6ef98ae,75
0x6a87903658110ee4f5832768c9a592c7ba8befc7,2
0x6a8791a6a33126e1d799c12a0d499576f482d929,50
0x6a8793b7359b2b7cbe01c2340d4b2ba5ef0bf96e,2
0x6a8793bbf8fb80843533d724c9e59c21a8838013,38
0x6a8794181188b19d6b63f63aa5f0808d3c08149a,1
0x6a87960a85fed420126cfe7de3c7e376b6fa265f530218c0a55fbc2ae3f6211b,2
0x6a879656b929651c2e146a3fd305eaf5046e3839,186
0x6a879cba94a43472014212830c5c8ced19527197,29
0x6a87a1ee5e90131457d8ea1a72bf3108b328f383,46
0x6a87a533a2ba5f112f0bf8ecc1b47b3b317cc25d,1
0x6a87a5569e6547525734aa2a2756cc1243191495,68
0x6a87a56b91762504d86ba3e141c62bc4d798ff87,26
0x6a87a5f56e2a4d196e27f7a1230cdcf86d1f4e89,1
0x6a87a930b733f44fedd98158fa54899f4aeb3554,42
0x6a87ab6a346dffe0db293f0d6ce3bcda28bd9267,12
0x6a87bec1bac04991ce50497726f243d18e83b165,55
0x6a87c223d20bb7b93bdc6f10fc32ac90a5068c95,48
0x6a87c3522467ac9aa6288e6dfd57d8d20ea06540,1
0x6a87c62b56625e7c262afbfa5adc3ae627218aca,67
0x6a87c72074e29cd21df7ede06aabbcf2f4357345,39
0x6a87ccfdb53006695ceefab542f733604e26530b,13
0x6a87d0cb5d3902303af833dabaab3594e0d3a134,2
0x6a87d8c28dc61593143f04f0c19ada27b97e914a,3
0x6a87e147b5c6ef7af3b561325076c49ab9aeb076,2
0x6a87e45487d14162c5bd61bb2c18f797ce676d38,23
0x6a87ec0ce45f72677dc3c5187e0ffe3bf2e8eb00,1
0x6a87ed6a811a46a59d99de963f8cfbc154300e9d,6
0x6a87ee7fe87149bf4aa72817356a685a19314a5d,47
0x6a87f4b3ef4ebb848cd144a894151abe619eace2,77
0x6a87f5adef01440129990d6d51597d81637c4c55edd9fd5dbeb57c1b5a151a7f,2
0x6a87f5e9dfec51151d8dd487a32168cbadddfec3,1
0x6a87faa6c0a30678d53254c70c36a5236fbe9819,31
0x6a8804f954f8195469937948602ffceaec11f8bf,13
0x6a88064f5b11f4b8710d832260a85130008a0410,65
0x6a880b0d2c47d139db0927af22b8ca0406f0356d,11
0x6a880bda7ed93e35c0885d8046c95d8261ca9da6afcead7fa959d1e913ca659b,1
0x6a880e7d1b7f167c063dbff9218829658d8771c0,5
0x6a8812bb4a1f413fcafe5919c707351ffc2f582a,9
0x6a8812cbca017b2278ee2da409fce8511fbac7d6,26
0x6a88141b9eeedda39059a44a80a10867e71feaaf,8
0x6a8816405a4a1c3136147b23e0a46ce2b1c70fdd,1
0x6a881e6b44474e5ba23a7aa8501f134788e530ccf452d3ec43915dde018cd2b,1
0x6a8821de59813833de838d699a92a5a1b85338663be26e124243f14718089b81,1
0x6a8823c6dacf3b7059980bcd887f9e7452cb10cc,35
0x6a8823ff004789fca9a62e169364aef6840cae86,6
0x6a882873fc49b78a344fa46b33e45674d623711f,1
0x6a8829c1f23b27e4c642df52312b20e0446926bf,111
0x6a882ab64ffcfcd2798e15f4126bde3f8b1554dc,1
0x6a8839c4fdd0084846c345b01eaec2c13213bfa9,2
0x6a883a563063e23ce4f2e7bcd16aec55d48a9c10eca82848d55eaf337cfc4e91,2
0x6a883bde9af13d7ebff94d616dd067641233f679,2
0x6a883da8ebaede58226886294772a8bd7292bb19,1
0x6a883f3ff50b8db9197b8a4190e3aa4e0518a770,61
0x6a8845a41b8f897c7326d895138a87624b155a41,47
0x6a8845c0d90e2d4c2fcbc627489e9436e47c0251,13
0x6a88469f057ef735a886e68866d1c354f079758f,12
0x6a884956cddc4c3dcbebe813bc4496620e421ffe,4
0x6a8849e4667c7ec0c033186153d189b56ec68338,3
0x6a884dc7d59554376f20718578aa94bafe45bc0f,3
0x6a8851c00f665355fc4edb66a535585e31c1ed63,20
0x6a8854d1158a71a6254400d4c0a86e18a5be4651,1
0x6a8857b6dfbfc99ae968f770ea5ff6fd1bd0cc8c,1
0x6a8859036e5caa88d07924b9880fd4b114d5bda4,6
0x6a885ad64a0d0c6450ae0ad42d58109756271dd1,1
0x6a885d38cd3541415ac542a4ba8c244f53c17b45,2
0x6a8863dc3169c41e66ee05764881a7c64760f4ee,7
0x6a88658a36342fca2333410e38df1e5f33d63a79,33
0x6a8867203a9af0244b0052bad501f55d739663c6,1
0x6a88673df8a0ce6a83b904d030043cc8d57108b3,1
0x6a886a3f3d5252b545f8fefa421872953c9d8584,47
0x6a886b4b0cec5ed9b84cfb9c2f919698bd9c7d0ebc7ac4093201138409f32400,1
0x6a886f3fcc281b385f6cbe8abef0501d35e9a084,61
0x6a8870899d9ce3159faaa01cb914fe0cd811f740,1
0x6a8871a6c41af182bc3934d416dee9bbbfeb48e5,36
0x6a887216bb03dc516678eaeaaa206af71566f049,1
0x6a8876a5786a05cffffd14956d3aa77f67242582,125
0x6a8879d155765fc38ac8d82214a1942ca9adc47b,4
0x6a887a77bb940cd5001d7adff67dd2bea3bb67e1,8
0x6a887fd33588d2db518e2e29e7fa8bf0d4c818a6,3
0x6a8883da0ed1f27643fbfb4f6ccc1140280bd946,1
0x6a88877359fc3e3b24d477dbd082d3a07846ef21,1
0x6a8889445807592670f7a2a222e7d24d48ccc679,37
0x6a88895aba9b6c097f718fa58f8c2f4eeee4b136,1
0x6a8891c4ddbe079594f84d37ea90995ad44ee483,8
0x6a8894e2e18abc80e3debfc976fc4e5ab09a2cec,21
0x6a88977a3d1001146571a0b2ac60951149d72a82,4
0x6a88998dc3bd7d094de5970beaa407bdb1875a86,59
0x6a8899a681da7abb559817824a06838bd20ecd2e,1
0x6a889e836c654bea3d00b942a45e2973237f47d3,95
0x6a88a1b9f5d7f1463b9a26e46413a7e2f84336208f51258f8cf5e730f2055a25,4
0x6a88a45a9c2869c0720d97eec6b088d15d5507d1,35
0x6a88a7e1ac51f0b6b18491692964c493c165a5ea,53
0x6a88a7e39577c6cd5d6d1bfcfa677d36ae982802,1
0x6a88a808ed6b7bb19fd31427c6bd7b0d70c015d3b9a3bbb3f8166906ade075cf,6
0x6a88a8ac6b2f2eb3a4610747122c6cdafbbffa27,24
0x6a88add1228b255f9a02bd78985fd8f6d7a42bd14ae62cff752c3fcc661c47eb,1
0x6a88adeeb46a8b4ff91785e39dd34a4a665d73a7,52
0x6a88afa40e9b397f97ebf69ac1c4f5bafc8be555,1
0x6a88b01c1f741d33b548c398a82e594f3cd093cb,77
0x6a88b052a163c6035151f82ff2f660608c932720,16
0x6a88b0a9bd02d80bf3f6951acbe8f2242fa0020b,20
0x6a88b35469c4e921579482357cde4a7337fe59bf2c9bbafbc55f26392f7459bf,2
0x6a88b39e9d173c73e8e445b60f780219169cfe5e,4
0x6a88bc7b5d9648ed0b7a972d78b3e8330f123338,41
0x6a88be5f80f45a5dbcc4d2d6751716a839ebaeca,16
0x6a88bf8484991982bcd6499af6e44c8d1bba2cff,10
0x6a88c527a065f4ccc4af4ab79d852712f3216ec5,214
0x6a88c60fa7b0187b16451e2573cb1ca4aabe11ef,1
0x6a88c7268f1f5e8b19bc3ac238ad12f635f337a0aacbd5721ae749a17f24da58,1
0x6a88cb97b321b5c05c4fcc41bb2f10c804d76723,3
0x6a88cbf14db8fad2d0ac149ae2e1bc623193d1c6,24
0x6a88cfc26aa33800dbed14c22f372ace98cfb4c3,46
0x6a88d23d2c8dcfdbe0f1f77bbcd13abd62bbad20,12
0x6a88d632188a0fa8c9efb5e820d0354e7cca43be,27
0x6a88dbccaeb770209d5e531d2a01ae0c43a2b897,1
0x6a88dbd436285e1b022e3ae304d5d4e83c9da88f,9
0x6a88dcdea27aa900a809549e0c415108a72e0f79,3
0x6a88dda5945a38d46f770ad69c23b7fdbb400b18,26
0x6a88dfca208c66c2ae0fb79c2ac2422da1a9af3e,44
0x6a88e0bd0377984a2b3f163e167a93d3c8de6acc,3
0x6a88e2c2c149e86732d58053b69b82023d949222,3
0x6a88e41bd334e5d2017d9828f9cda7764e8dc02f,52
0x6a88e509d02ff6ed6b695a33bf2aeee3c84970943da32c1dea553e8f2150421b,2
0x6a88eadb451504fa202bc1287c5679af4ac1e922,65
0x6a88f1b9344d9fd3c7bd58b761acb8c73cd4d0b585474c75fe79f5bd6a95f838,1
0x6a88f45a9708ad016d99dda4711162c35c028652,40
0x6a88f4d94c14d7d2ccaa283a2776fa06bf7795eda165c4d83b9e5e26fa63b7fe,2
0x6a88f7e10dc3f29061f90e437fd51cdfd4be17cca88ba25b34bd239a49d924f,1
0x6a88fb9890e0ed22e8a865387c2bfa2586b8bb55,56
0x6a88ff522d90d9c5b9b70698f8f855fed4cc2604,15
0x6a8905a75b8e38ad69bb337b48f364aa0e4cf99c,37
0x6a8905f9e0483d46436f2d90af3de7c5d6df2e4ecc64d854cef41907068a8b81,2
0x6a890c2ffc5dec706a0acee50c610ec8eba3ec1a,4
0x6a891183e87983bf9884c03f92b2f7fba276da5b,1
0x6a8911bf5bcd95551fa1efd7a31b9f6de9dc533a,1
0x6a89141b2a5c3e6d86fc86d82fd91136fc414bbd,1
0x6a8914eaf4092d755bcb0f68336098b4dc6ba45d,4
0x6a891940b5c976e8aa2f393008b3ce3d4a7680fc,131
0x6a8919aed152c8436aa8e7c443cd0c19f1704582,1
0x6a891aeb25245e606c73355eed4f875a9f8961b0,71
0x6a891c4beb6057d5c797a410069dae7e465ec086f368ed44d6e016d621b2bc92,1
0x6a891d98ed109fb8ea2499aa4bfe733d74227b69,1
0x6a891e522d88cbc7cd168e43966396420efb5428,2
0x6a8923acd710f88f3a9256b98d1b04a5a2fc4812,14
0x6a8923e86d61141a7444372a3d7d4b60710755f1,1
0x6a8924e67b50f011a9dda207308128f1b18e32f171c5456d061f63f0ae272b39,2
0x6a892a55c2648699393b600add488ca6c0fb15f7,3
0x6a892bcee0e3c501dc6464db0f333ac88d9a9cdb,1
0x6a8932c2be58bf0b44575a420568aaf24c0fed5e,2
0x6a893358c49ff7fa94e7b26d46c6a581e2d2dd33,1
0x6a89392043173c668648c71bb028e7c0c63666a1,7
0x6a89395b83f5e373f30a8c06e3d5ba258d00d3d3,1
0x6a8939f219d7d60206c589133b47b327d4ad5234,11
0x6a893d036d0883f1ac0f7b6193233d3e59e47cea,5
0x6a89411e0a2271dfb98a5ccbd1342593d9a9b663,2
0x6a8943b4c779cc30199832a5224280bbaae02914,23
0x6a894422a289e1047d592974ad63c69cae69289f,1
0x6a894ee975ab7218aeaed815d8f99146cc7cbaae2182607bb75c58f60b940661,1
0x6a894eee2c3835d1a968e82d3a70ccb3c17c8cc6,53
0x6a894f0a36b54d725081e9c3c277083dfe327eda,6
0x6a895016ba574cb77a6ad987ace2c09053d7665a,5
0x6a89560298ebee33c31fc03495dd650843e8db6d4d278f8e0098c3d54288d678,3
0x6a895701f8797ce5dd8e163d0d2366773d148a35,2
0x6a895ace0bff4bba6807d03fe47f27a734c11ae8,2
0x6a895b0ac190284bf96d77cbc6aa830002cb58332d34f6d9aea649d77f214e60,1
0x6a895ec0bbf4dc80590ee038db275d45b0ea0a64f590c85a402a9e8bc6d9ddd9,1
0x6a895f5a00dbeb6038b1e90d93b97707d5876a7d71089f3914738d03b0ceba2f,2
0x6a8960af59a607fdf1445e408396683519ddad70,16
0x6a89615a066e1315d77ad35bafe94b6a829d0612,42
0x6a896187baab4a3060df9476f7394b069c7c584f,1
0x6a896447bbae84305d99608a83a4cfa9335b7133,1
0x6a8966260be619d66466509d6f18d94662a3e0ee,8
0x6a896ce576b523c5b176ddbdc700c1df9b371bed,4
0x6a8970515e1ad376ddc3b234d71a664295853745,1
0x6a8971ac31a8d489867c4c4b2696165ed2d0a260,20
0x6a89758305abc99793786431f6715f9de4700a7f00ddacaec7a3ff03cd09efc7,3
0x6a897b32996d342535791a74b8a40e75ddf2486e,1
0x6a897b6612a236670256efb57cf8c87208b4ec87,8
0x6a897c94fe8808048dd144c63cccd7962917c0f2,47
0x6a897ec8c53dcc117425af424ad101a578264681,1
0x6a89820de014f04ede1d862b7762b45dbb0bbc0e,5
0x6a898888c80ddcfc69da21ab67dff88ac79dfe00,1
0x6a898f670725c55b3d4a1dadd6a00cc19f662cb6,3
0x6a899cd71f46c42cf479c91130916de74f208eaf,38
0x6a899fb3df37481cc4d4af06c56d99dde99272d53e3cd073aa066a87d09c860e,2
0x6a89a2bd7e2f6924ddd695c4ab2eec0028e9fbd5,18
0x6a89a44b29f990aef9c995fcd9974fd0c15ca79a,8
0x6a89a532a210ea71770d1eb7c2ebeb506f3e055d,1
0x6a89a8a1353cea866d2dd2d164a3c9008e6ab15d,62
0x6a89a9d8554c815ee98388c064e01312d85da3ef,44
0x6a89ad2064045c89473e91b86fa84fdcc9534d94,1
0x6a89b1484562215a62ad1421e3aa7e67089ca6b6,141
0x6a89b2e502b2652ea5d73a15ba0d43c9d1194f7c,5
0x6a89b3b5f07a9594b1bfc42924b59409aa569cd2,1
0x6a89b53caceeebd9dc44d0d8b87dd9c888c44697,138
0x6a89bcd0a63641906af5a60fa86880ff8522a1b64e36da1936aa1798bf154136,1
0x6a89be3bed967f9470cd579081b8a677f320bbd5454146527b661acac8419a4,1
0x6a89c4386f69d1b676d8ff049863db882c2262ea,11
0x6a89c85390f649bf3d013254aca34a87a6a639b2,6
0x6a89ce0fdaa7d70dc10fd0ad8c5db6c451ad8ec8591f56f379194b09096d0e34,2
0x6a89cfa65033c1e14b1a28e320637ab67aaf039c6bbaa8852f6f3862446a0bd9,1
0x6a89d2951d900d2cc6d3b28017bff6306938a8ac,3
0x6a89d56abe57e85c762a41753203a829a9474c5f,66
0x6a89d953a021629625b14d83df3ce34795e66be8,76
0x6a89da27c81f02d9c4c2b15799b4f1bb14a6c85c,38
0x6a89da861272bbca032a5ca63b61d8533c13b119,22
0x6a89e0a5e99198d54624ce72a10d07b18f87fc3b,62
0x6a89e150708b608a6089f6dfeb78653277403e80,1
0x6a89e4adaee3ae01e467d8e9ffb2a586972608c88b6b6c1f1f2c900d2dd5ba2f,2
0x6a89e4cfed26f2fee1ee100d9e385395edd6e6fe,126
0x6a89f184cd9b8f7648191811c3584d7283793610fb817f2b74c4358322f03787,3
0x6a89f2f5f66020b9fb73b28d605bfd15aa2d884b,2
0x6a89f33691d01666f24a9230c60eba8a40e5c539,30
0x6a8a01e331e9698472c27246abff313e72526fd0,28
0x6a8a01e47caed1fadf265026488d42fcc47179b3,32
0x6a8a06e1ebf246357aab5412cb5d50aac7599953,50
0x6a8a070353cb39d2ce4f744733349227a0862bb94226af1b98761cb2a394a377,1
0x6a8a07b30678e7f67e744f99738158bea894a6a8,61
0x6a8a0a17527c6798e1ffde63e7d1184b2769bade,1
0x6a8a0c34ad6075db906142ba2eab2be6602f266f,2
0x6a8a0dca190134de0dedaa07a3af206aa8aeedbb4d535b43f43399c88d79f9b9,1
0x6a8a12cece8e5cf5da32b2c1f8d9e4719716d949,1
0x6a8a16edbf9e8f181c12d9a9d60102720ce0bd75,26
0x6a8a1899548e02f20b5a55b45a05bbab22d7fef0,29
0x6a8a1a7af701809f0a3105f9b8cc83fcd0421eb0,17
0x6a8a1c17f9d775fc051167a764027c56533005b2,68
0x6a8a1e662f9b48081f06dc9836e81fb0005b9be3c7cf85e0f0ef9e9726c6f20c,1
0x6a8a23d851f4999a1a8ca2af01498c34fb098bdf,21
0x6a8a2749b1cadb931fb06bf4a48b15fa47fb9cc8,1
0x6a8a2a2894608f0a85ca116540824b9041819464,25
0x6a8a2afae3ddd536fdde4ee64818b56ffd407be9,45
0x6a8a2d0807c6a834e4dc830307f9b5cd06b2b95b,30
0x6a8a34266f506a242d08d8157fbf9b4e1df650ce4c24149a5b1bb681a06bc48c,1
0x6a8a38c65039a25990ea934dcf405082968cc47f,46
0x6a8a3a82c67e6902982f13791cf41aeb43043824,35
0x6a8a3ccce77cca89ba11a33d657ecc605182d477,1
0x6a8a4181b0860420283258260dd2829f327555c1d8b5befbcedf41b84d036180,1
0x6a8a47e58d6d90d269af55c99aff12174203fc35,3
0x6a8a48b39922d1a0336b09b606bcd42e529c24ae,2
0x6a8a5400ec2e9f79b8c2daf2025edf22f85fe57a,110
0x6a8a5427e7d6e663eec7d831268ac01460afecaa86deca69b20d869a99f703b7,2
0x6a8a566699f7350fd0d2e89db10255937142b2e003aaebff5466f1d9d9021942,3
0x6a8a56d4da4d2ee5e676b12e81f6a00904aff15b,16
0x6a8a5a16de3a0cf979f1f70399aca82479e9e838,8
0x6a8a5d1ecd3506d8af0cff1e9e9a05a8e7f441254873d62a8bb1659fcf45e540,3
0x6a8a62647fe74ab0782aee7feaf0e29487d32b1d,1
0x6a8a62b53757cab42e46ed6350f0321ae6a75902,1
0x6a8a6cf9c0d89ee255df57ae4394bf556c23ade0,40
0x6a8a6d6b5ab9030817bbcb2eba8d7a7820fbd528,1
0x6a8a6fd0b973cc12e2148808f30e28fd7d2ea03ebaa089153b1215eaef5d8957,6
0x6a8a6ff9b548775dfa6dc34950bb7f26f43520d3,3
0x6a8a710cb733ac1e88e48c3d75ea560d060a880f,3
0x6a8a7112e3e538f51ef0af3b7752a149c19e3b42,4
0x6a8a734f4c55f0bd47a9da0522ec04c79ebd8b08943863060855bbfae696c9be,2
0x6a8a749a374bb0318b9a689b13d74ff0f67c62c8,11
0x6a8a77f2ab1d9d2af5089d6574314f2620fa9f01,5
0x6a8a7a170dd273f93a1e3f65d079336e8f6d8842,1
0x6a8a7c18a4f8b2324e27ddab39eae739d13e885d,12
0x6a8a7f5da2e3ba748f299ad7d88e8493c44da152,29
0x6a8a81452e080b9bf67a9077ad839523bdc1d610,3
0x6a8a847b932353d9330430e1b35553a5b75ea6f9,1
0x6a8a877a41b3ab478a8419a43256e1702d31c218,1
0x6a8a8ce888195b4753369c012cbe167452a6ccb7,3
0x6a8a91fff535ec70bb961b41804ac92c66cdade8,4
0x6a8a921bd46c16ca5a06c5e3ea482ff635377614,1
0x6a8a93720f0c54bde4d4bc36146b0f6acdd56233,23
0x6a8a98327aa5e8a17ade041f2d8c48851cc492a4aa1883387a04b00f38041f7c,1
0x6a8a989bf76fa331e6ed1f1f20ffad6c612d6c31,4
0x6a8a9b45a4ac8d0b582b6b9e73298c8a1a0a2e6d,28
0x6a8a9e090c961aa8448bfb5b0476bd341b633b66,66
0x6a8aa7d781de8491a57c3e6d996a73b058b4eb411acfe6f76afcf93fb7984c58,2
0x6a8aa9093e87ce4945a8163f19a8044271a0934f,15
0x6a8aadc4712aca8b08f3f6d7142934a276ba4e69,3
0x6a8aae450f7373155f1413fb9865108141880d95,11
0x6a8aaf09d7393abb48ba9bfde1aae0aba8f7ab63,4
0x6a8abf33823c4b9875ac8608d66b55286f864d66e95ca4c68cb12a0850b2e34f,1
0x6a8abf40e4bb9962f70be90b31fb188f86ec8050,62
0x6a8ac00d0cf465ce56da62bb9bec1980f6183d4d,33
0x6a8ac027fc7da7ea606462ac0a3bcd39cfb78b85,11
0x6a8ac69ed5323c7bf158dd4f5131f0e69a30952adf9e46bb413932d04039ecdd,1
0x6a8aca585c9278b40082da4b70cfdd5f307c37a7,1
0x6a8acdc735e87b7fc1ef9f344adf18f8de36417d,8
0x6a8acdca2c71744ca14589e1a45d0e539c04b632,24
0x6a8acf632c61146d3b5804a2bc6ad2167bbaace35163ced9307a1764219375ea,1
0x6a8ad493e06234704d11a31b2f9f3f79109c1149,59
0x6a8ae1f700e3e3185a877ca41df5851072a0b07f,3
0x6a8ae26d0ab8c34a463c8b54a14218c78d2d83e0,56
0x6a8ae9f1ebefd842dc7e9ea68d48d0a9a753d5b4,68
0x6a8aea17e16fde79c0b013de26bede5be54fcf49,102
0x6a8af085066f02a91dae304a3184ef0b9886e4df,4
0x6a8af2b2dcc88ffcd480c884c81eeb5c5659e576,12
0x6a8af3f95ac9cc9a5f3fb1fe45d4ad1ea87c57a7,1
0x6a8af903420f24421c93050684d4f9012077bb6d,40
0x6a8b05272ad135d8d19ffeb2e3e4787a79ddff9e,107
0x6a8b060aeba0ba4fc2472fb47be86d03baf92f85,20
0x6a8b104a81b7ca2191343d875a66b4b5fc37e778,12
0x6a8b191d005e41444350565fcde050b36a787577,2
0x6a8b252b6d968e88a3e879b30852005ac7312ea9,53
0x6a8b27dad629cf65e190ad62c92fc57cb4b0795fd28f61ddf9dfd34f41db9198,1
0x6a8b287fcdcedc9110d83736816ae00a9c2c4a1a44be6a8e7d5da363b1badbbe,1
0x6a8b29761d4ca1b7743712856d47e2b9087c5593,2
0x6a8b2b81ecf221bddfc385c32396214ae8318267,3
0x6a8b2bde89ef1e7272499a7d558c745c8609e5d8,1
0x6a8b3379cd1b051258a92057a1dec627dbbbf2b6867831ca2fe09c38578cbd34,20
0x6a8b3a60be5428c2d90d81772080f49efef58a6a,41
0x6a8b3dcb243dba206f64450d3b27a87bf75e146d,1
0x6a8b40601ca4a5277759e0edd2b01cb4bc361343,99
0x6a8b40fb25a90a09151453aa79d569a7279f1ff6,9
0x6a8b4652d3a5d000f97652ec63d27f52bfd264f2,31
0x6a8b4b9bc16b34d4a107a7a64d11ba637477a069,1
0x6a8b4ff8eef6f04751562c933f9c98a8c89b54f2,1
0x6a8b522cc22564ce389822faf3bae4acfe6e0517,1
0x6a8b55514547ff49ee3c888521dd3c0025b98684,1
0x6a8b580ad4847d2b76b4fe9a0977d02c121bdcca,3
0x6a8b5b062b424da3c3831f2550d4455a9912fcdd,75
0x6a8b5c2f18a266b3f33d10cfb1dbda4c7b7ee9c4,2
0x6a8b5e04ed4da32655f917cfaeafdd66a7222d08,131
0x6a8b5e3fd1993c5c57b99587fccb493634e04186,1
0x6a8b637bbf8af72fc6131ff62afd320a9e1cb45e,2
0x6a8b680b8a68c6a2a4c1c43c1ecec0a2b559ef44bef35e40ff6adc822e436f17,1
0x6a8b68a58a95bbb55d092a311e9c7b2afeec0219,31
0x6a8b699a79438eab5ab04bc9f740d3e001165055,1
0x6a8b6d874d5444edcb2b096957a956e6beb0b92b,93
0x6a8b71111d2c61b500a0e4f2e613e7b5bf65e432,6
0x6a8b72b1aa0efc5f088a455b30a0fa9a41c77133,12
0x6a8b752b349e8b765290c162ebf5dbd0ee4ef9ae,12
0x6a8b7aa3bb51344cf0681c6e74b50c2bfd1ae81e,36
0x6a8b806f5c88eff4c5f0cf14277ffbc810daf6e2,25
0x6a8b83c53fd2ed5379e1de57c5c0b337112771d0,4
0x6a8b851c2e83d59a7ecf04bba1cca234c20209d1,3
0x6a8b8e7efc714bf8db54a91abd1c3bc0da2e5b95,28
0x6a8b8f443375c3ab7ed72951402781d6dcfd9f30,22
0x6a8b92d13fb282ee84bd2e8056bfcb5404471f27,7
0x6a8b93c5a63abca0d2ef53610a8e32b414afa3a4,3
0x6a8b94d654f8e5799aa1f0eb14c8b04c53db7b4a,1
0x6a8b990e89bd65c4133442aaf96c1a31f1fc6095,2
0x6a8ba0872fb7b77772b46ffa9d016fb048d0885e,2
0x6a8ba0e3e8756b3b9d7e07d1373a97f31eaed472,1
0x6a8ba2f725cb505c5a4904a5c2531dd19969bcba,7
0x6a8ba3073ce789a78135813f865b6047f9522faa,52
0x6a8ba722a95c67939e1402a1ccc708d7f726ecb4,1
0x6a8ba77b310bd1dc16035044729dee2606a7ee56,32
0x6a8ba9cbadb0a59c36b9111de2a4ad53ea42894b,13
0x6a8bab309688fd07139f71a1adaa7cdb16ff0dfe,10
0x6a8bacdaa939d89e658c6d1699a2011809853dab5784dab10562af359256e9aa,2
0x6a8baf21246bf82ce204174994ff87e1e4427643,15
0x6a8bb1140815dfd380f606ef25ea66b5af7ec306,30
0x6a8bb219780e6935d291e18b6812d2b40b5a200bf0063a0b5b11f1e3ebb43e5d,1
0x6a8bb65fcce9482101f944d5592662dde735f742,121
0x6a8bb7fa04539c73aefc88c051fb30fce4e847af,12
0x6a8bb80ceb7a355b0987cb965ba733a1a492b9b5,29
0x6a8bba6540c0a54a73cb18cf2c3797bf5610e4e5,42
0x6a8bbd4fefed7d2c77fc523195de88ec3f725837,52
0x6a8bbfe94b068a58ead1fc1aa7de140a61e40583651cbb009d4ef28a9b7d0c24,1
0x6a8bc1e31dbe4cf708217210599da74745f17e2e,93
0x6a8bc3acae5957238019edfe3c39a4e0b2ad0ed6,1
0x6a8bca2af6dc931c9b15a69495314e6a6e519b48,53
0x6a8bcbdffb61e149f9b6e8df5fc1cf92ba5b56ab,1
0x6a8bce2e779ee7aa137184745cad008849706a0e,55
0x6a8bce59205b3429e90620558b1471523dce45fc,1
0x6a8bce97ccf5bf72d8f14cff2789e1d8b7ea9300,37
0x6a8bcecba4026e6fcbf00404e3dd7a8a23acc4b5,25
0x6a8bcfd2428ad7fcf47c314acd035deaf9c79153,1
0x6a8bd101407d143c4f1c82ccf52eaa8040f8588e,3
0x6a8bd27090c4919d759816eacc6492a81929047c,14
0x6a8bd76bced8a1999d7fbadc0466e96357e8fdac,11
0x6a8bd95d8415f968c02fe9af612a24333500015e,4
0x6a8bd9940bb7b13e93b605899ce954439c3e4c0c,18
0x6a8bdcaa5836dda50379e011a97e2bb8e64b88045a49ed9b0e84705761436364,3
0x6a8bdf2ee4bdcdd1f75202db1077b44c15c4742c,14
0x6a8be3b9df64cf939abf0de271b931a8720ec4f9e5d169f3f9c97e2ca396b0a,2
0x6a8be6e77187591387350f9aa428546ee6f08c67d566f0f08919abd87efeb922,1
0x6a8be7560a252b75f1cfb1c93db92d611c36fad0,1
0x6a8bed883152d4801610f66674ec9f6263ecb63d,7
0x6a8befa5a59a47ed23653926d3433cbe3eab5172,2
0x6a8befdbb817aa482faf299a9b953bd427948029,3
0x6a8bf3ff8c52d1f3d6d69f4a725b97f6738fed81,81
0x6a8bfbc024a5925360f4de25038fb78915f00b12,50
0x6a8bfd70969e0f18cbb36b218f9e611a28ad5806,1
0x6a8c0306ff4f8d60d44ab61bb6858f23376f7e88,43
0x6a8c048b4dc179462d0ad3ff6156423b461af2ab,1
0x6a8c04ef22a1dff89c4fa3f64b851cb7021272f2d863f8c47b58a0d41d5280c6,2
0x6a8c078c6df29539d0f8a21a39197c47538cdc37,1
0x6a8c08eff898ef51a91a2c3ded08d84bb95f350c,3
0x6a8c109954656f322c08dbb7779eb2352377d85e,2
0x6a8c142bddad213bafc39fee2b257c84fb1d15db,14
0x6a8c148fb1b8e3c312081934b5bc276cef0b3db8,1
0x6a8c1779537f2417c43c305c722eff009075b6a8,1
0x6a8c19001fd3fc6669e9a5d76112ce95d929fbba,7
0x6a8c199b826cc2a068770d0327d9db8a0ef30b38,18
0x6a8c1bee09bacebb4dc2a1aa0421232a6b7ee1a2,13
0x6a8c1d5c25788313d54c952af9467b2764486daf,21
0x6a8c1eb8275fa13098b140f02482800454b0b584,41
0x6a8c2472b238aba8b61478ee7f31f01369a25479,69
0x6a8c24ff2e0edc09cebe0df9b3173177d6c5aae2,17
0x6a8c26a709942294ec3e1cd734afc76c5905b6ca,2
0x6a8c279728e169338b021640de04095f3eb6bec7,6
0x6a8c2bcda1781f8280a63e7b091ea4574b775c9c,2
0x6a8c2cdf5b839cc518e40b46f2f3838085307d42,34
0x6a8c3304f11ec549d3e06533192c20f7828731fa5f61116a7aa5c330eb7e0d8f,1
0x6a8c3ac02e85ba8d6e6bd24d94d42157e400d941,86
0x6a8c3ac770f05dcd731731d77974f0d1fffe7f2d,1
0x6a8c3e1971b0905fee125a924cf406211e90d7f1,26
0x6a8c3e27a4fdab6dd3573eb2489355741c722c35ad440153765075d47eef7535,3
0x6a8c4116e9f5098bde00983a8cd657a0e63e8daf08c0202014cd8727e75e7a7c,1
0x6a8c4230efa27fc4a36060aeb36db37fc40c9a97,48
0x6a8c446a8519fac6d29d792ed009c010b076fee4,5
0x6a8c459fb9e7c63ac8e5505b1358f452c77c6cb7,28
0x6a8c47965dab4dfac7b22163d38d5b1df087e5bcfdef561dfd9a7079f68be081,1
0x6a8c4913a09a04c4233da421be8a6abc2fed51fd,84
0x6a8c4e42ac17d1d9c90b5edafd6d12963cfd8e81,10
0x6a8c505cb54a16339c6c465f4fcd117305d694e66dbdb42be29d868d792bb237,2
0x6a8c525363ef407ace30a4b01a7e7a27919bfba153aa93c2f50890714d426ac4,4
0x6a8c5425134ccf06b872be775fc54804ae22b5a7,9
0x6a8c5445fed554b0589cbdacd1a85aa3e4bab3cd,3
0x6a8c5605e44677aa7d86ec62b17aa0971e673c49,2
0x6a8c596b50c085525478d32893e19e0751b8ba18e9bc794a3ed75988bd5992,9
0x6a8c59fadb158f6b726febfa15db961f63e381565a6695dea7180c203a324634,1
0x6a8c5aef9c7751c28a05459180d5e1ddf644dcc769a235b443f88d764ad491d0,1
0x6a8c5c4593f2626ef95716c8219a435e9d9ef436,10
0x6a8c5e72b548bfe11d6c986be62433046d6cae9f,4
0x6a8c62915091dad20149c4fd513429f203ecee081793133b3086222681face8,5
0x6a8c676cfa0f32525c4ba46aa2d8fd2cb552cc7f,36
0x6a8c6926c0d0007e132d61cbaa98f89bc655bd940a88c0ffc28a9fb584544a29,1
0x6a8c695d22fe1868198a2a282e4ba13f1ac7b9607c22e3cbe836be4e886e6d48,2
0x6a8c6a5adcd032f2a5082ad85c2bef62ac0d29db,1
0x6a8c6aca38e124c4bc5177577bb0cb7a7c1d7f77,2
0x6a8c6eaad348d294c1886083f35c6cc66c13deec,1
0x6a8c755244ae75735d533af65f2a4fa00f6d90b1e7baac5f97891f09f140a7e8,2
0x6a8c7596ea25a9fbf0abb793f8f0fb5c72452e0a,1
0x6a8c77f0c8e7bb18940e1cfb706df69fc631453a,24
0x6a8c7918c4162d9be287d86ac7f253c65261f95368eeb4837421e4c419d84d81,3
0x6a8c845a036772f8b9ec1cebcd780bfb9afaca51,1
0x6a8c84b8669c5080f73293f627055f7166bdc816,31
0x6a8c8545ad72f8c34027537082d29e11c3c86a4d,1
0x6a8c907442b42e9480920e5ce7009ded3b3ac323,38
0x6a8c9b27c0f056162218ca53c429c17d7fa23297,1
0x6a8c9e89bce170aacac74385b1ffbb6721d20cf3,1
0x6a8c9f5ffbef02235a83f75af1981dc376f36c87,1
0x6a8ca17bb79c1eb1342711d959a0f24a35d3caba,3
0x6a8ca1bb25ebe1ddc14ee1c65c12d7ffba240344,33
0x6a8ca23a30354fcb5f042377763a7d439680a37f,1
0x6a8ca3b148add71cd11993b5a898bb882d194712,1
0x6a8ca5e7f80177beae16e042e95c0da79f1a6825,2
0x6a8ca7f515f500f271ff20e11b56cdd77f21e7a2,1
0x6a8ca9191995748b41d5376fda1391742e16e088,7
0x6a8ca9480496443b4ff6fe575fb7b154f3c99592,49
0x6a8caf9330166fc852b75365db01ffd19b6ad5a1,2
0x6a8caff9946dd0a783cd89d78b8ae882cb9522b9,1
0x6a8cb2097c752dd8edf3d4392e33434b60390707,21
0x6a8cb46ad1737395aa7e484ea47727e72d41da9f,7
0x6a8cb632ea087d74fdced6586717c1465bdcddd3261d368f650d67ababe4a17,4
0x6a8cb73c06d070a140840aa8b561fdd5bc6901bf,52
0x6a8cb76d1a502f9639c649535c87fb6d2eed5b07,81
0x6a8cbd687708d328827d8158a0247707b8b5022e620296ec901c268c1be88f31,1
0x6a8cbd96613d6b78a001fb7f53252af746cb49b2,95
0x6a8cbef97a265f9fb0a8badae70360e75deb4c0e4983a0e38a2b7cf17ab5df33,5
0x6a8cc24bd5756d9a74671918da5aba0f7fdd79ff,4
0x6a8cc74a253428fc6aeff8ac14ae2c7b36efea43,31
0x6a8ccdc0129ac423cdb7cb74651a4a2e04fa34dc,7
0x6a8cd0bb190e88e6f3d08b0195154b7527bde02c,3
0x6a8cd3c2b1374de933a6a18f0beb499e0b0c2022750aa0db40b581a01e908224,1
0x6a8cd4888dca3d18f74992fde79a44025a508a86ff47889a9eb4c5a1eb475316,3
0x6a8cd52170a399590085a32e34d15ad32f2caaf5,30
0x6a8cd5db49c9dad6d6da4307f827ce4d7b38e252,15
0x6a8cda8452b86ef3e1c1c20c9b936aca57399c0d,10
0x6a8cdb9a469f2521238731bafca5db725220c4ac,2
0x6a8cdbdebdccbf1acc4f71a097022fd8c252b144,1
0x6a8cdeaa23424fcca2ed9d97b868d395a21a94cc,5
0x6a8ce7e9eec22dfb017c2ca17454b2a7bb9a6b7a,1
0x6a8ce9f0a6747f59f8bc611533873df0e42cf378,39
0x6a8ceb438faa997a52d3effba078dea711b65e2e,24
0x6a8cf014888ef935e4beedf602475bfec50d5835,3
0x6a8cf4457d9ae7e03f02bc19476d07eef8ddb695469003f9bb88be299cf7d05e,4
0x6a8cf4deaa1568ca8758e6c865d25321307ded08,47
0x6a8cf72c1e84eebecb071728db7794b91b1ff3f4,20
0x6a8cf89c1cab0e75dcfece8ad24f931a3dc52d58,64
0x6a8cfa294699cd7dd768ab2301c760e92ac8cec5,2
0x6a8d01c884d3047f7f17f123b4126cf509d8dc4e,77
0x6a8d04732b1d294cd2014903c1bd0415f5df1597,43
0x6a8d04cbb1955bfc46103f4832ec1cb611350c8d,38
0x6a8d0fdbe1a5e8005633910d865a0b4b4d025aa2,2
0x6a8d155f48e95d5163789c74dc6c0af93dc813e2,76
0x6a8d1a1c8b4ea18d013d04a62b838a73eae41398aa1057a2e4179b80432e9ecc,1
0x6a8d1dc34f9d47c9ac9cb15cac662bac9e54d0cc7348928a4ece256ea47cff7a,1
0x6a8d1dcf38a2a07cd1a4de3a740f8e214e522115258b02f8b1b8efcda931b63b,1
0x6a8d1ffea297406a3ada2a5051f466a0461c3a0f,1
0x6a8d20810fda00f18edf9d4cdfcacce95eeb5b81,83
0x6a8d229387419f0ddd7f95f0f9f029c44036d39c,1
0x6a8d22c3216a30ee7e1b2162d89739e30a2c35d5,106
0x6a8d2cfddaf261da45dbfdd2d581fc0dbb9a0713,7
0x6a8d2e06786408b0c1e7dcf29497d6a2149053bdf7a6fdf377a23ae68173602c,2
0x6a8d301a86b6cffd9142e0cc7db6b6ab4c8727e5,1
0x6a8d30994ff749a79adfda6ec4aa521fee03e6b8,26
0x6a8d31e0674663f5ef98677d32dc1101fc4f0188,60
0x6a8d32c4f7f52ba4488f239f21204b05234e38b5,1
0x6a8d36d28394b867df4f2bceb3ce94689e649470,1
0x6a8d371085ce208399b95f9407e79d905e6388d3,20
0x6a8d38e31d10e545e79189f1afb6c477b751ddda,14
0x6a8d3a7d7b005d5e705a7ebf29120ac9f376fedd,1
0x6a8d3aefff0c229e25017c011ad512e257748b06,26
0x6a8d3b0231b07d7fe4b5505539ac358eb4a60edc,28
0x6a8d4308e856539c77253bbd042cd78f372fcdc1,10
0x6a8d445b51d4bfc566d97311f774d4ffa2119c29337121ba89dbee3b4d6ab82f,2
0x6a8d4c7e9a7efe3dafd3f515bded1dff59cf3114,1
0x6a8d4d98449597110226ce5e28221195050c4751,25
0x6a8d4ea376fb77904a29542f248fc6ff102c9a79,7
0x6a8d4f5edd953ecc6acbebe54640ecb102650d4a,2
0x6a8d5556d4d4f6ad5415b29956fc56ec260d85de,7
0x6a8d57b2837b79f7e8ee0548ada860bb4b9e9b51,1
0x6a8d586ca8d1b9e998556df04e8782d585292be2,1
0x6a8d5ba6ca48205bae66929facc10e7275578f46,59
0x6a8d5eea3795cb40a224547fcd2afee92761aa36,1
0x6a8d5f211869ca3752bc81ccbee52fe97371b919,40
0x6a8d61a8b38c639b9610105529641732abce868d,58
0x6a8d646be351c6ca4e25e3bd03869278d38fa1896277b87d0ccd3bf02ee579fd,3
0x6a8d65a7fe279a97704702fda6fc86fd61b5e39c,18
0x6a8d679336c1a78362f0c08ef4b7f66562456728530f920f5721bfe3e0769ef4,1
0x6a8d6a5071439858c2fe85f421aae3025eff1235,2
0x6a8d6df4b3f2373e89a6c2eb44f4ca35953f68c6,11
0x6a8d7775d60b7ae7592da074a91c434260269bfc,62
0x6a8d77908d80b18bd77f3be4d3f2709a35abb1c3,33
0x6a8d779b0d5a12f31eba6567aa06e4fb5b301a6d,52
0x6a8d7be77fa7f4583acc8f487f2f343a107db44f,1
0x6a8d7e222113daeff3e0a31198bb60c475b4a223,1
0x6a8d7f25701dbc9b3721678e482f8376a28a8d60c852259202619b691e0438b4,2
0x6a8d820ed22ce47c5c3a5947232cef055f6667b2,2
0x6a8d8251f9b86c3fe8858d25858bb3a9ad126ac90c3ad28ab05b56507d6b53a2,1
0x6a8d856e8e075c0787a430f25b7accfef0167c42,62
0x6a8d89b8a751a6f9ed6f506938e425c32eeae692405ed141347bc3a0aaa0c022,1
0x6a8d8a7181b4ade32648aae06403670efd77a5e1,2
0x6a8d8aba233bd5b2aad18ea6e14773e603b3b227,5
0x6a8d8bd1c10721fcd10b446bdf16db2e2555ca57,60
0x6a8d8cbd4a010c96a72fb7a172d6df4e2f499e77,4
0x6a8d92d4c45de6a0f32bff407f81c22d1f01fc70,40
0x6a8d97a8de6b99ebd392e84ceca21bde27b9c39b,1
0x6a8d987c8f2cb4c2c8487f8aa8efeba39784e5a4,2
0x6a8d9930606d64a98fe4b83a432f244d5e3f10edd176fd4cab874b782652aa0a,2
0x6a8d9995da8d97bf1c02d4c1a580cff11b214a9d,1
0x6a8d9d909d34fb4f35ca68b6a80c51d44a4261b5,1
0x6a8d9ee9213c5a1a874976e1197100507b8c7ced,45
0x6a8da15ef95ec489d899bf781508029523c005dc,2
0x6a8da35fc6bf5d4132622cc46cd0a922f1ad3b39,1
0x6a8da64bad66ef3a66760c28427f4890aed56342,16
0x6a8da7868859b1fae8188701d6a868bcba498721,113
0x6a8daae83bfa85a12e2137de250a6268cf004f61,1
0x6a8dae3eefd699db0551a25a962ed3adc0cb8084,32
0x6a8db0cbd37c515a7f4c0ed6a58ae2e72c2fed33,8
0x6a8db2208b66c6a221cb5b7a6a10d9355345beb5,2
0x6a8db779b1fb53a177cb708d73bb98e06694c466,32
0x6a8dba8b7affbb69b7e1adf4245fbb4179ca397e9cd8a79c6356865b3fcf1776,1
0x6a8dbc09d06d838893fd697d34995251ab3d6780,34
0x6a8dbc616c59323e052756bfb3c30958092e2022,1
0x6a8dbdc270712eecf987fc97aaf93b30fde97384,136
0x6a8dbe92558577d355779a7bd2672937022a49cdf6765db2f1f87820abebd8cf,1
0x6a8dc2721c60bb080946ab12a56a6dba0ec1799f,27
0x6a8dc63568ddce404235902312c590cb1f74be0013887a89691ff43a9c6d1ad7,1
0x6a8dc8b6ae25a826a51e8c027abba137387175b3,62
0x6a8dcab45ee1ffebf4f3660d1526c85a77a5c2f1,20
0x6a8dd691063d050695a1dc95f5f04fc46bb2bf14,3
0x6a8dd8e5cfeeebeef3f0334c3964d489f1e6d7a4b05fe79cc03a5d8a3305da7b,1
0x6a8dda7e0d27131775a1d6616f3547c477795799,27
0x6a8ddb7970713f94b0c95a6a4295a8e7cac08ad1,1
0x6a8de2d14619b31b2439afd30a560e8ce8b2253879be58c011510e013f62dd99,2
0x6a8de7c86548e4a98da1c0b3d16982e98aee0126,87
0x6a8de91e2cea7666a93d5dfcd0dbe11af9de5e93,60
0x6a8debb11e1123dcd5692b43baa964c41e3af109,50
0x6a8defff81df9bf04d16b7a24625dcb6e3d239b0,1
0x6a8df20f554026a2665e2b32cacbeda46be5e70f,2
0x6a8df6ef0dd048df215105e30a5be0c03c06aee9,1
0x6a8dfa0e11d14797fbe1d6a436dbb74fba1f763e,2
0x6a8dfb95b1d8c6faf9db93f48cdf8ea4bcd02909,98
0x6a8dfc7564b112c461b16e9e758918ae304d9ba4,1
0x6a8dff366aa87ca9be1b8c62056089dcca401600,1
0x6a8e003a6ee41b380e69024e1ba68266cac216a7,11
0x6a8e062946e466716a3f44affc7e50d1c1f3e15a,32
0x6a8e10ae4a185266c084073acbb0571164345f8e,13
0x6a8e14b1664314fd9ebd96b3a4fba099f3a62015,69
0x6a8e16b08d461956ad6e9f387e3d966b140d378985426002efb85ead1df163e3,1
0x6a8e1c502638d5af86868859b6621ed3f1155dee,3
0x6a8e2a8469d9269ea1c84d85920fe598b604a51d,1
0x6a8e2ab5e6ba6d624f1b52a33f23bdb5bd61189b,22
0x6a8e2b12468822115a69cd4613c828d2ec195126,7
0x6a8e31551d7d19faadbacabf341a8e0183f47386,33
0x6a8e34af640cbe316e02c790ed6b5ae8e1c99c29,1
0x6a8e39b27836bb1493f40d3c868334556281a53a,16
0x6a8e3a737f8aae409153702ce6f2363f9cd39fff,19
0x6a8e3c53e736437612c2710e612f39dc761bb367,1
0x6a8e3dd8c64745ac529eff49c38d61a3fb5dd3d0,34
0x6a8e3eddd1198f7ac25ddb9c336ace361a4cff27,23
0x6a8e42b222103e664071334df385aa9cc31bfdd890d780be41b927276e3b2926,1
0x6a8e44fa4c4ef6fee29b8aa4d9d432f985515832,1
0x6a8e4822502ac9f3510ce78fbf5f4e5593d92490,1
0x6a8e4d749ae5b61df564d065298054d889e9304a,59
0x6a8e4e1b169fc3f2a6b73a2caeee8415ec15993c,21
0x6a8e4ffa2dfb2f380723c6fc2d515eec861ab95decad38dbaa5b4094de6f0181,2
0x6a8e54a4805a4b32b0e84c256d95127716486b66,28
0x6a8e550373afee79361da7a1177e8dbc5ef3736d,18
0x6a8e5dffec6efc2e7d492c9b79cfdef28de5b365,7
0x6a8e600d54caa14e4aa7d5f1676e409533a1067c,1
0x6a8e61a820681c1b3a5de5ca59abbe428b659bf6e939f99a52cce0220416c6f,1
0x6a8e627a8456f24b43a88bdc630adc95c4334355,34
0x6a8e6404328ff6ea8daf33af89e9f786e3aaab9f,48
0x6a8e65e992b6591919a2af23db7e91be84393266,16
0x6a8e6877368fd6c305ee4f69988bc127120c6968,29
0x6a8e69776ab20a352a12e593f65ae701b7f4f8df,40
0x6a8e6bc2eb4f45abc5e410b3cae0dbf9a40117f8,1
0x6a8e712520d117de236e4e30bb6ae9a2ea11140b,27
0x6a8e72a0293b284bbb32a31dcab953cb780e9686,1
0x6a8e72acb67bd5283729efde89537d936fc9490e058d7d517b99ade66b79176b,2
0x6a8e73e246fa4e7b3b45a1a2fe3a7c245878158c,1
0x6a8e7bee92f1d748f77deedc0acca7913c6eeff7,1
0x6a8e8882dad09b16f288edbdab056979ec58beb5,71
0x6a8e892d2f72778242abb0ecf006b56fd110884d,2
0x6a8e89a801992976f2d8b02045206bd8dbc03a72,6
0x6a8e89d83aaa4df15933eeeaf221d3a1955acae0,30
0x6a8e8dddd0e8068e4638441fd568e2c7fdcfcf58,2
0x6a8e9838c86cd6f969058563c8ce46453a2564e5,16
0x6a8e9f8797bd94dffd29973d2427d3344666c17523d2395eefe71f7298c5190a,3
0x6a8ea0562b32b8e87260f955ed9bdec978569ebdf878cb118ca5395c30e1f241,1
0x6a8ea3742801fa53e6d2110d707bb5e5a27397bd,2
0x6a8ea440a50a3b0c81a1ebd69a3c1b788ca3e213,1
0x6a8ea45993e22801fabf6f5dccdeb8e4d7556c3c,14
0x6a8ea5c68f7b3269c02388aed8d5108d2ffb2fdf,1
0x6a8ea5d7d394b97231ada52658c62d9895be041176f2134dcdedc8a8050a0bed,2
0x6a8eaa6028911fa5ed31f624271e75a4b2bbe2a7,1
0x6a8eb02438436862f1776f83a4b9833604f0bfa5,5
0x6a8eb0744fdc40f208b49b8ec07df24d676bac540f18d72a4c0b04844679926c,1
0x6a8eb0ca40cbba110d5b9921e56d7baa6804e15a,1
0x6a8eb4036e614569a900211edf1453029fef26db,10
0x6a8eb8a29b1ef4a679fe3ade1ec8f6860e5a7bae6704fde333663a2a9f9e03ef,1
0x6a8ebc98fefa391f5b9dd085393e618fbc23134a,1
0x6a8ebdc8758d352ba3ac116abb8afa009209586d,20
0x6a8ebf0b2f4790be7aaaf7f1e7c0fa4de10d9239,1
0x6a8ebf25d17ad33da3f2fc383474bcc74c9f2014143c2787d70e8e976d42b65e,2
0x6a8ec139132366ffccb16d7a5696222f6f3c86fb,6
0x6a8ec358ae2a1ff9d87568f79fc152d68167ee05,1
0x6a8eceff0492a3dfc58f6813d74c99081c4508b2,4
0x6a8ed11499a20f45c6e1f3e4cfb136445cdd0444,82
0x6a8ed2ac185ee09d65c3ef30dd78666e3e18b6f5,2
0x6a8ed46fa41c55dfbbd7cbaeeaeda72cf21971fe,1
0x6a8ed4713c94fc3819d0a08c3e683348565051d51be91afe320560b3c63cbb1a,12
0x6a8ed5151319fa39e290259d2c63b38e2bdbf285,6
0x6a8ed6202eb71fca0e578083ee18710bf569c06ca6c950d69912a0ea4fe8189c,1
0x6a8ed82ad10dbcb879f6c7642ba0dd98d47375f1,2
0x6a8ed87bb132f728f0e547258e6c3b7744670001,1
0x6a8ed8ad50bedde785f248278a6e31711d5b48e5,3
0x6a8ed8d84f37d3ef35bb0ad4f34c22c3c8666c75,44
0x6a8eddf163d89d973d5d4511fed65ebba5d0565423e69687c31023a5f0f1750e,1
0x6a8edfc028b9407fdbf69a72c39c5dd10556e35a,28
0x6a8edfe5bcb99d3adce60e3f65fb7ead46a62e8a,1
0x6a8ee0ea2983e11b03cf7bee14aec149d19a0d360cea229a4ffc49678f36dd07,2
0x6a8ee371e4804f19a63247f132ef77a907626669,1
0x6a8eecb5b6192cfb3ce64816d15341f92bf2f385,17
0x6a8eeee36ceb102acc06e850b01d168ba7acad7a,4
0x6a8ef37df2b8e4dbe29598682f14943f2c6cdc46,22
0x6a8ef43569133c1c80783ea0a31654f422269dbd,27
0x6a8ef53f0371dc075e3752315301c2800bc31fc0cfe69702893a6f48db344f7d,1
0x6a8ef58feb78439e51241ccc5d51654d3ecc77ce,26
0x6a8ef7a7e54bce5d3a416e3ae4b6f05a42e07bce,3
0x6a8efc40db5c653617502f533123407bb03b10ad,27
0x6a8eff56c357ce1fd1685bb6b55eb8fb16a3142b,28
0x6a8f0022677d835e729f3df12721bfc5281ecfdba3640a91470eba174f4239fb,1
0x6a8f01ad2a399d0e420d2ff3f91bee7c0ce81486,1
0x6a8f029d199304e07aa5d637b0f4c64fd60852b1,6
0x6a8f0509061d338ba7bbdf88782a2301b98dce5c,2
0x6a8f0a4af75540d809a7eac685de9d9ab743374d,2
0x6a8f0b75809dfbd288ac562b2c427a8034500a41,52
0x6a8f0c4ecc72444a292e5bee77c06deb51c53dad,28
0x6a8f0fc28ce2a707b3fd168094cecd604504b0ec,1
0x6a8f0fddf316d3a4eccdc8c47b51cb063e98ecec,1
0x6a8f16a4120f55f827eb0c4cd30a81453becb372,6
0x6a8f1847bcea7b1bbeb2f3314bb73b4206acfafa,20
0x6a8f1a2993b37c8df0a4543f910795ce2702ae75,52
0x6a8f1dcd9db2cd5b53a5e7978efb611f52f79d161301de3b7fca960afb70c2eb,1
0x6a8f211fc2cf0331fc3e96ed471d39b76ff88e1f,38
0x6a8f236d603fd6f5484e2740fc32b247ac729f5d,1
0x6a8f2569abd1c0f3d903a47d564ed27e4e08bdff,71
0x6a8f25d0b8a5f333e618165c2f2eb1cf348afa70,20
0x6a8f27b583042b13380495d0e8118086b1bc4e6a,1
0x6a8f28d3616165e1589384a18c4b11179521f2b9,2
0x6a8f2bc532fb9631c05f32cef91c274437e963d9,1
0x6a8f389dd929d62e21c09e2653d5404622b36286,1
0x6a8f3966cc2d920b6b404160c25de9634a74dc37,43
0x6a8f3d29e2fbbed4180078ad686056a18230dd3f,1
0x6a8f3eaf751d9ecfea263c143bcfd3e0b6719fec,22
0x6a8f42aca06cf5b152cbea805fbc2501cb15d612,65
0x6a8f44743600d1a0748b0bab39c68614540f987e,8
0x6a8f53b865bc68ae0663560a4b623d5314eda56f,26
0x6a8f550f0c22c4e7c693e32dc7cebb2305b85e2d,60
0x6a8f55cb3a26bb41286ae4efca833479c816c147,13
0x6a8f58161d01831f673fe73178c7b675d7d2e122,27
0x6a8f5a07e5a49a88fa03a1e0b757821e235293c0,3
0x6a8f5df3785d82bb4626e6817ac19dea93ab0084,1
0x6a8f5f8723191a2205d79e7c38611a1d5d7b8a75,26
0x6a8f6676b59963e311b86a3b3a2dc042133b5c1b,10
0x6a8f6bb4ee4c8c0ba921227100ee557ef6e57334,3
0x6a8f6bcb15bcb879bbc69776e3210468583a7492,1
0x6a8f6dfb95ecb5028d53161b98c6bbbdeaac6d34,3
0x6a8f711406db01d8cca2d6c87c6dda4d50314c97da9eac880873ca41b38e14fe,1
0x6a8f726d5b2db92abc920a21c2b5b1678c0448a7,36
0x6a8f810942a4116b784329284085267200ae3a99,9
0x6a8f830c231b6c6080362044f1d8cf0f0523f602,122
0x6a8f843b216d6a99b692c425fd1f823b33893f54186630ae13283730841a8eef,1
0x6a8f8447ce861d12e3b60f7816afe371f78f3c77,20
0x6a8f86a9edbbec5c3133ec67ef2dd1616441b8bb,4
0x6a8f877f3730216a562e0e7236bfa5738e882f95,30
0x6a8f88ab0f5ab0bf3197ec82cbf3424acfdce737,1
0x6a8f8ecb64b7283d9311f05737776a8aeac3d522555ff301abb9e6eeb253ffb8,1
0x6a8f8ecdc13aa1c75c16230c8cc09c8dce4a1548,1
0x6a8f91441616ca46ba2892f875c4f18c78e6da21,1
0x6a8f926d1ea2b1dfc090359343203c44edc5af8d,1
0x6a8f947df99625e5b521716c3658124aa5819e18,62
0x6a8f94cda4c1802ff389925906c419ed748a8e70,53
0x6a8f984a33e4aa339edbb70bc2a942e78b4998e3,18
0x6a8f99f8d95215c2ed3f202fad446570cc1e72ae,1
0x6a8f9a0c324db0b8568aede4d6efbdac664bd53d,1
0x6a8f9be51888e739e679a2609dd26c3ac0a17e71,27
0x6a8f9cb43976e133581eb34387ba930c7d86efe9ca1fb197bdef9e058fb25583,2
0x6a8fa1d78915c5f229ce288f21663b005f486faa,1
0x6a8fa3d9ca15def888677ac4dee712a3ab5bae6b7884855cf1ebe0c014b9952c,1
0x6a8fa79017c507f83be798a219959c8be41b80f9,13
0x6a8fa805741df0d7705fe2a622597048ee183ac3,1
0x6a8fabf0d1b9138f31109ff060de60d268a3b4313a7146f910849cf952c70fc4,1
0x6a8fb8b632ae5a87d4e68cb7ff6584fb4524eb2cdf7c7098ceedf683e2d720c9,3
0x6a8fbc385b14d0248f6328cea587837b156a9b25,1
0x6a8fbdcd862fd48398dec9d50f2035217fe5cc0c,7
0x6a8fc21e9ec1f1277e1319a71c440a042f5b04ca,58
0x6a8fc540c264eea8db6917cde05604db66032c67,1
0x6a8fc7264f160759212188553d26a94e60f33677,1
0x6a8fc9df1912175a0d2f7583b5e37b27ac7467a1,35
0x6a8fcb705b94adb57b4ea9c3b2f78f00753c9599,1
0x6a8fcc4fa479873da0187129331787652e99ea9b,110
0x6a8fcd884c3ab2ee0e231f925bba44781c69025a,8
0x6a8fcf292e0944ebba3d88305228f21e8c297c8df88e372541f9812f4f076fe2,2
0x6a8fcf6aa912330f4606c3101bd41df61828a0a7,41
0x6a8fd0d3ac185cb99f6ae6b4c097fc95b0292c7f,2
0x6a8fd3e8f039858568071fd6bbd231e1a448631b42843cc472ab0e6e759650e6,2
0x6a8fd785878a73a749e1d8a88418a62d380f7539,62
0x6a8fd78e4fc7c0a8d84d34b751728cc4565c750e,3
0x6a8fdb9e342c2584bec59073636e601e315d8159,13
0x6a8fddc67a3cc61d4152daabfcd550c643135f33,59
0x6a8fe59506b30cf3ac34661aadb8ccd4a61ef493cc2d95b53fda1d893804736f,1
0x6a8fe6f7e918eacd30936261d65f5c9441eccf4d,5
0x6a8fe71be71edd1266d4cc92ea5900be9a264607,7
0x6a8fe8a08e246a29b17f6dde2e18c735033cbccd,25
0x6a8fe93c476054e4ca4012240d54da01f738791a,10
0x6a8fea12ba9110a372e5cf9ecae9b378cfbc1cc6a778d403b337f34bae2bc90a,1
0x6a8fec3cc6271c5f9eec4443f02b4c0e21a26262debe6552b08f76cea11d7f11,1
0x6a8fefbf7cf7c4af41012b1cfee29ef79615dc2e09d4fa070d0f01d6a1311a5c,1
0x6a8ff4666a8b5cfab70fc7ab8f6890808c76f552,51
0x6a8ff89409f415d326fa51fa908b21b34e433a9b,155
0x6a8ff9b7172f94d33327924d74414db386189a1a,3
0x6a8ffcf6ad3e702b7e105212a9ae8a458621be7f,2
0x6a8fff43c5a40e984c081de76050c6346b7a588e,22
0x6a9000db1980018dfbaabc63b3a7b15e30b979c1,1
0x6a900116edbb5182d25d2dd482a511be33ae0591,1
0x6a90029d503b6fd20fa873645c2640b84b731b23,2
0x6a9003217b3c4a921f23b149860203d4ea0f25a3,41
0x6a9006201995de9017e64a82727a43753a7b8c96,1
0x6a900a57ae914b3823faafb53ad81d5742ce5473d4e55b9b589360fe9c4c9b9c,3
0x6a900c622569b88dc60ac6f120cff0b002877176,25
0x6a900ef3ac1f75f4d427213278f54299e209b769,2
0x6a900f65598f8e9bea972084c228246693dde688,1
0x6a9010d6b42edb226a85bdfe577a3f8dfcd184c7,1
0x6a9015dc24735f0533ecaf0e2ffa71663ab27117,2
0x6a901e42a64e4ea94d046c95d54ffc14882c16f4,34
0x6a901ef7522dac3972576337a75e6fae8bc297d6,25
0x6a9023fd6efffc575ee7eb1d56c46fe4d6766ea7,1
0x6a902d4a29921733238a9faaf526f71149c9c603,1
0x6a903132b750396b96cabb9873861f19d8f1e24b,9
0x6a9032881fbce33034f3e88dfe03b3b8cde1dcc1,8
0x6a90358996e9732517a5a13497db6d863afdf38843de2e83a421a59950dd90de,3
0x6a90377dcbd6097e337705c52a7277cd5c0dfbdf,6
0x6a903a373e4f3efea52a608f21efdec409887ca6,1
0x6a903c36853fc6c2666ef16435d01f371d334b6f,119
0x6a9040fdea21a243b23220d756e0b17695f7837d,56
0x6a90413982259a90f8f5315722db49cb0dc06124,45
0x6a9046754fc822053f2b4e2877db76a30f9ad88c,10
0x6a90471136c1bb876e7db220f5c38deec92eef8b,1
0x6a90485caf3cf353a995add75e4cbae3b35eef60,1
0x6a9049fb6ecab61afb45271ebb139b436000725c,2
0x6a904b626d5dae29d8c485757a6febb8b7926f14,117
0x6a904ce381c5fe9621c6c0d084f3e69005de002f,37
0x6a904d241099719967c203127c1b4b0a1f71779f,41
0x6a904f17bc1b30285a1a0d556d026f003eefde86db0ed55d01dc710bbad3b462,1
0x6a905112e016274838801d36d30e38c2aa599070,11
0x6a905180b0763d289b461963cc6685efc81b6018,32
0x6a9056e0e27244c20925b60022920192aeb938bb,1
0x6a905b8bb13c52b70144f51ace1cb157ea71a7bdb687bb47dfcedf66ba84c966,1
0x6a905ba04871d72353f40073b9c35dd3e37e60cf,22
0x6a905d6672df006863a7e2a83da0fa77cec00570,24
0x6a9065271055e710116209c8032d2e18e42535a7,212
0x6a9065a2d483713394c51bf8d52d0b45e32b7ac5,40
0x6a906bbb6865012f57b45bb0d436c02aceff1c46,1
0x6a906c964659aeaa92d0acfdbdba9343e383aa84,52
0x6a906e99bae88bd484706da035ea0f05bbf458ebb6f0279d099037dcf4c55562,2
0x6a906fb52dfb2e0d44c7e7635edc2b26e7b110ab,1
0x6a9073ab532e5edecd1c3b2191ea6f1b5a60c97d,27
0x6a9079c1b184fd74e10454a782d22a0c78b92ffb,1
0x6a907fbea6ba3ddd13a57ed1dde7eec5505389ff,24
0x6a908068b5854af3ae63360d20f1fd1923512a2f276f3a6fed8ef8f520a22ebc,1
0x6a90840d45e71b301627b067e4a158a92c102890,40
0x6a908c0a7feda75c1151ab28a58b7ab704d88bc7,21
0x6a908dcc7d1e5f7663376d72616290acb86541c7,4
0x6a90945c99b1437a56a94f2917d09b653916bf50,1
0x6a9094972d44a2babad9fa807e99289d2945c63b,42
0x6a909592a698df7fa4592f7f92be1d7946e04ddd,2
0x6a909683c156f9fede77135200ce0e9f1cbc9325,2
0x6a90996870c595fbf5d005dee70423c9d8c0e88b,9
0x6a909ab6108fbabdab4c4bec1bb6374b29419c7e,40
0x6a90a06fed424241548b6952f46c0d7848e4207b,4
0x6a90a079c65277b040dd6009701cbdcd28c4275c746c69ee2d9b530bcfc069e6,5
0x6a90a2f415996d73ee04a1e7b4b395bbc982be47,1
0x6a90a30dcd03e6c2faca6b84b618e692a6f10b18,1
0x6a90a4858cef760edc7d4b8c1f57627430f95c68,1
0x6a90a68d23b489265c56efea33630a0c5dd44cf5,14
0x6a90ad8e048fd5692fb39a1ef19dcad2487ace033889c3230f627e3b26f929be,4
0x6a90ae66f993bc97595900e086cfb15ebb819161177c1ce10efea829c98accc2,15
0x6a90aecce42d6cc4899f261620288c528078fae1,1
0x6a90b0f458c45a6ccb805455fe1d3a69c93a18ec,17
0x6a90b1d91a0704333e8b36dd849c63b3345dd471085c6c82bde4d8b04d821a3d,1
0x6a90b2291cc5c2933bd023b0d7cfbc95482a2b73,1
0x6a90b288e625586041d01510569844fe1c5a3471,7
0x6a90b2a0ec4096189f12155da300db228350c58c,96
0x6a90b6ff746385ea7a1c6946b26a86d795b2336e,54
0x6a90bc650bc747f25781e34c8bb1186489a6b99d,27
0x6a90bec016934bcb1b6f534e62fe10b2df910677,4
0x6a90c3377af9ca36616df9671179944921e89f6d,3
0x6a90c3b05a5dab331fba256dd10cb6c68d7ad5ca,25
0x6a90c68ea41e85c17f6b8d5f511e788c77018e91,9
0x6a90c7ae01aadfef2fee3d1d550438b72bb46f8f78d680b88f00bf01f284955d,1
0x6a90c84622b827529217e53a5b389e3fc5e8d902,1
0x6a90cc167031d60b363be937c28123c6a4ef1290,42
0x6a90d51a55cdd8c7c5a69f6bceca54958cc9c16e,8
0x6a90d6dcdf6ff5362a498a7d28a7a49fde82419d,33
0x6a90d8be0ac2a06767d227ef84a03e792dd5af5c,1
0x6a90d97b2279d47bb8a7b0d265d8563b98124740,1
0x6a90db32c3f4d06359f87bd2536d80457a44999d,87
0x6a90dce7b3d16e98a3b1494ce7b620c67ae211d8,51
0x6a90dd5499f4ca25eef405cdb6cafcc078cbdb88,25
0x6a90e75ef6c8b4441c04bd55c21e035b99b3d1bd,4
0x6a90e7c53334ab4752599afd1e47c7d7ee603385b1d030a57131a666b1e38e42,2
0x6a90e94089a77db40adf4697b900fc56386bbf91,124
0x6a90eaf66659c68f53fa4bc66b2e77eab9c567c3,15
0x6a90ecacf7512677b8e11ee5021573bde83fef22,5
0x6a90eff990b1fea2098682a1f2ac24eb9b34ad36a64421a3d0b972b917fad63f,4
0x6a90f15a1e206773c9289c572e2e849802d230549575a40e19fedda811f6f61b,19
0x6a90f1a47cabe0c0689ba4664fba9c111d51afb5,35
0x6a90f703d289fdd54ca542e86ab9f198d658ea0a,37
0x6a90f7adcb7519c104a704941766ccb6df616abb,38
0x6a9102d3f61d29472e12d05b539e4f11278408a3,2
0x6a91030225fd96a784c6274e41666d79b84d4b9b,71
0x6a9103c69dcedc876f9677c662aed5228067fb21,1
0x6a91052220887ff94bddba3c15a93cb3545f718a,2
0x6a910b2a9b63135a8ed49b8be0c84e811723530f,6
0x6a910c5531945b72da03046ffaa5b9656d7a9eb2,1
0x6a910f61e72e456628d7f3aff4aa9ba5d82f8530,4
0x6a911178f28fd75a1c92a2b40fad3ffff1e5a6b3,10
0x6a91141fb796e61388a71356ada54f2beb0027d3,31
0x6a911a717f7c483d9f298482ba35958d67c1642e,1
0x6a911b345c09703b267bd4e387ea36b6e818e6d7048ee6f71815cc650f909434,2
0x6a9125cac56b6fc3342efa3b5c4762845f26f25d,5
0x6a91273f59a1c1d9dae311e2adc0c309968777cd,54
0x6a9127a4129103d9bb0ed45fb14f16de31a8414a,7
0x6a9127bc574bb7042ada7d8c0112c2d25e165b7b,46
0x6a9129ee0544650b84cc2dddb31e3c876dc3d67d,1
0x6a912b404d2615e68a75aa88aa078f6406e3f53f,7
0x6a912b854a6ba1ad6ea186ccb5318676994ee2de,2
0x6a912c8a4bbb47e754c3f072396c9d8c6a334995,1
0x6a912d3baa46615f4214063d8d05eeb7a35b003f,30
0x6a913f4a090662717021a9178624479586d41b4c,1
0x6a91430bc9a19a9f9f2d0b51ce46e407a59b44ca,41
0x6a9145033dcf08ce47baa158e13c778950080a74,2
0x6a9145d273126e4f596a2dc4325644f3bdd9cd2a,3
0x6a9147df65b433c00b21d7e88bab32c6798ff1ed007931336b7fdfb06534c007,4
0x6a91498771e6c21db41e9bb2cff253fed81b1936,24
0x6a914f23810ed10c8cf39407c8013dd24d16f64e,17
0x6a91523e4a1c41b74ca38a1375eeb28664710ced,9
0x6a915441848a1a3a302d59108206a9db47ed320c,57
0x6a91545e0879a2c972a651b8c063f5d9efc248d5531e0db2f6c17d31788e696f,1
0x6a915b4a3e3f4464889e0241621f8467fd5f4d04,34
0x6a9160c1e6c1aabd81b80a59a4897676005c4fcf,2
0x6a9164cb1963ac3a95f84eb001d3903f76386be6,15
0x6a9167e0fcf9f920162b50b1c78b1f180734bc62,1
0x6a916850b7b7f3de1f250ddcb4f697304d707012,1
0x6a916a3a3282150a5c946edcee0d13c7a97c430e18e1dad0867f441828debaed,1
0x6a916a8598dcba8eca3f907570363701f25c1883,106
0x6a916b7abeb6e6521c217e3d7baa64f1218626c2,2
0x6a916de72db99fc86a634b514413347ae5d1fc6d,4
0x6a916ef0afeb74621663d14e21a0eb7523bc0891,27
0x6a9172c3dcd452a1293fc66b74bb818db213a469,3
0x6a91742b394fe70fed5c802e97376779a5cc5c66a58304e7dcdb644568c4a6f9,4
0x6a917634ac335f81f045fcbabd3aa24ea719b0e7,157
0x6a9177cabb36e42bf1ec2db02c71c4a97386db32,1
0x6a9179385b41d34ae1edd162afc45147014539739b1d2c4184f1896c5048affd,2
0x6a917a5157526aa672c54f49813e2bc4b87c24eb,12
0x6a917d663ff321648e121cff5b5ce89b694e10b048f54f34d942b804d3b3b9f4,4
0x6a91849eecd85fcae5b608eff5854618c0a180da,8
0x6a9186bb19e9a3c2bb92358fa18af919feb68855,10
0x6a91878984cbc0080856bb125cff32aabaa5713e,17
0x6a918e70d0fffa340060a911d49ab381ab50c6a5,44
0x6a918eab9fd7059e683fbeb1cc75f016d213a387,2
0x6a918fdec46d7543ca0b43001fff7c89bae5a9b2,122
0x6a919293d8cb038242166638cec95959e1b6c71c,122
0x6a91939e19a12fee2e3c79d314c197f6e4bebb73,52
0x6a9193f31b783e59c270ddc333ad4d98e09027564cada36c2bf7752e40170d17,1
0x6a91941d33f29e02eb5bf2bc15213b83244c971a,34
0x6a91950f42e72cf68ca91a6fa68c8fa36432ed9c,1
0x6a919dee6a859f4782d26750a4621d2b2dddedb5,1
0x6a91a592ff2581580c29e2e44478922b5f4ef3b8,2
0x6a91a8a58720eb71e29e29622304a0bcdaf27146,7
0x6a91a99190f4c0a043db7af4d122c003909ff8d9e85351a20d75471c51fc0c45,5
0x6a91abab77511f19a83b2bf8a4088215b0f7938b4be0acae0dc792304e63c318,2
0x6a91ac79e18286700d29bccddb81970727ce0b4fb358740e5933df9fba836465,1
0x6a91b27b1c9094700c1571aca94379f22cbbe479,1
0x6a91b480d08453c34b5233c07bb571ad3af77c18,78
0x6a91b57e559a3b7cf1858635c7de8fd444baac4e,3
0x6a91b6a0754379f968f70457a9b5c932323bc561,52
0x6a91bac14bb130d09ed755c6d68ee4c9ee08eb65,35
0x6a91bc67aad38393af2b9e0fff2563599f9e428a,5
0x6a91beeb5b2a8d3f6282f00401fb06e2bd95b566194f7075772a6b3c25830a21,2
0x6a91c390b0eaf1698f796a388ebc670bcde9860e,28
0x6a91c3de356d42bc3eb4690b5a604a8cc1f6409f,6
0x6a91c682de535f96d7af12050d6f962ed79646c9,9
0x6a91ca19de6f8801e3f7b26eb8ef9a09bbe385b7,34
0x6a91cac180be5bb9c7e7a26d36e2574a8fe01e1d,3
0x6a91ccfe15272b2cff851fe7d7b833398dab7ac16e676568d417cff64adb557b,2
0x6a91d45af283f4c220c924d9ffbe99190d0fa75d,27
0x6a91d53e2df4c57a016236b515e42c8f09cbc569,45
0x6a91d6d5328aa1238d6bff12ce3090ae3c24fe32,57
0x6a91e2acef726139c534bbd8966edc1c059cc795,31
0x6a91e3be5160628caf13423c3db1e45f29fd1c74,2
0x6a91e5c4b48fcf5fb162eef6f6a9a3a2086ea83d,1
0x6a91ea5a0070ed4eb5cfc0007d4c0933e490980a,1
0x6a91eb8423fec96b73f4393798df8e57dbc4c71a,14
0x6a91ee582f662ef21ce61933a0be2e097c825b49,1
0x6a91f0305944ebe6a1ca82a528503539f92a4d96,1
0x6a91f434afeed1721c7857f363200519520eea57,11
0x6a91fd75abab792a91111522dac689b793200286,4
0x6a92041eb265482e136a63bca43789d31b8261da,40
0x6a920a8d70e7d818d3cce1e177f3dd9e23e42620,19
0x6a920aa12e78520e1cb1c2bee3975d5243201f4f,13
0x6a920ab236095f69b6d74a9c34091f61d5d54daa08a0f6450d8a8324b8f4a8fe,17
0x6a920c1066a160d2e1667e5d4769d703ed51c1d4,56
0x6a920dbf31b3ed47ee8d7ad36b609348b798e4ac,1
0x6a920e408e8d8a176564e5dc8f485f8842d75418,2
0x6a9214152257de732a54b0bf5e7765c85d4d7329,2
0x6a9218ceb129bcfc86fd80245ead38eff28ca41e,2
0x6a921a7730a2b8f4b3c91dc31949ded855607de5,94
0x6a921c69dd9b311bc311b82e1f5434f47a8d25b5737e95b011442857cc3a16c6,1
0x6a92209a20f4ec7ab58dc4a9bc0d8652b44bb63c,1
0x6a9222e6b4097774564ea0f230dc6b7db0a6daa5,1
0x6a92233eddd02b55a3204d7c86a2b5b138c54548,1
0x6a9223d489439bd528a9a10b8a547a0a410cfefc,37
0x6a922a474ab6234e0fab4e363f5832d4ce132c9f,1
0x6a922f2628e5b3829824e4477609818aea2a202c,85
0x6a9237218385a7a1ae5d3e2857a58a8bae32a8bd,70
0x6a92386f623a119e3b32f40898c705bf5739d3975b6f81ea8ad2d24026d9170,1
0x6a9238819044e7fe7526e2d4a9735856e2281d78f7fe6b9b95cbda966a6a3156,2
0x6a923b9969f281bb21356cbe272f9979237ca9aa,42
0x6a923c40b9a4a7be65c5170e66ad8d8b3a4e312623e2d379d614b03ff07e9bc5,1
0x6a923c59d68e14982df46037df38c418c8669b92,37
0x6a924122c56df00683db648d3e4f65a33e106a24,14
0x6a92420b1c870f9e3f2e36a778826fa33549576a,33
0x6a92439dbbdd951d8442a984d2d638b86acae19c,1
0x6a9247c494dfffcadb0fcba81413a8df87350098,2
0x6a924d6458710f53be3521cee26658f6e973a334,18
0x6a925018b700dace6f645cad27bcdebf19043ace,4
0x6a925180261d7eb17be6351f42d3cdbd8419f385,28
0x6a925210c1a6e27d6c147f2edbb049d1c96c3889,66
0x6a925488a9592d703f3725c97af9388d15c026245beeaab0d2f24ea55408976f,2
0x6a92566ad2ff369e74b64746951d8a80307f1004,18
0x6a925a5b9156c4d07352269d262fee7d2b609d13,43
0x6a92661d69589865f6efb80ed09546e4df5a0c4d,47
0x6a9267b557c93b58bf451fa4f82284308697cc1d,78
0x6a926a12c9217889d09fe30d590398b4ba41b656,37
0x6a926bc5af9213f58eb511c65a87092e97366b5d,23
0x6a926d91cd8f7786cc923208850b0adfad27ef77,44
0x6a926de8c63793b4ce07e9c416ff6c48a1054d63,10
0x6a926eedd56a67d42d5db068daf97510d74a692f,23
0x6a926f29ada791518964332caacec6f6150eb9c6,5
0x6a927143f45b2385c778a0fa0c23ac07e4da1cee,13
0x6a9272d6299a09a85d30a3c2e0d0c6efe41515c1286666c9d11115c0218c2410,4
0x6a927a18c65511956b7eaf685a0a87debb6b90a2,10
0x6a927ceff86ea7b1e6d67578a655a65567159e14,8
0x6a927dc7a600ab78ab3158e9a412e0e0b46d8aa2,89
0x6a928473d46846bf0695c92223801d6ee7eb6471,51
0x6a928643e35e254fcc6927c689694897712d3827,1
0x6a928739006f6d30d159ee372050d55eba11a24a,55
0x6a92883bbef9dd44ed21d7371da5b0566e8aecd7,2
0x6a9288bdc5f85dfd7f28dd41fe76a56c1f4ecffa,2
0x6a9289c7888ff8e15ca021c9f6fc57efd848b916,3
0x6a9297c7d379bd66cd39f30af0d39a3fe9b42ba4,22
0x6a92a0374e69c8ca6b7be63b74ee1a892226f148,5
0x6a92a19d429a74859efbbdc2411a05826400e8a23b9eece0dfe7762fafaf0059,1
0x6a92a53b99b7e58f9656a47e03d7dc843310f065,44
0x6a92ac1b7ee72ba886e4d0b13dd93ae5a61f9e01,1
0x6a92ac705339dc0d6e0dd7d345366fcd99ab38c7,72
0x6a92adc9d70456e852084524859a84c3eea362ab,4
0x6a92af117c0abfb774ae57b9fefcfcdfd4add7d1,34
0x6a92b1ac7016408cee81f999a3a3f5361f58a27fad640e7e6405bb1dfc6ad6f9,3
0x6a92b1d931f65d8d4d6b490002e27c71ea90ec3c,56
0x6a92b25fededd0e7ce4992d6f63cd93c72cb125a,1
0x6a92b29dfd75c3cf6a4aa9de01a1e93ead208be2,96
0x6a92b4d64d04fbec0f6ee1ed4f2b0aa412affb41,2
0x6a92b6d2931effa6c7824d5c2988ac69e7e4e461,10
0x6a92bb02ddab4502680d04d59fca07aa02a912de,39
0x6a92bcad2d711119638645bb3128a30aaa56bff2,7
0x6a92bce942bd3aa9039d18b31b91b888c005eadd,104
0x6a92c293188f59981df1ff8a5aa04418ec5b5773,1
0x6a92c30eaee74e219445b339d6dee9e9f576f4d2,1
0x6a92c331b215149a03c4dd2835ae76bcf125423a,71
0x6a92c6876b538a5d7ae672928dc5a2bc8d170a58,3
0x6a92c837935ec2f76f1cc70ad4ccd54a7472fc38,2
0x6a92cdf7a142dd3a5a3386000a8dd7d3ce0eeccf,17
0x6a92ce79f5a003a1c5105dd3ea41cb4d2600f764,31
0x6a92d3c7dbefd15013c15e40acce77f970f70ff4,1
0x6a92dbbeeb872bf8ae0cdceb35db605e5e3bc7dd,9
0x6a92dbc1dd4c3082c8220ab99e70f5c531609aca,7
0x6a92e0fb8c24354ca1111f3ba30916eb51d156e0,1
0x6a92e1e9517093e16f415bb18a5ab10ecd7f2a55,28
0x6a92e20d6bdc5b1bc9d2a1de2c6d05fd9c81bd84722e96eda898e214464d1e8e,2
0x6a92e6a3f7bf2242b221fd606541591239b7e70f5a1d1c100d3a576fc3acfc42,1
0x6a92efabec0d6c22cb9c7d73bdda4722d67f3048,1
0x6a92f5eb3d6b732b0567031abd261f72572a430a,2
0x6a92faa0c32fb1d0eec4d4b236421fd1318706bf,3
0x6a92fb1e14efbecbba7a564cd7f5c97a68d3ae9e,5
0x6a92fc2cf827324a9ef16dcc2637d0990633f6b4,1
0x6a92fd1a81316db114e6a0759041fe34f76fd502,1
0x6a92ff46f9b7d893a7a9f97d53e94d9ac891e4be,2
0x6a92ff4d02d67bbe1a7d8b1da08a3814e58a79a2,33
0x6a9300bc94eb252cff138d48600ddf190f7304bb,64
0x6a9303b7df089cddeb29dd53f50d2d717c261ef6,1
0x6a930586421052d84b35c3c65431bdc89d4df1c5715d78096fd84bac085abb4e,1
0x6a93071e7fc348629d8be78a947340f34e08bd9a,3
0x6a9312f238097aa2abeb93afc829e1ac83b8b849,24
0x6a93185c2a0d4b623a808515f86ed7fb12f9ce7d54f01c721d822fd04f36603d,1
0x6a931f0e9ef728b57013f4f6f155750b151ec5e5,48
0x6a93260a8254bf6e59edef7fce5864ef051861e7,30
0x6a932b891b1d51a053fdce010bec374a51bef998,64
0x6a932c37b284c037d4f77d3bb9f65a4930bfc17b,18
0x6a932d541e3293ff6d58e5ae77c787319a6b2b79,1
0x6a932f0ae2a7a49fb24b70c8eef6ec0808163345,4
0x6a93303f874d0c7dcd8ffff97020f9d4bf4c185f,4
0x6a933466462a24d09113a33934fe4b7eee024123,23
0x6a9337e2fd30deff80bba5c7e11d8a12d1ccfc91,1
0x6a933be565b47d4aee1997b2210e8ef62555875f,1
0x6a933eb81c70a5ddde5cf523d5d5455ab62a6e0b,1
0x6a934105223dcc89df77531da198898f7df45f3d,22
0x6a93445c86e51132c31052fc9836f25db8cb8dd1,1
0x6a93447c1985e11b6644dd5d66e5d3a66c2d06f28487d9489434cdf711aee27c,3
0x6a934480d184dddbad10f4ca4c160342c9e9412d,50
0x6a9349befc518323b2ca4b032a35fbd249b31dc4,1
0x6a934e6f1d0002193093f49a9addf2e7fa5df0ac,4
0x6a934e71448103d27b31d536602c53ed13efd087,1
0x6a93536b1d3826e23a9e98cce63694ac2f8de848298255cdf09391a46d756dca,2
0x6a935abed2bb63d0c8378d44db3f76cad9b03132,27
0x6a935be884fd298fe3b83d6b34a0993948098a1b,16
0x6a935cbd979188f1991392317162a6afd4cae372,3
0x6a935febeee4d061e96716e81c8a386d4023a394,9
0x6a93611bcc572a67e60249c1d9f8f5f85ad50949,1
0x6a93693b70022b1d0d21e3ca4436dc748472367f,157
0x6a93698aae45a265ed53a30003c6169741f504db,1
0x6a936d4bbef3e15f5bfd4ee9bfa10dad46619b0a,40
0x6a936d58540f97fc3e084a210cae9b81a34f722b,1
0x6a936d9120708d4f86f310e9df9647c58f96e4059c1c05dd0312879ee445a261,2
0x6a936e2ac02d90d86dd9055e318baba81cffa216ff1602bf44d80dc1075c80ef,1
0x6a936e67e10f379afdfd17ef4bcad678ba889a70,1
0x6a936efc4d53c8cb15c5de0fec64011c6df0eb6e,6
0x6a936eff8122de0b8ef3661684dcd35ffe0c952c,1
0x6a93762bea3d87d7c08c1557fffd239da00ebdc2,3
0x6a93772ab4cac95cd04b2fcdef48985dd87a8b77,2
0x6a937c6543406b0d34fd670d0ff9c8e515dc58dd43a3e29ca003174fe78a74b3,1
0x6a9382de6be4cf809b4f7b9c2d662651121f3c79,24
0x6a9385fcbfbee4cc7b1814cc550244e7c0211a4b,16
0x6a9390edaa803b2a82d705b8079d74ac01f43962,1
0x6a93915f763d4d7008dbd1cd15a1facea1f2f508,117
0x6a9393965a051859775851ec437c072eb1040bb5,25
0x6a939d57b8e07c775e59556cb483208ea2b47ff7,31
0x6a93a2e5268143598bed040c540264d313441b37,54
0x6a93a2f334853380ba1a5f48d63cdd2f845557ca,31
0x6a93a30821f258c8a2ec0ba07a57c97bb7198aa1,134
0x6a93a38c1b7a46e7a7bbf73714dbae07edc498e0,62
0x6a93a3adef13d36f795f3c2ca0c7bbabd4eb67f1,1
0x6a93a3ed9ae122c45212a23b7071a218580a602e,84
0x6a93a409e2780efbd34ef123d26db37bfb9e6df6,165
0x6a93a73d14a315bf59839b197633ebdd2dcf700bd35e53c0ea0c06c3448e2d50,7
0x6a93abd48a253aeb2cad64550cdad2376fb59d85,72
0x6a93ae3ed2c710c516eec69ee7cc7b6c6c158a5b,3
0x6a93b4fbcea8bf3def1f11bc7619567e5fce91fe,44
0x6a93b9b11f22c7c93f9595b06de7a6ea317d340b,1
0x6a93be4d67b0fc9577954051176188c89f241adf,2
0x6a93c747a28207084e26e15c3b11a3ed0c47f40d,36
0x6a93c895af5b7138d47df7dc664cdb824d97384a,55
0x6a93caa466a569a935d949d2f4fba2ec917d5000,39
0x6a93cb25d6eae79b49ca447cbe3a002f91505439,61
0x6a93cc82f1bb476aac9c34344ef529c4eb354f7e,1
0x6a93cf40806e5b90d848a58d9304a0d5d5a5f961,113
0x6a93d0ed930a89c75762b0318c6cb178267052bd,3
0x6a93d1f0366e7ffa9013891382b3dd55cc80badc,23
0x6a93d34887a57742dc3d56eafc1d4ed8a1eab47b,26
0x6a93da31639ffc202b093a0da67e0c9c139dc1d4,78
0x6a93dbe1ce3d34eba0ea33ed841314759846c54b,186
0x6a93dd0795cb13b1f4c97603e6b3243c15383981,1
0x6a93dd0fa5343b99c2d6c08ca9e38c22f8cf17e1,132
0x6a93dd551c7a310228c822575a5901a7a07ced76,1
0x6a93df8a3e706aaa71eeb7e9c9337c51bf8a86eac83c5ed1219a6af511112c1,1
0x6a93e0f6b978bf88be59c0ed21def23500c4d8d2,59
0x6a93e1c50c9b4d0b9b672fce29232631876ed034,37
0x6a93e29cdaabf2417a61931d2dacd62e10dfbd65,34
0x6a93e424183a0a3251d5d90b77d4084d74470511,52
0x6a93e57ce79a61350aa4b6e1d2619893f7b5fdfa,9
0x6a93e80789c6b94a3bc911bde6bc006b7be8db52,36
0x6a93f042e6166efc58169e40521763b756fa642d,45
0x6a93fb20dd4731edad37484f5aa8d28a9f00a235,26
0x6a9402bfbdaa8bdaa40a74cbfc8f27e01833fd2d,1
0x6a940301d28f1fd11d732f10f1014bd0737cf4ac,55
0x6a940407975567c02c6db8451d4bf824196912ce,1
0x6a94098d16d52e1a8b53be598ad3b80c2aa23a94,1
0x6a9409f7cc0ba90598c5108ddd145883f1850785,34
0x6a940bd810d5e058f80a0492c7b0c69f890baa05,96
0x6a940f58e91715dd0487df8dd8116eac5a6a4db3df7379c2f5ffeb5af1848aa,1
0x6a9412b6e0af09bc124716f08fc453124c0cf85b,5
0x6a941525d94d7241b13e386df4ab5fba2d4d13a9,2
0x6a9417215b580c303d7b033932a070d3be14470b,2
0x6a941a048e130427f30b337d82d0b5d100fe644342e0fe8ed2527982114e7f75,4
0x6a941c26e0d590a4e2effd61e31ab2a234ad5c84,33
0x6a941ef88838aefa522893fcbdc6ce0ba5a3cb7c,80
0x6a94201df341c3fa2a01178c7ab012bfe66fe9b9,1
0x6a94203ecc1c85f580e571868ecb8f14311c560c,28
0x6a9428ddb8ef1cf65de52e745108f8dc36f3d7d75352884c9b9cf10fc03442f,1
0x6a943150ba4f174dcc395a9021209428986dee18,32
0x6a94355a7e25becb3744d40fe3c0816573c507d8,117
0x6a9435bcad5a4aa99d6b06fb50b702591aa26aec,1
0x6a94432ce8a1e44c5ad3bdf622e6cd260877f026,32
0x6a944422a0aa867ba95dd64f99e9877da1085154c0ba4b5740a478f0ccf67e1b,1
0x6a944649f31ba4e5e59ccc1d397d54171d54d1ce,11
0x6a94476cf185ff3a0bc24c2d6c6505c6c51815bb,1
0x6a9449d9fb0728a0ec6dc6031c92813d928fbffd,6
0x6a944a0b8b60290c0a52db36d28ded37b531541d,1
0x6a944d127fad8dbe82f193207fb97a0413640f5b,3
0x6a944e0e0da8f992a71ccbc32244f8853dcac39f,18
0x6a9450d422a7f1029163098340384ffb2bfc319710fb6c127c059975544d2c2f,1
0x6a94540983dab0ba6928647471ed189a713353a17c5d4d523dccba8d75a078b9,2
0x6a9456f1147db8f8e13e9c4b1b676e2e236cbdfa,11
0x6a9457bd723dd2fcf7f1f981e89ddd135977586d,7
0x6a94595d84123435070fd0d6063b3612427a9554c23f5695f46cc3126910cdc8,1
0x6a945ce16c950c68cae988b0e0f2ce9096933124,32
0x6a94607b864f9fe0a2dade25da1baf34a0f9a963,1
0x6a9460d7718e7bf62b676b853170b93109deaba88a6639aed669a141c3864e00,6
0x6a9462bf6fe877f01adde94d9194de84979f50f9,3
0x6a9462fbb5dac50fab4100139444a0214abd42376d1776d5f1e2be054fdb20a,1
0x6a94630f533bcaa76f4c2a250183ed8dc6dd85e6,2
0x6a9465ef878e728e93cf58c797bf496abdc02f90,41
0x6a946609f82dc21918ebadd54c5f1980c85c25ea736f806ca786c89fe9050790,1
0x6a946845a742a80a07ce1181e68d91d3f0232ec0,1
0x6a946c347918236917e78a076a299aedefaee274,7
0x6a946e5c261405020ffeee868812009fc641b429,11
0x6a9470af810907143ae551f5befb3f980304d666,1
0x6a94807fdc2f9286842603d5bb3316721e5ecaea7a46924b6a9110e049a6bfa9,2
0x6a94808541be000e995e4586a35ca879e8eef2b1,4
0x6a9481f3d155a9a36ec04634eedf235325480b05,36
0x6a9482236f8df57a5960363b09a8bc8896b15bfd,1
0x6a9486307feff47a2cc1b6cbbc50d045798d5718,1
0x6a94865ad1bdc7955e72671073669c25b36acd54,1
0x6a94899e2b0dc549c1b5ca398c385704dde186e5,1
0x6a948a42b7b0d40433e465d55f521c6f9873a396,85
0x6a948d601cfd9d129cc2e0fe495c624ef2920534,50
0x6a948d644773d28546852a0d0b42e24dbf9d6814,1
0x6a9490f8440b086f191e4ec8966afaf72da32804,52
0x6a9493e4f666c222b9898a379aee52b591273805,1
0x6a9499275a09bd2d37875ebde2d39d20d55fea46,65
0x6a949e31ef219d4450d1b50602d16d2f1edeb7dd,1
0x6a94a1fe5659fe3e88db8bf44a3d5461d22fbdf5,2
0x6a94a448290059467e4ad05e8c551cc68b422b24,11
0x6a94a5fb4b4b1f327583ccf3300c38b02dad5678,2
0x6a94a8e406b48bb00edc229500232ca86de1645f,78
0x6a94acf03a6860d83fd8863dcc04e048e5c8c50b,2
0x6a94b14279730c15d6ef0dc5270d5af0d0d6c5addaab35a7723d363f30000be2,1
0x6a94b252ac88b08830a18daa23516d99198cf3d1,14
0x6a94b31f6421be00b21cb4f2a5e3ce1571439b0f,20
0x6a94b4601e31819944cf7807b772e8d89b849f14,1
0x6a94b8fe7ae4d08147058d6ee2d1041237973c12,42
0x6a94b972c9aa6a5d5ded94da545cd4ffc4c2e516,1
0x6a94b9b6a592f4c719e3c6d05bc20f7d05831119,1
0x6a94b9c784ac111b9fda1f635afb5e22adaeca5d67b742926237b5f115c93ae6,1
0x6a94bd4d8c1d9d112e800ea164ecf65073bfd2ee,103
0x6a94c0dc7a7f47860816113aa69bf6f01ef1b450,53
0x6a94c0f866c445180f61cb0a283118fc52cf6bd4,19
0x6a94c21637c4c8b1f8a24c779514f49dfe504139,2
0x6a94c81ffad16dabe03353f0da4d012ba3279044,3
0x6a94c8c63458182258d5da29e5245d9b66935038,96
0x6a94cf2e7307b8cce6b3338475a3d252b1268c20,34
0x6a94cf757b0c168edbca7048fa6f2fdc5b83d10b,34
0x6a94d0f10b10a3fe04f8fdf9cad7b0e08c5bc154,2
0x6a94d637bb44c2654fdae50c433bc92d0ba8090a,66
0x6a94dc564636d1570e06a6349815441f16034507,40
0x6a94e12f11a1c090e8b6bd0a3d49e92022582674,34
0x6a94e663cadd836f736457ccdda29e062fb62108,23
0x6a94e6cf59b39aa4c09fc9f2e6781ab3aca1eaf8,10
0x6a94e8ed93f8e5f62a9e63047b6a7d1c5f358d917ac22f644932d6eac3879ab1,1
0x6a94e9bca635f7d4d012a4c7924852c0376dfce0,2
0x6a94ec156e8538701afd51634320227cf35ce2ba,116
0x6a94eddc38d4eca43475e259e300f60b3917245b,44
0x6a94f020eb2b7e73281a7f2d85f757e081f83d33,1
0x6a94f5374c51960db9089e8dd47e8272600f78fc,55
0x6a94f7f8ae0930abbfe2724b0495a2d005f8c1a5,46
0x6a94f89f8496de45abf55e25100844a987d8bb66,83
0x6a94fb22c047197e9eaec0970ee1f4075a191a86,1
0x6a9501171478b746bdea3b03b7096625f2c8a17d68f88376d2ef3c8da076f6c2,1
0x6a95016723320b4ebbd4d0b247890f6e9235600f,26
0x6a9505aa831376700b434690beb1fc2210597a0e,38
0x6a9505e5a0f4a1b2371e6034d2322ea4dc3278bb,25
0x6a95070ff162a2d6439483c6cc39fb05312c882e,16
0x6a95082e9f254212ec88f2a168bf40403cab595b,1
0x6a95083976af9b4b4973c9005cc0ef6c57ae4c86,51
0x6a9508606fa2686ebd3fd3ab853162ee8b034e3d,27
0x6a9509d4474d0ef9216f9a54765ba9d6dbd6a8be,3
0x6a950c5fc4a0bbcb7926dac1c5d16b102edfb2d6,11
0x6a951246fc9ff3520c70ceed439ff24b15acfbb0,3
0x6a951430508c255d25fc8b27cb8130a35ebe2fad,3
0x6a95183d372f1956e68ed730b58c5d53362e421b,1
0x6a951cce3f7ce6d33cf8529ce6cf0ced22574b8e,155
0x6a951fd72da334fbac9004d3df892d4ebcf8ac6e,32
0x6a95239252af49e8cc6e36763ed56741edc20461,132
0x6a9535df3076acbbe6bafeb7ed4e9e4951b07423,4
0x6a95399623c509fa7c5addc4cc01d50ede9e788d,1
0x6a953f5c5475295bbcde58e6c21afd56b933066a,57
0x6a954cb60aeecbb8586f9ded78a4a06bf19c178b,9
0x6a9550fccd3e1040d7180d511a03750e9b6f2656,1
0x6a95512dac04505ec1c2d920190d50a98477b39d,40
0x6a9558bb72bb04323e0b35854b2d5b67031e7455,2
0x6a95595609a87cb10bd8917de42c09d9d48356a4,65
0x6a95598b2680ccf0d40f437ceb31f4bd1406deba,2
0x6a955be84bdcc80ce0eed55652c6e03f877f5b67,100
0x6a955bf73fd511ab0fdb8f98d3b596ff730bcdab,1
0x6a955eb74fe2c9c4b82e4fd4750068c08101c7fb,5
0x6a9560ed13ca07f208ac0fa0935bceada7b07546,5
0x6a95615b2dc30f11374d65cbbbfdc311306b0660,1
0x6a95616a92d62d8a6a2c132bebe586b3ba9fb2640ae8f84275af1dcf3962e781,2
0x6a95617227958e14eaf9934b20a733474d1b0a4b,1
0x6a956309aeaa023d20373b57776c3ce8a362b32e,63
0x6a956c1df6f5161d370cb6b77118c529abd18c90,12
0x6a956e00ac6600f5eb538b665f0389bf0067319f,1
0x6a956fd806bcdc8e89a19a5204bbb18f671f8939,3
0x6a957238c1ebdbb16691a16e1dc1cf7bd3b83d6b,67
0x6a9572c40c3a954fdaf286271424325599ba818a,1
0x6a9575cdb076bcdb3dfd223df54f0f1bf5be1b154acc0aff5a48c17e9153ac48,7
0x6a9576c234258f3bd4c55f210b51f3b0a9c0dfb5,75
0x6a95778863d81f9c3d564f4e4aa28a3e3ad231c8,44
0x6a95783331353452dddb69035947082f24db344a,2
0x6a957c69ca0d9d9ed879643630092ad22e1d99a7,3
0x6a957d8050c0c73933c6abf8ac73b26a832a1a32,20
0x6a95823ec230219b9fe60d4b3bd60a00b1a5162f,33
0x6a9583214a7213dc7ec7280dd6c7674f3eebcd15,54
0x6a9585620fe7dc3d6ed405cc715a9123fb0bad43,9
0x6a9585ed49eef441dd2a26b79d149fee31320e97,1
0x6a958a247a2a8a2b0df0bf986c9350980dfa57a7,1
0x6a958b2c991711b3f5bbe2ab115b26c8a12ea46c,6
0x6a958c542f595b9665629d58b6fd72668154c6a2,1
0x6a958c58658494a92446d7311e9de6ec5d745068,8
0x6a958c9b20912df37b36523b683bf7f9c8ace06f,24
0x6a95988a45b60406013f43aff9aaaad0dbaddbe6,1
0x6a959d55558d000f21f4b3872ae345ec5d332727af4d68e8446cb81390a04c10,1
0x6a959ee09e8418380e6925db77e072c3c11b8d4b,39
0x6a959f0a68e55cd6946db7d0854b578bf4ddad89,37
0x6a95a076d566f31d31f11021a737eaa9ebd6aef0,1
0x6a95a0f9c9866df1f7603978f6fadc1756d4875a,11
0x6a95a3869b4d004e741af0a71b389ebd455894de,21
0x6a95a8dc68d2bdc99479c6b65df7cd00b8404e9565a15e6013eabc30de6de5fd,1
0x6a95a8fc9872d393e68fa83394c6f771741de48f,53
0x6a95ae0a5029a7998dd696db1efeb2a66357dadc,1
0x6a95ae7d62acd15402be7eda53ccc4c2dbebb5ab,76
0x6a95ae91b6d7c3d54610a2cdbdaf474b4816c530,1
0x6a95af9856e692b21d3d63b675a4a42b01f99b52,16
0x6a95b15fca972055440a03a9fba80b3024dc20dd,2
0x6a95b79068631a18128213c2d2e527c55b26900a,16
0x6a95b93a26b9c414fdba89cdffb36d5b246a1423,1
0x6a95ba5c0a4cacf156db2664e4e90bf04dde8c64,26
0x6a95bc2e3373b4688f3d7ef31846564e8005169f,5
0x6a95bd773e5aa7e0287c562678a6dd3a206b7427,6
0x6a95bde6e9039bd225151045a2447a25fa6697bc,1
0x6a95c3647a231d7a4c82d9c30e0bd12c9611673b47c37b583ae602123238002b,2
0x6a95c5413db5918e0688193b26dccf4a29566566,1
0x6a95cd781a4c878606ee7f7f0c8fbffd5c72a48cb972c2095783c187bbb97a5f,3
0x6a95ced9351e37a37bb52bfa3e307314a838893e,21
0x6a95d3c8fe912e0fc1f7b0edb518871ff2d00626,1
0x6a95d6ab99292fae68641207a3f54205a728c8ef3aaf9010c2a93a083fec1ae5,1
0x6a95d6b65d95e4d3f65c2a4d37e9426efe4c2b2a,130
0x6a95dfba41f963eab5d6348457dcec536d67c9b2,1
0x6a95e18720052efd5a09f5b6ade940856f23ad65,2
0x6a95e399cb4967715bb5f0a26b335b300908dea655072925fadd5b67a41efe46,1
0x6a95e4aea41562c024e19d2f5e7e490c23be4152,5
0x6a95ecc9a9f67e3c3f5054d87fc9781052ce3dd1,1
0x6a95fb6fdeae69430c83978f76f4b903a080e2dc,1
0x6a95fe6dd4e73c1ba207bc5e793115f7c43976c1,34
0x6a9601cf898ab9c61e1a9c11c7df342f2ea32d8e,31
0x6a9606533796456580966684a1b91e813bc5aaaa,7
0x6a960853ad262da0654eea0c316d89032fc1ba91,45
0x6a96131b1e7fef5418bb1159f918208710890e7e,41
0x6a96166d7cb9b987de686750bada678d8456be13c7e59e452284a16555f33912,3
0x6a961856425f54cf0960e5e14004ca9d137e1f98,22
0x6a961964e45bf2fe3083250d0d2eabd783376ded,1
0x6a961c5fa10555f4bc8e1b8aa31c74213f508bd6,27
0x6a9621fec58e8bef96434c15ed906ce6f42fbe60,12
0x6a9624e70d23a85d9bbebad29f6e1bb42edfb05a,1
0x6a9627f11d06b4f118948a104abd604ea0c30069,20
0x6a96285510150cbe3d3b2c00e1cac243f1f8f28d,56
0x6a962a39adc76e5fe6b79a15cb926ccad50b20c2,101
0x6a962a595c097e297a8db1c0f20c5d00ecd4c5ee,1
0x6a96334eeb68af4f17f245a88fc478bc61c07ab4,73
0x6a96366100c31de837ac073767f0524be5cd3fbf071187e217f28788c953229,5
0x6a96370ed9ee803fee42397bdad9378f1368c653,49
0x6a963f79fad679599b388454270e06da84e6740a,2
0x6a963f7ee742f52cda5782df9caa6ffd4663502b,1
0x6a9641c3a0b980534804cc4980b5c345a0ea425b,6
0x6a9644cfb80aab132494ea308b23a4771d8ebf08,1
0x6a9647d4ccfc28fbdc7577b8286107fdef514366,1
0x6a964a6423df8b43a22e8ff7e5b76e44d13060a76a9ebcd2ee3acae95e642bff,1
0x6a964d0063a8500adb5520ef582999f66a4209da,1
0x6a964d201bb81344627cdb3b31544e94e3297da8023754f08b9d0b66f9143f5e,2
0x6a964d81a9fc64d1a97b6f31d874d3b6d78d1eec,1
0x6a965169e51f3799e402b8a81cf1bf53221bf008,42
0x6a96528dfe2093682246e3da2c3300ea7f1c445c,5
0x6a9652e0921e7ab43aae9190cc4b8bf9025b9a89,3
0x6a9661ba939c72eb3bd51af021c455de8f06e89e,15
0x6a96649b1a294dd61e9c135ce27238517372b7952febdcaf1c2472fc1b698327,2
0x6a966db81aa3b9d312a5d7a638ecefcef5a67d81,54
0x6a966fc146ba69938d283020187f3cbb08aa59382c9bdf392892212c0985022f,2
0x6a9670359273bdd3237f77a9219b06fb243a36df,41
0x6a9670c290a829cb73eea0d75777ace11e346869,10
0x6a9671646d35bad459288a9bfef93dff1880e6da14355658887eed25a2a20bf,3
0x6a967433c43f489dc7ba8fa51370730dfc90fb37,8
0x6a96774fb7b9405aaa381b680bd87d42d305fc52b2acfbefcb76af437fa22ddd,1
0x6a9678e75e954b6e3ea704818ad81f175ed1aa36,51
0x6a967c242b408a2d2f6c9b4de40f24581b4e5e0f,1
0x6a967ff9e816fb76efa0c305af78932b01fd3705,1
0x6a96805afb240c3950dfa61fe4a3489e856a6616e11f569965988f74b95e16e3,2
0x6a96824b1f6d6ffbbb2ee3e20650218c394b827b77251ef04151de8f0a01138b,3
0x6a9682810339378455f238409f1b65cfa9847903,1
0x6a9686fc5a7394b0ffe631e2c9cfb918891bad72,4
0x6a968828d9a77a00e8539a285880f559a7c65512,16
0x6a9688ed3fef9321b0aaee5d0fa4823b27c520a4,4
0x6a968908f5f55fa142989188e42f22a9b40428e1,71
0x6a96895646c04731b963e487de406dad2e695110,61
0x6a968a8bac8bf7c450f6723361727e55a153cce8,43
0x6a968b32ebb238cbe71a00f6d54a7e2af1f6437f,56
0x6a968dacca51c76bd218fce6845790102c0ee293,58
0x6a968f9065db16792a39387893e629fae3c07478,1
0x6a96950b80ec2a9a6fa89352e8cb65a30aeeb0312a3cd756fc5da346877e5a0a,1
0x6a969b669db2e3d9a7f110a74bee9c72fca2b9f8,5
0x6a969bccbf21cea2ef21aa51e92a78f0ccbac912,2
0x6a969d9da3cd048219e43806b9fb924dd7b804d6,126
0x6a969da74c8589e92e8be3728108a93776de6865,13
0x6a969e021d89329355678ef0a04d9ab22b5df9b1,4
0x6a96a05a7c1ee326d66c79666c0fb8ea3cb3340d,53
0x6a96a2b4e229b39d893e243421f125259181daf6,39
0x6a96a529ad7ccb4b566af47492fc5fd73e616959,171
0x6a96aaf25522e02b4d7e6834bc3fddc23d1d679b,32
0x6a96b0d865409dd903f929ef4bd542ef9d035c23640f06de4e75b9e257943432,1
0x6a96b4834bcc64f3eb5e9661cc1f4dc00b590095,1
0x6a96b5a3916990c35e1f475777cf233e8df5ce62,107
0x6a96b963c8f7da6e94b3de6d754d7f84e0872a1c,1
0x6a96bd53c2850c62eba34eebf92430125d372986,1
0x6a96bdc612c610ad475d50bc8d82656a05d938a9,12
0x6a96c5315a54c65a8a5b20c52a0b1a6eccf674a3,12
0x6a96c7635458f22e3ee834d7789dd0fc7b4dcd9b,30
0x6a96cd03b9512eee3c9bfacc52c5955522530a1c,1
0x6a96cf9387e0f878760a6e33d2af95948ffaf664,27
0x6a96d3f792299c8f44374dfadb4d905a0c4e03b5,108
0x6a96d7e635e2a4e9f4edd7fa369f07b2d834753b0e444f59755f08920feb33bf,1
0x6a96e2b4af835aba7e3c2cdcf0f91b3a17fd4d9478cb0e7db783036d2ff293ac,1
0x6a96f451791c7e39d73d07111091175d9cd3b452,1
0x6a96f66af0705b6117bb57afe768c7a186b6a168,17
0x6a96fdad38692fb8b489c5232a8ad2e0e7c6e491,123
0x6a96ffe24ddf8aebf92eeb15881c99c63add82c82a02ebf6b967fc0627edb7f1,1
0x6a9702ae11f0cd1917f338d42786b96cfe8d73ca,69
0x6a9705e92d10568f43e2c75327b816c76fa2f47c,2
0x6a970668f2e6af35e56cd940b24466469ce6986b,33
0x6a9706a1be9089bbc918172ec31da6ed1a1ab54a,14
0x6a9707e6ae25c00a95098594bf8aa80a836e30e6,5
0x6a970aead9dd290210891044fbe7b526d9e3426e,41
0x6a970e27309701bfefd3e2f5321b74ddfd692ad4,3
0x6a9710aa33b0753b0174ecdcb126f8437a6b883e,1
0x6a97114df10c692e64b3582d20b264241196c2b1,6
0x6a97134827341713b423f2742ec8830fabe7301b,3
0x6a9713970e1370238f54522185683bf6af5307e9,1
0x6a9715be3349fd59003788ba6beaead40dac4b0c,61
0x6a97198cfeb656f0297f3545f07a76f9242ba0b4,6
0x6a9721216c7049e41a62b68812bd240d214c2f0d,10
0x6a97294fe979b9b87d309f530796b24daa53f1b4,1
0x6a972bc51fd7449daacd9faf0c0bde40e3d3f6e3,1
0x6a9731e8708f171ad4db65182cc1c1419d4e67fa,110
0x6a9732fe119fcc109c0a161346abac658efa836b,1
0x6a9736f972e0aa038c32f44688fdbb2b48f25d75,9
0x6a97395ceb59dc1ac6da01034fadae4282d586f6,1
0x6a9739911d66f9ca4d819de7d6cad09a0f864f4b,131
0x6a973e964ca7b1a96bba3f4cc8a811647ff8b060,1
0x6a973f9c4ad385cf992982f0101a1d9cf42c1bf3,6
0x6a97441b4d6c5705d58e073f829e41ad8c0e5f8a,40
0x6a97454e403ada4da9599a35a6eb87144ddd62d113b408ef293b9bfc831b3f4f,1
0x6a974a6580b1b703dc8bab30fb7a779bec40d8fe439b11b0e8dd64e7abdf2a15,5
0x6a974b170079e44d98154d81e67b73bc61e02e10,28
0x6a974b44fcfeb4877d925e55baa373dac6540915,11
0x6a974c6a3115627ef9f6e27e2a6e4dff670dff87,19
0x6a974f008391b065320698a31cd00111f0d8111a,10
0x6a97517bf9ae36460293f42a35783611b8c02206,111
0x6a975233484b8b4b83becb131e83d54c1219150e,63
0x6a97556d3e7cb0f9feb0daa41de9185a16831cc9a8fe3d3d867f195e11a46e1,1
0x6a9758b73583d7ee1d6c1b2e396ce2870ae92534,3
0x6a9762a91f4b72f7ab22e963ec34ee6743211f81,2
0x6a9765db5e8cc12902d83acc377ab9e2365bf5e1,69
0x6a976d0bfc3c203e8b34e3a6e56f61a492cd73f5,3
0x6a976ed4a2dfae8339581a845f652a45241fa608,2
0x6a97715dfe0a46631575c375a502d066e9f99889,45
0x6a9772534c44e3982c73a948bef2a752cea71de3,31
0x6a977616e79f4c7821f85525db31ca36f3dddabee68980911f7d7b9a24a30ed5,8
0x6a977ba8c2ff7832cb3882c915d5abf22453f382,27
0x6a977e8a049412c2d6e6efa99bcb0351f5eff294,97
0x6a97817c132331bb083af76cdb7bfbc88b8c89d6,46
0x6a9781d28835537e50c08e66a211a7b52c39a1db,18
0x6a9783f7f9c637461018100f1275951797bd81aa,55
0x6a9787f117ff7e2f9d0b99323093025d523690a5,49
0x6a978f0eda95bb283e343a22589572f21db4ced5,1
0x6a978f361d4b617715987edaed5590541aeb753c,1
0x6a978fd9a58ab56afa085ae0d255db7d382af1e7,1
0x6a9790ab45f7135b88c5605ab03e48843d597ab8,1
0x6a979290ffb2f97ef949f99b226fb9555b5f5757,8
0x6a9793396330de21a2a6d9968a199207b888d858,1
0x6a979398b7e5c119ef4df65caffa9af02d507a53,1
0x6a979450339f8c7cdf11a57aec7c967897e0d2a1,41
0x6a979572cf6feaf860df6a571508417ca7fc51d7035a7111e312004ba78a6e3c,4
0x6a9795ae9b981f7086047f47a9edcc59c30f0d0c,10
0x6a979acd4ba2129efb5d4e1e97fb8f527605bbd9,25
0x6a979c21417287e0b7e67e0834c3377bd5e6ec81,22
0x6a97a174bf460614144383c6e098f3f83e9b4d487711e006881a0bd2fae59dac,1
0x6a97ac29d5d6381b2168e9f39f52e38396d0df4cd9634d8c7154ea76484bf5ec,3
0x6a97ad339244da0d58e6d01e38c522cc7a44bdc7,28
0x6a97ad69e40f3c1c799dd09797b9ff75ad02b5e507089ea4a3812ed36d2ed47e,1
0x6a97b273709b7f43a37aa6e5e6d4b20574954fae,4
0x6a97b50d093abed5c2dac3bac729e53239514826,44
0x6a97ba7b66e0e1029d443f92b4d1f6e04f15b7c1,54
0x6a97bcd241dfd8f6309f659d9609ff41e70045da,6
0x6a97be51b0e0e672de3d3795e10c3d658963b00ec41ab4c1e9920ebdfb68420f,1
0x6a97c1d1e518395b9310ec25bc30110814a3dc42,1
0x6a97c8b092576ff0efb582457fa1018866c6bb07,1
0x6a97ca946dc062ac58cd9317357f931d130d61f8,1
0x6a97cae60f940b5e69fb9d73d1b59030545cb59e,1
0x6a97cefd4c721832442c3b511be8aad50cf99c9f,40
0x6a97cf8ae5723f482bb0bb0768c79125ccb65522,2
0x6a97d385f4f8b6bf8496f5b7110dd3374238a11bb807b07502fad0f741beca82,5
0x6a97d7f57a4ef39f5636f9ce0ddb8272312b6eff,6
0x6a97d8c95654873b26fcccbce4d92e190b4e9eee,34
0x6a97dc3dea6450accf6f9b2f7e49f6f0c332d6cb,2
0x6a97de3925c541b97d5e31ec71bd5183e564141a,22
0x6a97e41698ea4b29c9d053c03247aed2312f8b01,1
0x6a97e91ff09db171422c496d62ad3a6189ccba54,1
0x6a97e9a3f90c123e705438de298bc35c3016b3f5,2
0x6a97e9d0416bc8b660b9d650d51ec6ede807714b,13
0x6a97eada929869c9419b23eeedefb4ca763badf2,2
0x6a97ec2c43df105b4be12fbbe14613603dc35607bb6d93cea3fdb8ee4f15e332,1
0x6a97ee346b2c700c7b82c339cd678e61e812ae39,11
0x6a97ef7cd323a53eb21630f7dda03625c46f14d6,15
0x6a97efdbad611137ba92fb155fdd3854dd064608,8
0x6a97f06bf0a68411461303148fd4877a7e849371,2
0x6a97f0791c94b1254ec68de5af3de20c4b99b6b9,13
0x6a97f33baf0711ff301a584f5f6703adff2cfd7b,26
0x6a97f884f3851e95d5f5eb84a65f1242fd454077,68
0x6a98041135604a93c782b5ebe3953367bf41b717,77
0x6a9805039651c3bcab265c70ea4b78aa880af616,1
0x6a98073065696b2eb8f7eb6542e3d24464203a45,108
0x6a9809a9e888b201363118309b79ca8f7fd931eb,10
0x6a980bd7a664eb753c3a8e2604700068a5e4f8ac,16
0x6a980bea8483949e3fcbab0519f8a878ce21c8e6,57
0x6a9814edf82678a07d792979f41bfc9ebea53e5a,51
0x6a981b0ab50b0c63468e5aac9f9579c7882de9d6,1
0x6a9820f6cf01dd6ced2818d7cfe4965802b67bfe,2
0x6a98229fa91ca2ba9bd969925aac5349420804d6,72
0x6a9828afdb546acd3da1767209c4cb100604b1b3578fcf04869f8c21d141ae49,1
0x6a982f8d23d81a7780d7b149669ba47f9c03d24e,1
0x6a9831645cf30e32edc56b8ee1466862bc7c6928,1
0x6a9832e2bef0140be7f3fd155c2959912fd8c778,1
0x6a9837383a62eb0fbafbe229cfc155a3bed04401,147
0x6a983760f466f6cfebe7c37886fe16318bfb50b717f569dda22ee17ac714e6e6,1
0x6a983935014807b0514cb2c72fde1a7da7066c7a,78
0x6a983dc446054a72aa74b063716e2e341bdc39e5,3
0x6a983f9e69caa02eb24698d0d9cdce9cb39fbf82,1
0x6a98475d19ef6f1e5327f25a63464bc408c34af4,122
0x6a9853c30baf8c63e62d886f0d8ff41964c7f568,16
0x6a98577a4b616b6f3a07abb1abc7efc65cd313154572ffa032f35d22b91a2ba1,1
0x6a9858de98b127530d8aebdfca5449df5c0368fd,88
0x6a98592570eaa8eb730259ff7043ceda01c06193,13
0x6a985b045767a3720a388c269a15e2d328fe4071,22
0x6a985eac9908993809195294142d0be17aa1f19ddc00531070810ed8e19c7e3d,2
0x6a985f966418ffc2f62f4fe660764d65e536c39d,1
0x6a986071aad17aa5d7663874348d40cf24d922b619a9ff7c88a125fd34eb5a79,2
0x6a98616e922db64ad8d067b5d0b559467024d2d9,12
0x6a98665df37118305efa55fc14b321982644a091,98
0x6a986737f7816ebd5e56c5faf5fde21c0ec7e297,1
0x6a98677ee49db986879a18c3904165da531d9b97ac9b5830d4f4a0614dcd473a,1
0x6a986791c40c622f1269e199ed96943d413572f4,1
0x6a9868686b8db0cc23aec7e877bfde263f454e8b,71
0x6a9871da55a3f95974fb9167ee108a52bae08c38,1
0x6a9876293e723aa71b83fd413f1c7a2da74cb3f6,2
0x6a987c976705fcd39f69c2e8eaddf310264b2978,1
0x6a987e2ea52426500d361af47cd51aceb228fb1a,2
0x6a987ef53a15139e33dac13199dc276677cca57b,33
0x6a9882758daaed4b913b8f1bf6a3fd1e5813d9c2ea01edc025600929af8f6208,1
0x6a98853ff9e142956ac7d1ae96fe9b182987e6d3,80
0x6a98873ed00aa4c51a7c1ace23c82f1a9b30df87,65
0x6a98915658b314726a0e87296819789f6f15116d0f9bdccf7be57544ef4af008,1
0x6a98928942570cb8a988a77159ba56e7d6fa19a5,1
0x6a98949c0b33be0fd59332d3f803fca2ee2dd6cc,30
0x6a9895913249962fb96a1c74c0acc182be5d146b,41
0x6a9895e7fc8bf4aff184690eb9058bf9f25396b1,139
0x6a9898d0109003806a86e102f6bc958c0cbab337,83
0x6a989977f46f052d29aebf434ec95171757f6e529534aef082b9ac7f9e32bb4d,1
0x6a9899aee24d5c71fcabd9b8fd055f55a1a49ba1,14
0x6a989f5e4f167766e66f4464fa55eaad0a54aa7e,1
0x6a989fa5c886bf41da902f6266384a62e5488345,1
0x6a98a0d3ac4b7c93c8974aa218242ba13af3bf60,2
0x6a98a1b901bdc1fb050b2639f9fb20a76962a183,1
0x6a98a3afa75a4e579fe31cf1664cf4a51599d734,1
0x6a98a6ab9b800e7532e98563917ae585eee9b0c6,31
0x6a98ac1bbfb02985e2d958da342bde5b7bfc09167007e017a2cccf15a5715a3e,4
0x6a98ac57b369df97e20d83f40061eb1774d9abb2,47
0x6a98ae22964172d0d650adf62dbcca3e5ffdb889,14
0x6a98b0bb23736459fa9cef7a1949f29724757ae2,4
0x6a98b16228f7fde0191ce006080bef49dc3969a7,1
0x6a98b5c4d89b5bb213e6e9acb38c5c5acd7beb26,1
0x6a98b63fb7d584195d01d64bb505cf8f397605d5,2
0x6a98b84899244d3d5033b099b29c88f6eafffbf3,5
0x6a98b8936f618fdc4012300219fc0ff83855e1af,78
0x6a98bbca76faeed75268459cebeb556fa41caf7af286b672d322ec97fd6c9737,1
0x6a98c497685ba5dfb6c69ae8598c83919cdb0ca6af31ad18e100d61f1362757f,2
0x6a98c706ffdde034a2f2b39cb3b552540caeba19dd52f837b0bea3a2569bcd8c,1
0x6a98cb4f158238d73fa6891626f382324102f6b2,1
0x6a98cfe57cc6e69eaf3fbaa5e8268d03b784263c,25
0x6a98d06673d8e38550849a389558ad61db4b0cfa,297
0x6a98d15a4b3b01059201b1dac1e8611e82171fa7,29
0x6a98d699687fbe0d78bf06819f98a7de79080827,45
0x6a98d9f41d788268a6ddcb216f67966db8e012e1,1
0x6a98dd8120e5acbb4e28ff19b911b8996a2b8f002a70c67edbef56bfb484402c,2
0x6a98e36ca8b9cf4b0b016442e23f54e0e5252117,84
0x6a98e5dd99a7f2ec073f9b6d4f90802f124475b8,4
0x6a98e95548ba9a455305339f05159611b44d5353,1
0x6a98eb7a066a04a12105be4bd422eea79c4e6316,4
0x6a98f076c719356c8ff4026d29015ace913d20c4,17
0x6a98f0e85cb8c51987bfc47dbf0ab42b570c8eab,25
0x6a98f25cfbcd502fc905df2c8da5feb655a3556c,3
0x6a98f44190d99ec28c34431692e8e7568a7d5447,2
0x6a98f92d329a658d73ce6796454c3c4657ced534,23
0x6a98fb6c3e5810dc3f9fb4cc9a558b5b75f1a2dc,1
0x6a98fc7a6d68e028164a5576cd06b63de387d97a,5
0x6a98ffec6ace2900fd0d24123f38d5defd40120e,9
0x6a9900063c0f72cfa8ef6c0fe8c7741d7b81d6e7,95
0x6a99010eeaf8a60fc7b7c2beb7446488ff3ebb73,2
0x6a99043febf2e2a6eef47c260a92196cfd7fc754,1
0x6a9906e04c91094f4127dd2542343dbf7fb3c393,1
0x6a9908bef65cbff6ad8a1352cd567825ae6c338a,2
0x6a9909c7928b78cb14f1369bf4bfec3183f1de88,1
0x6a990c5058630dc64d15cec4795b49d4c342194f,34
0x6a990db8d490feee28a7f5ed3f8711abf9ce6330,1
0x6a991ad1de9a7d78b498cb7276012887f998f806,2
0x6a991b3ba41aaff2aa85042c8fd6234b59e9eb779e9a63789b972f6ff1c2fe2c,1
0x6a99268cd02c56ecd40c4409dc941c153ea70c1a,46
0x6a9926cc260bc8aca2834052e33d0bf56b1b6d983104151bb9ffe71101cd0ebd,2
0x6a9926cd56a36075c3e942338186bd91d488ffb2,19
0x6a992a4ab398a1361949733fe0732d1a5ca5d939,31
0x6a992b24ef9917880bcdbab12c88fba621b1dc7c,14
0x6a993088731521700309d91af94b0d6179b94a4f,109
0x6a993a28a4d6d03bde1e351f197cabba99674437d8f847b27fdcf4ce0200faf4,1
0x6a9942cfdbe5ad507fada738a06d75b23f0e8904,2
0x6a99450c3c69239f7f2d0359104a8430a1f7856f,111
0x6a99467525b4370b7cefa9577250cd3f49f9044f,1
0x6a99499d0f719a4474fcf33eeaab9180c6d232d4,1
0x6a994bc0cbf42e6798e849c84d75c5ba8ed2235d8f1d8dc5be54f761e338a4c4,1
0x6a9951ef0dde054e0109e24bed70693241d8444f,15
0x6a99528249e6976ada374887cce4f54781ad5eb94d8c216b76a05e9d489b6928,4
0x6a995728cef9dc69b628f01c4488181c70b936af,33
0x6a995b08f6d5146104d72c87b949d7629541f508,2
0x6a995d87974db56e5571bcf450cb37e4288bcb8b,38
0x6a996386e0b2d1d30e43e9266bde9ed7e7d23a5b,17
0x6a996679f10cfb403078c75bf2fbb2be997f7795,113
0x6a996904439e7069fb2b9577db3c97c609a4c629,4
0x6a9969c253112c413823d5ad9e0f12da82ece45f5b0ffd4abbaabb43a7349608,1
0x6a9969d89fc511c470309ed89bdc664e4833a837,58
0x6a9970c2a370667ebaaca1bd78cea36371d3ccfe,14
0x6a997363006d7e243d7fdb79bca0ca02016c9149,67
0x6a9977725b37a0fafafa27c67a3a2bc6f443f759,1
0x6a9979e45366d65e50ede5a88d46fde36a48001a,48
0x6a997b024e1a84e40ed71721de63300ad2234cbf,9
0x6a997c995ca9f3ac505ecc410a42ac7f57f7a99d,28
0x6a997cc4d6d9471fe49eba27fac7e3a73ab85707,1
0x6a997d82c1b02eb72332e8f38816df55f08f8bf3,109
0x6a99872dad73f03c63ee5c46b84f159d08bc3138,1
0x6a9989eef1239ffef1a71d951c189f917e39dff3,29
0x6a998f4b3c86aea950efed61f65c8f37f38f59c4cc25643c43ff10dd7a7290ed,2
0x6a9994efccf0a3846a584747dca1af2bc8220fcf,1
0x6a9997947d975f4493135f376f7a9c946ee0c344,2
0x6a999bdebefa46161541feba67fe5f3da13546e7,13
0x6a999c2e090d21a14f59db08c0027ba07d45a786,64
0x6a999d202ca1e05bab1860be22f2454fc5d6897a,36
0x6a999f0b7551bb2c8a897f0ed2d4ee32d08118f9,1
0x6a999f382d791639d448ca5e71ad5151850ad11a,1
0x6a99a2e3578357421a1d1340b689fd1ae10712e8,2
0x6a99a612d6099be50a3ff6a6bfa18bb3328128bb,14
0x6a99a625314bc6104712edf493d6bc5963f42b3e,31
0x6a99b1d37bde9c8f8b10971f4b81434fa2546670,6
0x6a99b26f18f8774e5f2f1aacfc828e84b0a7f7a2,2
0x6a99b771433da1e3482d26416797497c14aaf57202ed4800553e63551f27704,2
0x6a99b8e08678b975bcfd276d8ce767b8ecb22caa,5
0x6a99ba73e699fdcc3361ad2281db7cee1493cab7,31
0x6a99bcc04a085863dc8c871e84465b4e1fb5d4ac391ca921d0cff1754cb16dca,4
0x6a99c2b9f6cfb66119558b4d16b2e9301aec9d80fb62b8a7268ca7a97e960ed6,2
0x6a99c33e972f3b7aad6f0ee0f29db259811a8162,28
0x6a99c3a736f7c856ea4bece1c704deb3940ec300,54
0x6a99c5d381f4f1a8f8842d24a7685a9da5a0e239,4
0x6a99c7cba471cf15bda27c0892dee2f3a7432521,13
0x6a99cbda0853be3f52e78ae85b5b86fd66f4c9f0,1
0x6a99ce9435493750e626a3e5ddf38f71a5ddc7e3,58
0x6a99ce9463c3876a96a8e8cc118981b8fd4b9869,7
0x6a99d552d83b4097bfb0265fce4a772d1b6d1caf,36
0x6a99d5ba003cf300c62d50cac34a2b647a06c797,2
0x6a99d69aac52e7dd6831493801dd61c444ed9851,8
0x6a99d9597cba2054f3625c5954483d2aedfe3a77,202
0x6a99d9f61ef7cfbf12b663a93b8778afee28b0c0,44
0x6a99dadc216a83adb0191c264a1774e82fd31aff,5
0x6a99db64cd050b622ed316cd38841b201a254345,22
0x6a99dc62b0046c792e72d0e3a34878338a3695db,190
0x6a99e137f1d8d917ccf825be747d062a7c98c935,1
0x6a99e16049a1b128341ede49342ef5f305588421,17
0x6a99e331f2db5a2a83819b46d1f7ce99d4716362,55
0x6a99e41656854f72ec53eb4e90cc71b0fdfa1e32,18
0x6a99ea2ebe57daf52ad5d7c64fef676a83d3e966,4
0x6a99f108a47df0c68e927435bab34a8a23d1350d,1
0x6a99f27f19f1beba7116bd21b08fa7839db481600b292791ba24aed716c87247,4
0x6a99f39d593d6a9dd5edb301fa9d448406751106,11
0x6a99f58ef69710c8af470063793c68c9f559ba76,46
0x6a99f5a7bf7b65085a4700b1368e430753a8fc78,1
0x6a99f613a0b709d2eb8f1244e6323a1d08c9e4d51f21e9c3d7c3886de81dd0fd,1
0x6a99f9751a8428b2dfed6a14b0fbdb6eaa48fc6c,2
0x6a99fa026364385b47d1b55e42b69d6067421dc0,41
0x6a99fafdd4a055c1136fab5d774ca3d2bde3b5f1,35
0x6a99fb1aebecfdef0cc6f82ad37cfcb84de7763e,2
0x6a99fec57fbd1064b67d8efa50169e8be57633e9,15
0x6a9a001f0ec1279412265e6bf7c3322d348364193fe49011f5784a25ceda557e,2
0x6a9a0d39e05ded88b1aadc127d1ca6596fbd72e8,2
0x6a9a0ecb9d04f11c0c8036b973bfe3a7dc8c75c6,1
0x6a9a0ef90a47f72f3f1bfaf1401291a3c6c4ba0d,121
0x6a9a14095a4a9aad175123c99b9fca42d216eeac,106
0x6a9a154c7cc982f365af4fb21a6662e81f2e5495,1
0x6a9a1c97e6683f61d4689dacad27e2d24affc35a,3
0x6a9a1cd3912214b50c1c286455c59650398c4aba,1
0x6a9a20f9b991946b7ffdf66535fc22ff5da897b420748d3247dfff929c8bd2ec,1
0x6a9a21866bf9ee773ee491d7458b8d1e33e6190c,5
0x6a9a22e3e39452c1f6413340f495f3e8e28dd94e,13
0x6a9a3151e7e2d646736fca37aa553cb40693a3a3,2
0x6a9a36531c16a950a934caa9d7b2598212ea27eb,37
0x6a9a3a148e1d5c6aaa23eeefb24ad88dd15767ee,32
0x6a9a3c8bf390038406f9fdc2437fbd5aba54857f,22
0x6a9a3e0268ce051c70c37431bf06ae9e9f8da699,92
0x6a9a3efabd96ac37067bd128b0997cbb62c6eaa1,34
0x6a9a4088e5b41bd70478178b788dd63dbccff430,1
0x6a9a41c225017b23ee453bbedbd2bee677514a4a,16
0x6a9a432866f41f5f248ae72bb817634ffc93f54d164048d68ec3f294cdb356da,1
0x6a9a4407482f45ac972527e36bc86b777ca11fa8550117e0c5a8515e8f1b631c,1
0x6a9a44f3fd11aec04ade4b98fce2506940f234cd,50
0x6a9a469e8bd4946144eb2f44fbda1669e20b7914,1
0x6a9a46d362b37840381fa272795d5b4a6190762a,15
0x6a9a4919cfc21024f1d8963f29165497ac2dc987,19
0x6a9a4b8ace2b70aa53ce0a791894d5cc723e971715810d0034a22f7ee2adeeeb,1
0x6a9a501aeccbb9c6a69cfe05bb98019720e5927262b82c9559df74be1401b672,3
0x6a9a50edbe5aca6e304ec4c635bbcb0cd4ba810e,18
0x6a9a5519e342c05d91b4b42acd9e742d189011e7,34
0x6a9a591f7c48313b3cbd1f75b530ffa8e89761b2,79
0x6a9a6c0da0db0690d57999384ab34e6e45e22c20,4
0x6a9a6df4864844a454a7fa1413e21988e14c48ea,2
0x6a9a6eabb4904741b9fe9f7e47ffedc120881278cebcee91d89b97dda66d4d21,2
0x6a9a74de693849ed0352939c558e0b0ffd792234,11
0x6a9a7b49e35eca3f53dba7fa22213a838b568bd9,15
0x6a9a7e69b810b7fff21c9bc76028a5ea021a0f25,3
0x6a9a7f8c5258f6ae6871c6e5640d316840505083,69
0x6a9a7fe3d1f62aab3117200c732301b371b722e2,23
0x6a9a83a803c31183a5e3ae98e30cd74f98b6a3d6,72
0x6a9a848187fd97b045ac94f533c8db34613f2460,3
0x6a9a889fb8779e6f5d6e1593fb02cc90f32a5358,37
0x6a9a89de50610693d058f10a4314d6d6d50ccc99,11
0x6a9a8a19516eb4f40c07acd9f618fcc62909d146ecd4169e94f8a8a8342c21e4,1
0x6a9a8d1ba55e021783ab8b91f8c3e82ad65e7118,3
0x6a9a8e67dbe22af0bb55ea0fa44df8212b175a1d,8
0x6a9a9105875a934f4f21554ccbb6ddcf0d1beabd,62
0x6a9a9134fbfa03a9ed5330626fbeee3112e18956,2
0x6a9a96d365db01fd0970b347e353a291f2ea0a6d,1
0x6a9a98ce4120d2f3e9de29e35d507b697700873a,6
0x6a9a9ee1ff9f8504278e91bfdfe7990f78f6d3dd,37
0x6a9a9f870a52e148815d056a935218703a07a40c,1
0x6a9aa123802cf6fb1f7cdb191f10f3d8e33b6813,12
0x6a9aa79c007746eb1ff3b46e9b9ad940977ec0b8b3afda823b8099f98e7e1c2d,1
0x6a9aa9b171df9202f4857a2ed9f038547b9b59ce,1
0x6a9aaa050a5b69b4d323e74a9d22c690c50829db,31
0x6a9aacae0162314eae8c1fab7bf89cc252a646f3,1
0x6a9aaebe428a1894d65aac4ed60de0626d913a20,28
0x6a9ab20b0749cdbed7f974e77c39b591277ea9cc1e1029063311444b9feab4d0,1
0x6a9ab326789263b4a39dd429ff9e0788f7d605b3,1
0x6a9ab50c601cd975a87cd60276668c51e6f4f7d4,3
0x6a9ab75efdc440436660c1dde05d37c5c2d49f6f,4
0x6a9ab869a806d1e6e6126c57739c3f839881ca2bb5bbabd66009777383a5163e,4
0x6a9ab8abe028dbd77570259aeb7a154b993ea8d59c414f394e35fb7c189dae26,1
0x6a9ab9a4d2885273c3f9f7c54b5a1b6629151566,31
0x6a9abdc8e1060b94a94f5cf144e5a1dd27256f40,1
0x6a9abfe1998526c495bda1713d87f431da79bf228ca24c1e1407c14ca60d55c4,1
0x6a9ac075b8af71798f0bdfb1752986bf61b4f979,22
0x6a9ac411a26aeac7fccb6b24db6f074a9ee34133,5
0x6a9ac5cfc2b13a92e390f101d371e96b41d6ba7c,11
0x6a9ac738ad6b458845d15952aa15763aca4b300a,1
0x6a9ac7397937967b07fd79a9537ab3d3437370e2,1
0x6a9ac766069ad38c648d447694fa0fa0d4585835,25
0x6a9acd0fe81c6890e4d67224bfbeac2558cb0140,59
0x6a9acdaf9e44f7e0349c096e04b687e3f99809ef,55
0x6a9ad3289ad6bc4ad0945e51629064d3bbdb3d48,12
0x6a9adf97089f6a4e1aabb7ada59ee887e8398149,2
0x6a9ae03af2e3ae79eccee9621faa98e99621ce72,3
0x6a9ae0b8a3717d8caadce065d273b9a0882be8a3,4
0x6a9ae2c4461521ac08b94bc71c9f4c3e7850af2e,72
0x6a9aea5aca4cda766b6111a7f64ffe41b0b87570,90
0x6a9aed93888bf1a5dd75856fb0504956898ab01a,110
0x6a9af00e7cc350410d1ecbe2122081452a93af64,1
0x6a9af119834d74892c8366ec61b04e41d4d12090,3
0x6a9af4ab39bdfa8987583d29b95f57c5220e85de,1
0x6a9af615cc15621589a6e6dd73f7f816caab1198,28
0x6a9afb290943495518d1b3d4d2a0cbdc93d3f719,7
0x6a9afcc7843ef26cedd52d9db25d8aa810854e83,8
0x6a9b083cf4d7de141d3ce84ac7cd47ca3b64a9a2,32
0x6a9b1096de8f94a2caf013e94935fd01b1b2d6faef3a1e9fcbdafcd8b513bf53,1
0x6a9b10fdb2da2f3b2cd3498f92b3b9ba4b795c25,7
0x6a9b1208787477b0c4eb2796773edabcdd42ddb6,57
0x6a9b12f4a43efd1458c960f70d7f3ca90b87854f,1
0x6a9b13fa218dec8d4f4c26528e0bb66a957feef9,5
0x6a9b17ac755fb3a94656f98cb4f89b7327a4d830,2
0x6a9b17c8d208616eae398097ab9cafaa69e3dd269d61132f9c5aea917fe12ac,2
0x6a9b1bb1abff5e2986d18ae8f3602f2b446ad2c1,33
0x6a9b1bc26294b0d3099f16ea749118c66344b832,54
0x6a9b1dc04e17bc7c708b5ad5da9ca52bf71fb2b3,16
0x6a9b26ebe973d6bda9f8db011656613c64d3caab,1
0x6a9b2736999ca283d5cc6f3ea61f5d9469dea625,31
0x6a9b288b53c6d7be851540960ad7cc3c647431c8,56
0x6a9b29f9816d3dcb0649f690873ff6d2b9138e9c,7
0x6a9b2ed5295b025fbf969275b1c8673eb9748feb,1
0x6a9b3062a58e12e8cb14248805fd6830a12205b4,1
0x6a9b37acc8e8729b29d94ae6db3ee64d8af14d84,3
0x6a9b38a61fb4687690e52b3da4d0c01572874913,32
0x6a9b392023c7fd499d28cc49090ca70d57884bd7,1
0x6a9b3e3d95ca45e39cdda9345de9c1e667a645f1,2
0x6a9b3f3ad8c3a3d12fda71739c1154bd514b1a79,5
0x6a9b409a4fc2cfe6ec14af02eea557aa25fcb9b2,1
0x6a9b48a16d66f005b3793d6181a44ed6050863ee,3
0x6a9b4a66c15ecc93e300f056724063ec6d2d8591ff8ad3ebeb0d3084a34d8543,2
0x6a9b527f935ff7af71438bb0a759789bd57590bc,103
0x6a9b52d686a1c42ec860597c21b803a71ac9425d,4
0x6a9b575cb7baa0b093d239d0bc5f8d827c32881381c50cdc8122a69fb7cbbf6b,1
0x6a9b57be4562a31a86635aa38f495e6caac8cb36,36
0x6a9b5b7246008823d01e465d0a291e3d144b7265,64
0x6a9b5dacdab0c0b89fa8d5a4c991e6b90a80a2f7,1
0x6a9b5dd3bbd7993a0fde050392e1d9308afb026835cf0af229ec3c40a87ffcf5,2
0x6a9b5e594ac0e66bb19a3666def8f3e15836618a33fc63b2a9f32382cd55ac6f,1
0x6a9b63afb7dc9c58a626c8ca8085a29959c68b95b5a1b0d21d8dd3a235475a26,2
0x6a9b63f794137e85e8a5ffb88ca7c395c3887b39,122
0x6a9b6ae70a5c895bbd97286559374480e1db6923,38
0x6a9b6ced8d60dc88fa656adcee2dd055572761f8,21
0x6a9b6db630e306b37894be96533bd3804cad264472737d82b28175c2f5f0047c,1
0x6a9b6e0d7066fdecccfe4a5bb8f64133e8d04db5,6
0x6a9b6ffb734b8d1b26d1ab97c2a58096819541ef,1
0x6a9b733e9a4c239e3c927be2086df8010354cc004cb746d0d92f18da97e17742,3
0x6a9b73d2125bb7706727daf8bc225d55c73d96b2,23
0x6a9b75e0299402502b0c8658615033b57017293605c61242b7846b5158bebdcc,9
0x6a9b7cac5abdd9f54de0473dc37f1e0ad041e76c,24
0x6a9b7f8020dca004bee2d7198c6952a6df4f937a,3
0x6a9b8342a116bf09da4dcbcb1ea54106b97f852c,138
0x6a9b8431aba0cf1b97ccb25ace3dad55a5aae821,14
0x6a9b84ef6d76908c6ea6f47465f73c69557283f6,2
0x6a9b85b211d8b253dca9512efb21e8065ef0f7f0,60
0x6a9b86e5a09eb214557825c89cd2aabdd832b830,139
0x6a9b86f1524beba8bfefb44d5689b025096a7566bbc84396be990da9458b0508,2
0x6a9b880661d5b905ca7e0d4779453b4937cc969c,76
0x6a9b881b15ffe276e35e67aecc31e982e4aa9944,21
0x6a9b88353cb1eb0dd40f3124dfd99e0a83ab595afd6bf26541d09f4d3ffb3bde,2
0x6a9b89e2cbb792cf705caf10fdec91f3adad854995b9e6a31a8754a25668a8e8,1
0x6a9b8eee0e33d7e26d9bbd5930cad9ae1e4c6ec8,60
0x6a9b95eb59d0c25a4eb4e607fcad6bb6cff9e1ae,61
0x6a9b972157292007c4af09ae7dd6ebad9762816b,19
0x6a9b98a45b297fcbb6a0ee32086d259c78f8f1da,1
0x6a9ba13616e3b47e856bb4d531892187340f0f7105fcabe5236a6263a48a392b,1
0x6a9ba7631bac74378972547825fa7d7b81ddda71,21
0x6a9baa5e7ad13e32c5f2f10bad48c0fc82286e6737e3067d7512d9a685e4bcdf,1
0x6a9bab14405ea551ccc6df0f259ba7fb385c56cf,5
0x6a9bacfa83a80355541c32e96de83532a88ce1f5,88
0x6a9bad390e770c0bc810cce8d2b68f94205248f1,1
0x6a9bae2cc5502bcaf4b982133537f5e8086ea94e,38
0x6a9baf0c0a4ea61e4d6fb33e0e5d5d4c56b50228,2
0x6a9bb06d16bd001ea26dede19c7f199128c214b8d31b87e59e9a4bce3d28a537,2
0x6a9bb44cc2efd2136a5f5af8cdc275c6522690cc,1
0x6a9bb5bfd30dd5de5c62e3956d81d59289ddbe4d,3
0x6a9bb6b0139d951f9903be5637fd1d2abb0e74fbe7c5cd3538b1bdfc11ddfe1c,2
0x6a9bbc0abb9700b401b1b64f78df32c993f459b4,39
0x6a9bc308d04ddb0fedeecec64b843161e72ffa38,48
0x6a9bc6658e55e88184d93ab771cc838850cca24e,112
0x6a9bc7c290d560596b137911cc2ca522828d8f2b,49
0x6a9bc9967c6294a5f7a862a2c76612b76a033586,1
0x6a9bca00b7425f6b0f30813bc09ccf28a77902a4,7
0x6a9bd31a4ad114a20ccc8474a26b7f00ba1bc11d,72
0x6a9bd4163f6b844c8b5042d8d7bfc92e409c7484,12
0x6a9bd7ce4fb1cfdd41832d8a6b5a380202b7c8ddff6176e8471c428fff9d95b3,4
0x6a9bdb846026ed59497e98d0a80197eef9e45dac,28
0x6a9be28ceaa850b3115cd42cb440705ae474a40f,28
0x6a9be71debb38387f4a456ec3981b4d4df5f1fff316c47087fa0652941136c17,1
0x6a9be77705997071128ff169b41c3bc0c00b6bae,5
0x6a9be918e36a58e447a41b01e57a9cb4377773c0,1
0x6a9be9329efcf2fc861c503ee381bb6bdc7fbaac1d9dd59f66cdcae896694add,2
0x6a9be9cfa46ac9df9b18474d440116a1feb80a94,10
0x6a9bea733be7000827fef64f42c5969a953d1225,16
0x6a9beac6faa4737e04c82eb3c225ec9f409a7290,1
0x6a9bf07c0cd76404651be74df7a5f005b8b0850a,3
0x6a9bf1c51fba2462f70c4931708eff832061ef4d,1
0x6a9bf4599919329dabf7fead65c1db5a56723114,1
0x6a9bfea47f2104a4377e5ae03a92fd299a055bd0,1
0x6a9c02ae6652f79310b9779c5837ce4c8e649240,53
0x6a9c03f84716232c89449b121319061091c7edb3,4
0x6a9c0ae37a76f62b4775dad5ec7bf0aa4cd6c0b0,23
0x6a9c0d5bc0fef66ce8152ce86fb96d793aea4d197a66494efe3fc2ea3bc6b55b,2
0x6a9c0e28c61d216439aedeef23d0826ee34821ec,136
0x6a9c1158645ea65b7a7cd9c096f14fde5c4f8fc0,16
0x6a9c1c569e42ceb12e8eaaf7d426732b81303bf0,30
0x6a9c25493a37b366750d851d785814607c52e60a,51
0x6a9c2600360511ee09284a1aced08406304e7990,19
0x6a9c30f8756a2f04460eeebfb465ea6b960d1f5c,4
0x6a9c34eb79d1de850e682e5ac14135ab8a991c53,39
0x6a9c36810c42b72ac30235433b18300d1748fb3c,33
0x6a9c3866ba601c64a2b0243ff4ec6c3968d43345,161
0x6a9c3d0e844f9aea5a130a0e00dfaf29a3152fd8,149
0x6a9c419b812bee37289127dbd6ff76b5316e1de2,52
0x6a9c49c64a020f19bd6af4f2ee4b2eb9758dd9bf,1
0x6a9c4b6011aa98dcb704d406728a5b37c14f8d2e,101
0x6a9c51db7ee4270eca3584d51680829493fccb77,46
0x6a9c52e58638e86978e828718eecb36b58f9167e,51
0x6a9c5660a3a5c1f7e54d2e5ceb68d0df0a50c485,12
0x6a9c567df0cb454007590348949299d48ad68ffe,45
0x6a9c5926a1ba9d0e0438a31a24df467d05804286,7
0x6a9c606ba79fe219d7278e0292d695bba7218c13,3
0x6a9c6475185b7193a078a8ec4f77c575347cc42c,5
0x6a9c6a12834a5fb3bfccb6d2b969ca728d947ac3,3
0x6a9c6b67f8dbfb66a07b30066de4fb1da3df46b5,25
0x6a9c6d1a04a3872a10cca538b1d9e545efe5b4bb,1
0x6a9c7a690231af16ee38563e0e13a596bfa393be,1
0x6a9c7ea0ec1f0139265e8ab906a1dd2dc08044eb,1
0x6a9c842a1121bb8f984ef0129e15ea8a0744b058,47
0x6a9c87150952937dc4b3923ce7b5c28f0c1e5e01,1
0x6a9c879eb1e1fd9b6c366c913d630eb3ef59a21d,54
0x6a9c87b6e64ca5a6a6b34c70e67ccd1c5b68d81e,22
0x6a9c87d62d1f35a6bdb84ae2965f1ba2a1e05c15,29
0x6a9c8816bb6c746081ce60706279f10e0ba81d70dc4ed54b2646754fd486e2a1,1
0x6a9c8b9e12d50719176979430126b73478413afe47385b16255315d192f207e8,1
0x6a9c8da430b00f9b9acfac696912a8c0a6236900f5c693a43aa41bf9e4291da2,5
0x6a9c90480fe52c2189f01c24b304a7720e9c17b6,1
0x6a9c94d37ecebeb3de31d09742a9a172c1abb466,42
0x6a9c9b0f9f12af7fa2cff3976b8d68b0e7789584,13
0x6a9c9b86e508dacf6e300558a189a8bb27f96c9f,4
0x6a9c9c24c9c63335d61e6049cf8f64ae7f0288a9,54
0x6a9c9c590a314555c04a23dcd91799366ed07398,53
0x6a9ca0c5c44add507c27ecfa6614670875b2d53b,2
0x6a9ca119e800ba69c78a4b413f03ef34fcfebf37,1
0x6a9ca5f4f5b2304f1212716331774fe4e810571c,89
0x6a9ca64ddd28c05ecf7db54b944128f254ded612,4
0x6a9ca7e6bc3d554607096ca085f93427c11eeb82,39
0x6a9cad1074b69635017f0988b193cd05db229d24a9d33717d5e8915e41f37fe7,2
0x6a9cae9e54bb204a2ec495311a77552f77505e32,1
0x6a9cb0030fb2877ca005e0d85a2f952055cc597d,3
0x6a9cb42dd2fb7402b0ede7b7de771b8ecd6bb70a,34
0x6a9cb4c26c97d73e8eedc2e33a8e228f580ccb23,73
0x6a9cb5c68bc9261951b66127a3f2b97e95587bc1,11
0x6a9cbedb0d7c1496534dfb279417da61842800d4,4
0x6a9cc4716f247cc3c90f0605c22f8e1eab7703f3,23
0x6a9cc629f2150591ecef5dcb910b1114c18b4b79,1
0x6a9cc8a5272611c8f2c166cb5fd06a8ac27c5a5a,21
0x6a9cce6c716b364be5a5bcc29d31d1b2daa563ad,18
0x6a9cd2b9ec4ebd54affb365db6fde84e952ef3c5900e464a25434f242b30b83b,13
0x6a9cd4079f6c2b184ee6dc84c8871759dfe58777,1
0x6a9cd833997ef951023b64743fec1c4b38719fbd,4
0x6a9cd9150a8d9600a9f5f925c223e7d633274164,31
0x6a9cdac7f5c2dbb482c4a4b43c117ce2c4b5909d,2
0x6a9ce5941c86fe35625cb0bec8e783e3450a03ee,1
0x6a9ce7242b2920d90822ad217e3f7b997d91f3ec,68
0x6a9ce7cb0afc3c0999f85250ccf3a135a8a906e9,2
0x6a9cebb451aafd173c74739a90376c8efbdd2d46,1
0x6a9cebc1eac85e6a386d1132415da3adfe603bd4,53
0x6a9cec10175016ce657d4ff874c8c13f5126dfc3,1
0x6a9cec870bb5729aa8857554790699923ae950c7,2
0x6a9cece667531247fe8ebada77bb8195e736f47a6fcd0287a4eeda507b96084e,1
0x6a9ced187a0c82156f3bf411e966a16169370842,1
0x6a9cee382583bd8a526562b280fb8f8ffe393177,21
0x6a9ceeba096c9a0991c245e074969ff2676af1d2,3
0x6a9ceefdca4039f51524744f665063ea5841318c,5
0x6a9cf2489ca50c5dae3b31cddace1d8c9096630b,5
0x6a9cf37a98a71c557c6c6ad1920f4f64593c5e1e,1
0x6a9cf4910c51d75cf8168988106aa9bb8f6c5676,1
0x6a9cf6e3a1b0c960c6cb35891cd9b68851f1ce45,13
0x6a9cfd3dcb9f7362a30066a1d106c12a8f744195,1
0x6a9d09991d4d0cb84d09dde4ac0cbe6bebdde830,1
0x6a9d0dbee854f25dc62eae4faf1f5083c7c3b194,9
0x6a9d106da70143d3dcd44a0ac46db314de178908,39
0x6a9d1671668653b6aff28e862dd07b634a2e8f90,36
0x6a9d1900350a7fe68dfa5ec0757dd165eaaf5e0c3750054eeebd64dd2fb7f63,1
0x6a9d1a31980ba8e4ea64074bce2da87f7a487e17,73
0x6a9d1c808ec9126b8cb73c8a1435362650354c60,24
0x6a9d1d87cdc9edf0a534514d5d2592c5dd63cf3e,73
0x6a9d255c46333cd3fe82be6cd64bcf860ecff6e4,26
0x6a9d26577f8fd1ab7d669ac8ff923a61623b652dd5b4076d70445424ad32bc1,1
0x6a9d28c00c0bd5fac82edd1eb4e40f28cb93a7ca,71
0x6a9d2b6db67c5884c29adff3e299f5a1d1369f2202a339b3c774c7ca3d1721b5,1
0x6a9d30abcdb7c606e5e8fbefa1ee98087890ec53355ee5c6f43ae080b25293a6,1
0x6a9d4279ca0758d92c46ddc5fe0d51fb125d3b95,25
0x6a9d42a5f4696de7a6b4d43335d8bd97c0dff4bd,85
0x6a9d454af6def80683a4bd241adcb73f5614596a,40
0x6a9d45a39ce50d0070f44db63657abc368d91b58,83
0x6a9d496131c1945b75f17835e235405f51af6f3e,3
0x6a9d4a0e84ad1f3a8d55e25b278a06997d3dff93,4
0x6a9d4a5c5f2928adc98e831b96b799aed84e79a2,51
0x6a9d51712eb6cc03779aef733f322e23cc53b132,5
0x6a9d53047f3e9abe93d041cff596a0df61964d10,5
0x6a9d5887a9e148dbee580540389ad5fd621ad71945a97752d92a96ec84d3a622,2
0x6a9d619ca7eb87ea67acd601d1d7c4d83b57c962,41
0x6a9d6369adeaafc6f1894da119d6a12e4e76d9f37330748d1ab5770f3dc23479,2
0x6a9d63cbb02b6a7d5d09ce11d0a4b981bb1a221d,4
0x6a9d70765f1c844a19c57e8c96f3ad1ae07d90b5,55
0x6a9d755f8f33c8414f533b7896c2d59be9f442a0,2
0x6a9d77e57e950bb728930f4d6b59ba8cd09c24b832a66dbe89f0caa21735e3cc,2
0x6a9d7d7f832a21d797c793de3a5bd727faee411038a4bd1647ef392f9b063929,1
0x6a9d7db7a732b8899f6fc6e98e895ac08f74bff9,38
0x6a9d7dd710b2dc50fd93a16c9b9f057d0c212a6a,64
0x6a9d8adfa261935aa069a3da1d0dfafa4d538c96,1
0x6a9d8beac3fd3ee2b8c1b1a9ea2cdc3bb523430b,32
0x6a9d8d225e45e16bb4f51e3d7541f6e86dd10cf9,40
0x6a9d8e945e48d6788e49bb99634d86d247deb983,10
0x6a9d903c36b414233498e9fc9c829776ce8deb9c,52
0x6a9d9280dbd52090fe8de79084c6196ef3c0314a,1
0x6a9d92b7bc22fcfb51004db1fc4f0ce5dcb8cf1c,6
0x6a9d93ec4c91750f7b9ef8f80e0e56c0af85f234,38
0x6a9d96bf0e8c2952251b6407a5c6ba584a6bcbe9,80
0x6a9d99c66ad4c88096529f5432e3638d4a2d970b,29
0x6a9d9acc09e21ac6bd145369d54107b251a2ba0b,52
0x6a9d9ae775ea15a2d5e275a6d299e6bc165ba2f8,26
0x6a9d9b02ecab2db3aed984fb83b9937ac171f3b2,4
0x6a9d9b54f46b877cfc284929b4c6af5a37895e2d,2
0x6a9d9fb16c020e314da2948d0faf2bd1649e744c,3
0x6a9da35e8123d48cdebf5a3a24cdd4d68de36b4b,15
0x6a9da397079071df552876c0be848b205755fd00,69
0x6a9db053bd046a744cc66b79dfbe6104615de6e3,4
0x6a9db0e7c2ce0168d5cb93de9ea6cb5bedfa00d11b0be4f01dffece5968387de,1
0x6a9db4ebb8136a8ee2e9a0bb1b8d964576406d29,69
0x6a9dbc9f4b0359a648b128fcd7ba78e9e572c8b2,26
0x6a9dbecc3e8eed81a0052a7602496d33dc16139c,4
0x6a9dc30630e61abc9bf581d0fe229c2417b4dbe3,13
0x6a9dc452cb42536df75253886b855d05ace0aff0,44
0x6a9dc5c05218db2079cbba0dfcc0e0e2ab0861fa,1
0x6a9dc6dc73f44642811cc0400f825a388ac911c4,43
0x6a9dc933dedd5699c49afc9d9fe2e1100ae604c9,1
0x6a9dcb113584f2674e107f67fc5a764ae95992d5,1
0x6a9dcb19b9d8e11ab0fcd1fefc89fb5f8d4f6d53,4
0x6a9dcb7bf2cee34245902616ee28a800bc235b14,1
0x6a9dcc7c1d415390f254f44e81eb0ac1bf1e54ab,1
0x6a9dd35f048b4490a2790f6e9bc9ccf2815af83f,1
0x6a9dd6510e45d56ebd4ab94efb50cbadd2fe2bb1,54
0x6a9dda1c7aa3ebfca2929dd02f9f2163cc66aa7a,1
0x6a9ddec07d8a2432bc0240476fb561c134e0b421,46
0x6a9de15918e99ea44040cc501330612e1cd4686d,24
0x6a9de7ccb0646d95db129aaa6689e5527701ea8b,67
0x6a9deef4eaf5b7b263155d641ff69d30fedfb81e,30
0x6a9df16a96f206ef4561d75c564fa0a319effb82,1
0x6a9df4c24c247dc6e0e6d6bef791900f46f75ac4,5
0x6a9df6be0e6087defba88fd87a751d91164f0911,30
0x6a9df7482912d555878c738f2e35a35498a576a7,1
0x6a9df78610845593a8366f1a2b6b652a90a77eb779212e03f4e703fa45a8c897,1
0x6a9df786aeb9e45921da2b5874ba10164d56771e,1
0x6a9dfe77ff4ee11bf50b3db17441705692dd305e,10
0x6a9e00fa70e0cf5cef327a6a9b695c5a32a02e28,3
0x6a9e039a412b60525856ec0a2559b63e22f785fd,41
0x6a9e0625dd99ca97f3215399c23462131b3c722d,54
0x6a9e067564498ac5f40247e52d03d6b4efef121d,71
0x6a9e09c158e11ce5aadd1d026eb884a9c9f8cb91,84
0x6a9e1682dfbabb4cd553570ec49f6e9a77e23bf3,28
0x6a9e188b5e299c9ef2e3b85612ef7e62fc72a12b,1
0x6a9e195ee55ecafd2d4730fa0d283275eed2bd6e,2
0x6a9e1aed0934a41cb32418ffdd3b2f39f544293a,138
0x6a9e1d08a1e8b3a4ffd1e6928ca1e349743d82a5,1
0x6a9e1e5412d8dfafbde4f748b0d90bf1391fa73c,23
0x6a9e200060a71b8d45feeaf9f1c0d1eba9b89dcb,1
0x6a9e23325bd2699da7117426109c639bd828ec35,28
0x6a9e249e8331d50d4137162e7d15c0a2076485b1,16
0x6a9e29237571121e1aae4be754d8798e172a9997,65
0x6a9e2f4ad2954855bb321f8cf3bbaa48e7d0a086,44
0x6a9e2fa5124164e5e9ed045fec717370f3eadb4a,1
0x6a9e32328d2217e4616ae228e27d71348ce85676,3
0x6a9e362413106c1d83f8d24c3b318f39b3495e03,14
0x6a9e399288104caf2114f1c77907e37510a7c3a7,52
0x6a9e3b35a49f4d2349277abf8d3fb45ba009f9c4,39
0x6a9e3e6ff947ddda9ebd7096f1a05ace4128cd54,89
0x6a9e3fbf2393c43f154d6dc2dd514b828bed7464,1
0x6a9e416a81694b297a2d0aa6747ebb3bcbf562e8,1
0x6a9e42ead203a062999cb86d1fda3bf353cbd1e4,1
0x6a9e43211a153a9596a2eb1afba7d3f2e9bbbe71,55
0x6a9e499e4a43e1cb15d15b5555a533a1080fb00f,53
0x6a9e5379505ecae77c97899a5f43176365cd6b40,11
0x6a9e55ae37bbb48ee8491936d604a4ad1a4745b8,25
0x6a9e59050fdde902e89a530c6f1341109875c7a4,12
0x6a9e5bb5ec282a13c3d77a6aa3adcc2e6c377f56,11
0x6a9e5dc60ba68f51d71af156d969ebf664122797,8
0x6a9e6194009a0cf30a4a695a6e1e2f7c17daad12,2
0x6a9e62cbef2edf072b7819d614521e69c99477f7,6
0x6a9e63ab7e37d7cc0079906e1608c0a4a66defa1,1
0x6a9e646ea6b3578700ef90a8d42afabdd32f1226,2
0x6a9e65681e9e60fc58f569434567615d83f0285f,5
0x6a9e69e622e6414fb9a7e3e44d008beb73efbf0d1fa95c18f78473a94ad3a1e8,2
0x6a9e6b1896c247c31a47ae8328b1b756e24cb4f0,2
0x6a9e6b3040d6b3380d5c127253a862953c31e2a27383f1d3974e18430504943,1
0x6a9e6dc07a2b6225415741b0ca7a075b6cdf01dd,13
0x6a9e7172036139854ab658a608d1420ccc146077,116
0x6a9e723707e3dee355748a3fe9d7ec773d5534a8646c13a90e4e0acb7f0dbdb6,1
0x6a9e771912c7b238c2a12034898f261c739294fa,4
0x6a9e7913c73372ca7034a19d507e19cac4440422,1
0x6a9e7a26eda4fa1e3180626094236c4fc1e12e00faf9c2ff59d5661b0748e496,1
0x6a9e7c2263082454d3fce61aea5f0bb4f9a47366,55
0x6a9e7c522df45e09b1007f77a377494f839f1368,1
0x6a9e80563cd4ab44b07824e8332d39930df11952,54
0x6a9e81c7b521544f6e481bc29db404eef89bf417,3
0x6a9e821da7436a8e3c70e3369ebc0b1d61d10955,23
0x6a9e846e8b81b040fd0e0ea8be47cdd60cf6dc2c,1
0x6a9e8520f5c27b846aca7e64fdf3630c39fc2e3d,3
0x6a9e86ab44994a408706b7c4e694d6da03f57811,73
0x6a9e8a293ccc1f179ca8df5831e07139ce3f40c6,44
0x6a9e8a514e21344b54d612ee7d70e67d425bfeb9,38
0x6a9e8ceeb414e6bb7e0049f6218195166fe42c47,2
0x6a9e8cf1ccd182ffa8e92ca8e5ae5187548d0b411d0e1c4bfd539e390de2afbc,1
0x6a9e935427ce01dc878e363312e10f03b160673c,30
0x6a9e9491a7c36cc263f42ba5bce4554a8598b5ed,45
0x6a9e9722cacf78c8790fd2828ded5ba37e571462,54
0x6a9e978ca95878b5da858572154732385eea28ea,34
0x6a9e991f02783a9a0607864f56e36e8220ada76c,4
0x6a9e9cba68df68f6549828d49d823ad4794be6d2,10
0x6a9ea508e762056ebf8a7a3b61abc7b4255d9443a24d716a6a923efdbd1a069c,1
0x6a9ea6661e7f4b22247a53493d28a990c80bc218ef67b1e49a03f475c53d5330,1
0x6a9ea78b6f44d7f423f78929315d1a47948f15cd,1
0x6a9eb17eaa43b2e15e43ee4fcdb40117d09278b1eef724f1fdaec1143aa0110,4
0x6a9eb4d69411b7db19888bfd08c7741f6d681fb2,21
0x6a9eb72d9e6bea98b52e8768972e47663c59bfb5,2
0x6a9ec2ff2fb0a8b0212d1b5261f620c71293864e9afe9612c5b9a96faf168049,1
0x6a9ec4f59e3a2596471414d2f7ed3bc37c70d6f0,2
0x6a9ec78745346ff92a7c619b548bf9189d4c9cfa,32
0x6a9ec8656fcf80fe6c5970bbd7780f0d0f59c5162a1a1a2c580e03bf2972c0f8,8
0x6a9ec917b9fb1ff7f6eb0eb02c073c3f7e7e4acc,16
0x6a9ecaf761ce1ecb67baa519ed8181557c3a7801,1
0x6a9ecf7da71ddfce7d956742cec0df68fa49e483,3
0x6a9ed13bb1ec42c8c690ce8382ebb301210ef7e7,13
0x6a9ed1c32da096486b1087162c6b27aea5439928,46
0x6a9edad27697f4ccf95a35cb6c25028971f06ca9,3
0x6a9edbee41c77c1f5d71d0ca624a90c0f3bac57617acc26f3e460e4389da3b6,2
0x6a9edbf4e7bba379f53d8a1e0e85bda041c4fc63,64
0x6a9edca998caed1cc6de42fb305ac8d24c62e6ce,11
0x6a9ee0327668cd0f57e412af7a25046b1e7d6bb4,1
0x6a9ee32a7edaf29c2b6246448fb40861a48d2130,29
0x6a9ee41d563d19010d18ade8d2df58f603a70e4d,55
0x6a9ee69b6781c18164ee9f7c58f1763bcffc7c51,1
0x6a9ee6f93a8b22b5944d9ea71d0e4b08c22198d4,10
0x6a9eed3a06920277d50f48e51b58608726b2b0ff,3
0x6a9eed97bf83ed53ff88666c0bdf3a0fd72e29bf,50
0x6a9ef0849737ea0a1a62abbacd9b12e698845650,1
0x6a9ef13c45d2e1e2243558fb2de114f577ec384b,4
0x6a9ef64f6d9a845d53d1119af622b4d1fadf5ade,147
0x6a9ef784d7c75553d48e6ab9dc429f7836e68e9f,6
0x6a9ef7f26468eb6edfb02c1e24c0436a5d16788b,34
0x6a9efc16bfcee3d8a37a0542e502c7a41801b056,1
0x6a9f018ca9556fd3f4baf3001b39a5d4e1ecbcfc00cb337a155e22e96e57620f,1
0x6a9f0295c7142ddda5e204545dc41414c54e468b,1
0x6a9f031f802fbeb57186006cf06980e941a576b9,11
0x6a9f04a390b85858a3ecd57e39de8bab760e0663,1
0x6a9f06b30bc261cc6e7bea9bd5b4adaa96d06d8f,36
0x6a9f0a6e668f06cd7df110fbe0f40350994cc7f30b6cb0009681b23d0ed82e62,3
0x6a9f0ba4d040df8946699954edb9a26b740dca81,7
0x6a9f0dbc1c4b711a9233b48d62f7de09a5a0b844,1
0x6a9f0f17952974a22e6186b47fbffb1f2c3e1e92,2
0x6a9f0f980654f2ea5052fe02b750c4595fe4b8ac,33
0x6a9f1029c40eb472a3bb9c69392b2ef9b7ad31007f034a6ff88203e4cac12656,2
0x6a9f1342e0b53d2089bcb7998900b4ed59e4b4ec,19
0x6a9f13ff90e1cb6bd6c179a431e13475677ead15,9
0x6a9f14b8a95c65b65d4dff7659274bf77d9f0a96,5
0x6a9f189a93f790d834994f68ea44ed76e25f08163b3f7536d8a2c7b925b87ceb,1
0x6a9f1b39add10d766e6e96aa7ff2c77280262ade,15
0x6a9f1cabb2a37e5d9aee26adccf22a209db4fc92,44
0x6a9f1df47d2bb381cf2094c291a98f1a933b749a,24
0x6a9f1e0090ed94c141a814459bac558894e9bbe8,1
0x6a9f1e3c2b14726a0ec22cf3f3beb78c4243caa3,1
0x6a9f214ad8ef5380d51a9a2ec204de9d3a8cfd7b,1
0x6a9f24eda4c68433a5efc2ee576e91348a0e4e41,46
0x6a9f2816050e3569fa96582430a8649273fc1d1e84128e23b944af8a8e73227d,2
0x6a9f288e376297037d6dcd9ffde6527400c57835,36
0x6a9f2bd24523837ec3ec13f8cc631e8593c000ab,4
0x6a9f3021f224e3d732def081611b9dc7782aa40d,140
0x6a9f30cd19cdd47dd5a700abb4d9e7d726efa2fa,7
0x6a9f31ce12ed689132c7a8f92c5e583ddcdcfaf5e55f3718d4551e2ccd61bd9f,1
0x6a9f323fed84d4ef4ef9cbc864dfa326bd746cc06e8117fb947f0a57066104a7,2
0x6a9f330f3a4251f4f0388eb550bc76e9da65e4c1,5
0x6a9f361f76ae952b5aca9ccd4b3fda9c6a7a1d08,1
0x6a9f368b2f0b1cabdeee9488964d358c1487654e,57
0x6a9f3735b5c14698f8e749205ab83f37ba5581f2,38
0x6a9f3fab3fd4edd129098461405c20d1e95eae9e3ff35b391c68d17f142db53e,2
0x6a9f468d85ab44a240b74f1fbfdf7a4faa3948b0,16
0x6a9f4714210708352786281aeecf53aca18f5acbe53f4328bf9485baf33a30fb,2
0x6a9f4a5d028714886d065b1376c6d374ba81612c6d24d9cd9d9930316ac3f9e5,1
0x6a9f502ac66157aa5351f2bd82a9675804ffcb2e,28
0x6a9f5487fd7095058f382dc63a5ad8dd27fa9b6ddfb5b2f365adaba4971f6b6e,4
0x6a9f57744b09152695d330b29faa03b7aca2351a,3
0x6a9f5def92afc343fbe2345c6444c2c3afdd5bc7,50
0x6a9f63e395f858b262e2083ef581c37958709c10,55
0x6a9f643113e5a26302a129936fa99bbffef3e7648191daed5fd799fb76364d40,1
0x6a9f679d6d317179492bd434db172cdfdd59760c,1
0x6a9f6c4c5cff33d09afca65de4f96f684ea1f06f,4
0x6a9f6e3295c81ecc2228f770e8ca8fa7e9e35ed7,27
0x6a9f71e6e4ba5502a5b006462a03d332f4e7d6c7,1
0x6a9f721fa6feb3c6edcfbc6bd6a045cc5bcc55fe,19
0x6a9f75247ba459fc32cccdf9dbbcf108f9f4a42b,11
0x6a9f76f8ddd009bfc6f7f9c2e5547bac194e5e17,51
0x6a9f7c2bb655f0c146f4deddd12bd4e745d92593,1
0x6a9f7dae63e291234b399c8e016fb16831d9aa3d,45
0x6a9f81790f2b11b7f60b9285357506dee7e89b84,35
0x6a9f83854341779517b470ae92b11fce39dcb779eb02cf6b9b742a2563d39c7c,3
0x6a9f8468293223f12e4153b39f5443fb3d086f82,5
0x6a9f8517186d744e1ef47cce7f8165ce63e0c16c9ea1361bd071f2df824a4539,1
0x6a9f8532854be34d4b5b2612bda1c64989ad60c9,4
0x6a9f8638d00bef9d9329f940677164c1b81ad345,84
0x6a9f8728aaf6762f4ca111b7b68104174c83ad27,2
0x6a9f885c741e45f7170d2a55585f46febcdcaf95,72
0x6a9f892343cafa3c1e9962319a5f0f740535fe11,1
0x6a9f8ddd3c916dd5a94f7de363f4229a5c9a6a24,1
0x6a9f907c7c64c28a809772caa07c909d208d78a7,23
0x6a9f951eb3ab120a25ecf921d6a6c4f57c80ae9f,9
0x6a9f9ab53f51a6cc75520979df7c7bde9b9149bf,1
0x6a9f9bf5980b7b4cdb0a4ff117fbf17188d96642,126
0x6a9f9ed6a2619b9a00acc31db910495f63161a30,63
0x6a9f9f4798a1296b13d9b0387bb3b65f0fbcfd250967518dff7e5885a69be174,1
0x6a9fa14c428318313c59106235c142e995917f33,3
0x6a9fa33b2b5f8efecb2d087174ef3ae343f72492,1
0x6a9fa532d54279de7e71c53516b02c8e40864fe01dd5e169916d1d55805c9d3f,5
0x6a9fa67858db3c3311f955924cdcc239817736f4,39
0x6a9fadf7f260723e0c5e7f2dfb5694f32efdb62b9c02542129ced32112974b9d,1
0x6a9fae10010ae3071914e655534f7a6c362f701c,20
0x6a9fb158e9f4c8865dace6b4697c94ebccc9aa9e,28
0x6a9fb944a6815d5ff28a4da925073b74bf2cfc7c,33
0x6a9fbb984ca743d51dab401d0fb6620f435e3eee,11
0x6a9fbceadc8bb025a727db3804badb50e6810271,57
0x6a9fc31d7660bccf7209f7ee7f8459d359731f69,2
0x6a9fc33426a7bf7acc1fc39827be75359ce80293,55
0x6a9fc7c9617df5153a84ae75cb0a400cff049792,29
0x6a9fcbb0fd4e4e9158577ac42390b5b4417b8d16,1
0x6a9fd196bfcfec080e81a6f2b923bf136dca0784,1
0x6a9fd3fbce86d1ba217288c1c9303649091b7729,4
0x6a9fd5aacfb427ed2fe3211ab4c09b00a3691659db90fc10480f109611941dee,2
0x6a9fde900477d5ad648b94848b76a9b545a92dbd,1
0x6a9fe0cd32202babec179b0ac0a629dedd19a811,12
0x6a9fe0e1df085b2b1252de08b99c26b7344d3094,8
0x6a9fe571b9ae3e7d37dd6452d78136a3be02f5d4,1
0x6a9fef551a8321e5de6116cd5edd7e07c615012181894020c1af429968483fde,4
0x6a9ff2b0540db757c6827fe2e75a30ee961f0ffa,1
0x6a9ff8592f74ed82b587fbb7269fb5c53fad53b8,56
0x6a9ff93258e59f78cde00a1bfc61dfe55e1373a7,1
0x6a9ffef5710d2b90ca2e6982e20c2927caafddae,1
0x6aa0011d76530d685f20a01330e54de6789fd19f,7
0x6aa003c447f915329db7b010b0fdb9e8626dfd5e,3
0x6aa00893557deeb4659d74afe06db5d6dc62e957,45
0x6aa00e7061bd2880b3c377eb19145e10e00bf3fa,97
0x6aa0103aacd880dc254e0e539e64884c1157df0c,49
0x6aa01073d97a8192f8938b381c106f92931dc85e,84
0x6aa011b0f879d96514353dde6cc64397d374f122,1
0x6aa0134227dea9ad0cdf5de86dff95ff7b22d701,5
0x6aa0134c8747b8acc0ef185796e99d09d66f7726,40
0x6aa013cd2d945869c57539303408a9eea1389ff8,41
0x6aa01aca42970c6ac24882ec4e7e5b0a82da033b,2
0x6aa01c57fd9cfc213be3fa9cb86fb66779e26e8da561f5a60f178002cfa335c2,1
0x6aa01d68f27aa3b71c58808037169e95b4000a42,54
0x6aa020d18203f6d920a2cb8d0aef99d10984f696,2
0x6aa02da505ed899cec1bcfac3d38b4ab351f6088,100
0x6aa02f020879b575a5497c1a0595f1a07aa906a6a19981651a19882338bab243,3
0x6aa0306931b4d1265aa139d445fb38852106187ec6dfc4dfeda7a4a4e05b3e9d,3
0x6aa03310645590da6182760a7ce5e0cfb9749ede,1
0x6aa03420e45e2b503e7c0fdf7b4b13d6f59490e1,18
0x6aa0363faf753a8292a73210bde8cc9b409c5dfbf66ad562137c2b082c1e2ed5,2
0x6aa03817deef469a1a213a718916194d7e2c1278,24
0x6aa039f404492d245c257cef404922d903fffb927d50db61d8f59ac06a7ee82b,1
0x6aa03a63f48e42635763b72a3ae2e73a2f96af74,1
0x6aa0418551565d039e4cc6041d1e2a3ec6b68e18,1
0x6aa041e28977b2c5ff3a1fd45710043acf6706ce,1
0x6aa042f4ddeb19289c7ab6a0bee49a24c2404942,3
0x6aa043f89e9f872dda41b87d27a0ebe69cd5f3a8,30
0x6aa045bbd93f997f4dc7dff03beb108d5a91a3ef,15
0x6aa0471134fd57cc8b69c07e9805cffafb279154,38
0x6aa049d446a104b37d4dd5bde8f00bcb92a040b4,1
0x6aa049fb671f87e44cd1a6394f50aeb77625928146bcf1c990175901cda02873,1
0x6aa04d94ecdbd8982a00f5e2478afa708e5d964e,10
0x6aa04e4c132ca1901a308d2ea9a3f5c6a684d866,2
0x6aa04f55c267ea5187dc9856ba3f0c7cfe84af48,3
0x6aa0541f04d2de3d6d94ced8b10c980e087303f9,37
0x6aa054498f34046e1aeca5c04acb2d7a61322c1e,1
0x6aa056c9f72251d15ee9ef3e97cccc35cf6a2a30fe30a792ac66e3dae3e070de,1
0x6aa059f81d05fcc72dc9e363b691cd9f16d06722,2
0x6aa05f4ce6aaa6ab1033e2e47fed3d8392b69ec1,1
0x6aa06012319ddde07d7cc6810e66bac5c42f1a9e,1
0x6aa0601a1393cbe44f375bb16d9ebdf37c0d3f6e,6
0x6aa060fda69201a5de56b52e18fb354dae004a7c,107
0x6aa068fce7a05bfed5a453b36fce6a31d1d75d03,46
0x6aa069757fbefd6bb7e411019b0a683ada0451a8,8
0x6aa06ac82b21be4f4bd92fa62dd61af157fd93b5,1
0x6aa06ccd2defdb76c100cb98b55036953cf93b95,1
0x6aa06cd7879022d8c365bcda2a4ed0668e36c022,5
0x6aa06e19769b92f4407814b75c318d3c8a0dbe71,16
0x6aa073a054f6e1c524bdc0ea27d83d19b93d6fde5e01804a213d57cd4cb724ed,1
0x6aa0748c67d0f1580fef99d71f22bbb8995010b5,39
0x6aa0768d720e85136ae84419a2b497842b0bae90,52
0x6aa07999d3a947aa0672860e9840103cd9ad840f,1
0x6aa079dd8c81cb8f58244ad76c1c07b7ba25b51d,1
0x6aa07ba1662fdff7ee18c3244460c90d398eb77ef927ee6c2909de059a841e6d,6
0x6aa07d3a386bcce9fcf3d2291ba36c47ab5d966b,1
0x6aa07e5f75aaa851b455a246c516e472c58beed9,36
0x6aa07ef47821acbe4da932244719902311a5a18f,13
0x6aa07efd70706bfaa80cf7f42cb8caaac29a19eb,4
0x6aa07f317a362e3e0fe88a03e67ff6b59f88d93f,94
0x6aa083e312611f92c99bda08e22f235ea2a6e00c,31
0x6aa084ade97e1165e13dec97f085af4d5afdd0cb,1
0x6aa08a1f63b3040cbc47815be431f4e12aa8eb1c,11
0x6aa08e6f644057fece09bfec521891c3dc6f7bdc,23
0x6aa093062ea6dae55695412a7d4c4677186d487d,11
0x6aa0948892fd40c55ac740837f277359ebfb5e9ab8ed44c72f41604a10d27436,5
0x6aa09566a0ba5e247c8c8fc8632b0e3de9e4d8d48a4f48b6d7b02f51dbb23c52,1
0x6aa09ecf00629c756bf8c67c822dde2c71f999b1,62
0x6aa0a79af15da3203dcfa9d8566495e0cb5e1f44,16
0x6aa0a912e00fe1da1150b2e55f922ea1b028d559,1
0x6aa0abe6f6e3519ca319a4bd74dfaa0acad85a43,16
0x6aa0ad7f5fe2b79b351b9883b70a3c6b9c5ccd73,1
0x6aa0b02b34f4379e22650a78b76a2a5810ad334f,1
0x6aa0b2f11a150af352592c2e843e28c3f98bca4fbbe4113313a38abe38d4da62,2
0x6aa0b5ae970024793148ffb7d651069d324894a1d321daee7ad74f9d98d610aa,1
0x6aa0b666c170d4c2b719532580560ed9b2a3a1fc,1
0x6aa0b74f81e5136a16ee1557d3dd4a2a909179d4,11
0x6aa0b98fa426e8a4d91e823efba4c3fbed0fea1cc2ea807ef318b2a709a33a2,2
0x6aa0bd9de7055ae6bd8b0149205e62539870466d,77
0x6aa0c1518c130635ea7b4fe2455fb90797238515,46
0x6aa0c2cec0bc51d8a7b88db6154ec9c471755977,8
0x6aa0c8d3369cafcadb04c8ec9bd8c35d07544623,25
0x6aa0ca1cbd2bc028152e87da0364df2fd086fa61,8
0x6aa0cf42cdc418af6f15f9155a3d1f25b575fc49,1
0x6aa0d1c5f4e628dc03631e63d295d0d73a2810fe1f1e5eaf73cb64a332e6a763,1
0x6aa0d574f3d78a7ac42ca13a26082149dc44c7323e1996749717f67ad44509d0,2
0x6aa0d84462fbc92cd732dd049c7bd31e43ff8745,120
0x6aa0d857c5c2f9829e6ba947c799f9d0c86b6b64eb7f61c893eb21152a03a76d,10
0x6aa0d861d669a57522f841ca917339cf71182eca,4
0x6aa0dded4f96e54044f9104df72e85f4eaa803ae,143
0x6aa0deabee2bd84aa7f0719368cfcaf16a22b00b,10
0x6aa0e340f1504182671e020c4bbb3d98a805034f27c31f59391d62c1e3ed15b3,1
0x6aa0e553349b85053979dd982ad538206b11b242,1
0x6aa0e57d5c7b2c7cd36d839e03a8f1102938a2ea,14
0x6aa0e89365c37566853301ce0dc9fe374d326737,22
0x6aa0e96d1cccf9c7bd9c7f102ec843667df19b6d,22
0x6aa0ef597dabfe00ae52ffc7d3f89f61be35cb80915fed7449bed440991fd931,1
0x6aa0f2825b765aa5f96bd2f2a9bb323526a585a4,1
0x6aa0f4c8b627ea77732fc001c37bb0ac4aafe1cb,1
0x6aa0fa072923629ecda3540f690bab701669145d,2
0x6aa10119c32af8625ddeba37f3e25e6f4a2c3bfe,1
0x6aa103392aae7cf43e0ba368d40cfefdc7dee10b,95
0x6aa10673cc4266a693f6dc7b42000867f28c8bf4,68
0x6aa1084afd1c875f47c02c5c6957d333fb76414a,2
0x6aa10a0b09f448bc982af188dc7c9834a6e80420,65
0x6aa10b6bd73076eca0d78422e4f00441822016c78a55d9fff5264f452452382e,1
0x6aa11c0e3c5919f065c3230ec885651053b67799,30
0x6aa123c0c89e95daf053d585c267ed9b03f07587,11
0x6aa126e439ef8df974aaa3f9f72c80874412789e,3
0x6aa129b62d29b4d330909e0ea1d7bc789e41b5d2,35
0x6aa12ca4b45c23453be3bea84a82dbea881660c8,25
0x6aa12e2eed234b7ba5b891a95e39d8a048c1a00774259146d1ff2572417be6ba,1
0x6aa12f60ca3f9c6de0363462bcd956113e448268,55
0x6aa132bf20b73846d243014a6e337729ced30617,8
0x6aa135a1994b91bf67a4563ee10906e83c15ac56b80735886ce556c7f1b7e28e,1
0x6aa1382ddecfad1785fc3b2e9efd63e1eaf2e820b6132a5adf95dd14ec3bc9ef,1
0x6aa138a000e9c1a5b13678ce3328152edad33249,1
0x6aa13a1b00314aa69d7045411b94af511f4e7962,3
0x6aa13addb4d628ec5531f0cbe9de605ff76a43aa,23
0x6aa13e60b3ccc4b343c6b324653b4747a86e9866,1
0x6aa142e8d6abb24850006b3719d7d1a361d3bbdd,27
0x6aa143d117affa79f59673e48cd8064d59bdff4c,2
0x6aa1474b707072f8617869285c7eab8e9a317588,2
0x6aa148453e425307c3b93d5824df2cc3f5a3748f,24
0x6aa14ce7ea29f70b0ae3807a38c469825512a34e,1
0x6aa14d0fb646106b1cef0a3e97b61d807932f493,1
0x6aa15047133346f24075bb25ce34749cbc9dfdc726f4810567f28684f6b210bc,9
0x6aa1536530e2be68486dbad39a5dd717d3d3d799,57
0x6aa153f81ba75342cc4596fdf8aa17c6c6d81f8da047c34417d3cee27e905da5,2
0x6aa15480a6bf04ef38ad39209b9fe5c424c15253,16
0x6aa1567b8bbe146d1a28c302fbf818d5a679994a,4
0x6aa158c2eaca0e466c25359f5f731f39f6c99d3e,10
0x6aa15a722a975f8abd47344d1afd3ced1abbedee,29
0x6aa15f00875fac0be456443d11d57d7346e9863b,38
0x6aa1600e80163199d9d835e5f61e88a085a5ecb2,32
0x6aa1636f2596de0dda5a67266b69906725b133aa5259d4cda7df93e9f65a708e,8
0x6aa16511668f392361ae6e49fd17db2ba2ead3cf,2
0x6aa165a2e4804dee2b5eb5236b5e264ae4a69a53,23
0x6aa1676c8ad69b661e67f765e0877f6d4067a6bb,83
0x6aa1681ed0e7797e56c6ef5c2b5845fe4aa47b5c,6
0x6aa16a3d0d8e95df18deaecf358c4dfef1fe0b43,42
0x6aa16de45208e8a539ab1d671e9b22c6e3e9cb08,1
0x6aa16ecb08027dc564fb0c8f5d7c505dddb89b4fb46e26e2c83752ed1c42e171,1
0x6aa17340bbe4fe59b07be653fdd3034381b246d4ee9577f8f97ba1688a35541b,1
0x6aa1757a63fa3be597cc43f27a4773a06f81565735adaf7a229d306171f4955e,1
0x6aa178a94b31dc70abdb7ae0723493a0903b54a3e4d6bc54803fde67c83c4811,1
0x6aa17b38bcb6b6508c58f20c6ec9d51a84d404b4,34
0x6aa17f4b773230f39a4ea5bc64a9d9934cc97450,32
0x6aa1808dd6bc677c9347d33c5ad9f3c398a7be29,4
0x6aa183fba930346af10c7437d61e69298aee8b68,13
0x6aa184ff1694dfa9b618f3eab13bc7f68607062c,45
0x6aa1852f23f0db9d0f77122a649527c6b3b59d36cabe7219581276e29e17b0f0,2
0x6aa1895f088dc4ecec64f5b8e198e3a47b475ef0,57
0x6aa18aaec1670457cf236f8c39d8ff4ec3a135eb,19
0x6aa18c2e9c2e25b008298acf20692dd8879e071708db51d58eaff75a161f49fd,1
0x6aa19035d2a472ef05318e6065772880d1bedb1c416919e5cdffa6e20455b409,1
0x6aa190e0e176e56013009e71225c5730316a0eee,2
0x6aa190ed2ebc435b088d270db3861c82d3edac4d,2
0x6aa19c3b7caf39bc13ebb161d4ac562d53518eab,1
0x6aa1a395614f16aea304b63403bbc20386c12646,7
0x6aa1a3971c77854a3d41c6518f18eb29edbcdfe0,12
0x6aa1a56e1eacd1714f14a53400960da0104e157c,80
0x6aa1b754dfd18b27218696de85bc72b6bf7940bc,2
0x6aa1bcef2b4047ca6b4fb16fd2798ede79e95672,32
0x6aa1bd48d64cdc64c2d93c8a1807a7ba89327f3d,37
0x6aa1c1d52f7774b7865b0226203b3ef4b8e9a02e,83
0x6aa1c41f0ce8ca77c4d87b556ee867a05eeaa2cfa8ea30cd8b20373c44983652,1
0x6aa1c9debd238ec28eebfc3c42cd7abb113a088a414b28c7d01c8b6e214cff7c,4
0x6aa1d022f73cf4e91f063ca1a74b55a9e66401ba4a61689b5f0436860dbc346e,8
0x6aa1d033467531e93545f8b1e9a33b29b3919105,64
0x6aa1d1d955d3e6fe6e443de33460c98a678b58c8,1
0x6aa1d26d9120954fb6234ce77920a2bab7b94d57,22
0x6aa1d49457f168186ea7e3973b8ce3a44420a293,15
0x6aa1d5ec11a8fff76078e432e05580203bee48d6,1
0x6aa1d8b4879d40404ee549fe128f171cd2fa40eb,108
0x6aa1dca0ad137dabf27177765ea649e1198cdb68,35
0x6aa1dd13971c5a1b1f0e76acba952716da5a2806,10
0x6aa1dd336c22c1df15b6a593156ade2532b37cac,2
0x6aa1e4393c53396b14476b098894138b6fc9c55f,1
0x6aa1e8d58f19274e6fcfccd46b7f47f55c9482f2,28
0x6aa1e8ee6bb70d11de73f8f6b3a83ad7acb66539aa84d6b4ad9cc9dbed578947,1
0x6aa1e9ff056e51ca03b6d5e2920c448f14558dbf,26
0x6aa1ea238381507c2bf1042649da7e9b8c7ed00a,2
0x6aa1f2984c9441372604d02773ef857f9e772c3f1f04c6fac8894e4e8face1d2,1
0x6aa1fa36c64f5bdac8b3d565fc481b0074ada8ba,5
0x6aa1fe4b4f69d2b87646a165b6a89dc489010021,11
0x6aa205f84d220c515dfe781068dad24aa41bbaaf621521272eed594a64f2bf71,2
0x6aa206b9fd41f98c99873ed045bbb2380cd377e6,2
0x6aa208c81050c63b10d1511ac236d8c6a38105a3,3
0x6aa21112dfdedc2500827bd0928a692148fac366b016d9558f437720024698ef,1
0x6aa2114185d850bbeecb47dbc6c6a47873b4a52a,1
0x6aa212ecd140241f4f66a001d03bedbf28e82cbd,5
0x6aa2198265c005666b6e9b88e350ac831c77933323fcdc04e2319b57d0dd725c,1
0x6aa2199efc4eb659d72080dd98d4d3c894fdf225e31fe7b51b0480a8e454448e,2
0x6aa21b5e788d67e678607b1922297ff29e7e2e27,1
0x6aa21ec501fd531890d136c6d41e0de57df0504113db244a76d7aacde092b94d,1
0x6aa21ef06474f29a7f88196814ca4848c01090b1,68
0x6aa22000109f87b44871bcde7402bde64e6c5a1e,10
0x6aa22564b6c91ee9e978f0f3d5bef6b425803391,28
0x6aa22ccb0bebbd307198e27c8624e647dfac5268,1
0x6aa22cf6c69cb91a1c7838b10498bb07985ccc79,1
0x6aa22e46146f480fd178ede81c47b407a3baa75f8a492d37b076f91835e242a0,1
0x6aa2307b991c54989bef964800f246e676e3f50c3f47a09d765a6996b679707b,1
0x6aa23285bed8676759cc0bd6314945a269d2382cc0136344b1e72b74f6b7523b,1
0x6aa233b2cb8b2995e42a580a3dc75b3a0421b77f,9
0x6aa23653570390c3f9a2f6afc1f654404b0a05b3,8
0x6aa2369b3b3346ab4912584a8b841fae9ab4f3cd,47
0x6aa2377278cf75e7d54aa3e80fc24d54eb7b8e31ddcedebd386ce285616a6e3a,2
0x6aa23999c016934f2a0639c64a17ea511e7fb125,93
0x6aa23a02f9ddf8b56cab66e869bbfe3a49e6a449,10
0x6aa23eb18c261b27460a159e18566b68894440f7,28
0x6aa24a0ec480a429cd1bbc288cbc9f140d2336b1,100
0x6aa24b59f25a7d12fefa7a5885a7a2ea19047bed,56
0x6aa24bfffd4fac88c74594d30f31b2349d7f3a55,8
0x6aa24c53e77ff2ff559621295d66ab127da92a87d49ee43d62a44f3a502228c2,4
0x6aa2540be7e3b59e4bb01402b000a1419f8f33b8,3
0x6aa255566a9fbb4443d9b40f6b05360069a9ce04,42
0x6aa257208ca2ebd78275cb74a7cbb1205d1c1dc8,62
0x6aa25782efb7133553541e552ed9b01f6be6d509,45
0x6aa25cda39e99c9e1921a3f168b40cda17065f0f,1
0x6aa26295b666d55e364c60cbb9148b07ff5ea497,24
0x6aa26c10f1f7d52bea23dcd91406811d28e4aef797743f62de478df3060e563d,1
0x6aa26d3d69597cecd91de9690f0f96832c0a7e1c,2
0x6aa26d98d64fe312f5eacdf019fab0ba2f753ec9,8
0x6aa26e0787d316ca84d651f24c45bc6ba5de0e41,168
0x6aa26ead5185dd1de6821334318650af8e07cd18,1
0x6aa26f5c3677429206d926bc7d7053ce64b2f7de,22
0x6aa26fbf0ba81204550a3a399eb585979d9ac13c,2
0x6aa2700e516d704ffc5912e79548760f2d8ef984,3
0x6aa27b5704d8a953dc19fab04ccdde37f685027e,1
0x6aa27b6fafbd4300f4062dba15b541673a6567a4308a847e2aa172689b03f035,2
0x6aa282e3ce4af8d6f1603d157faddc5dd392aecf,3
0x6aa289065cc7af5ff08e9a2f5bc18cc4aeb3c0bd,12
0x6aa28c53fe04394883bf18f45919715584b651148c6ad2d002a9131f5f0be710,1
0x6aa2911954911f18812c02f13be98d64d3d8d713,10
0x6aa2945ad86141a81847ca95a16894f64ebc8baf,59
0x6aa2a167eecd303b342a3214a7af1d15a088b0bd,1
0x6aa2a51ce4c861d4ebc37f1775ddc21c75d215db,16
0x6aa2a86176a5d85a508d19eee05389bc181b950e,48
0x6aa2a8a9d72074d7dd0fda2a17400f19f171499e,15
0x6aa2a91961c3a203df334e297632a37d10f2245d,1
0x6aa2a937571e72d17f0e75f7661f16c331080598,58
0x6aa2a9966100fd07e6be18d980f5acb4a62dd699,10
0x6aa2ab44420bbc5534f70778e1dfb48fa7d82465,90
0x6aa2abc7a923ecd70a4a96e7d1d41ca996a059bb,65
0x6aa2b2953c0f3f95f456dfc17371dffda3e96c82,38
0x6aa2ba20a3b5cf4daab7d3ba7f7582bcdc5c1bb8,7
0x6aa2c2ea2c347f7257012ae69872a591233d421c,24
0x6aa2c39d04faa4b18ab86e7b3cc1fecf09037f2c,4
0x6aa2c41e6baf0d53ac8341bfac4a991dc697ec90,1
0x6aa2c497705583ed55cc1282fae38f32c5c32876,34
0x6aa2c8ad0c744b5460e7c40ba59ae4555bc570de,50
0x6aa2ce1092bd9b0a0560a20399a16c49dc2fe014,11
0x6aa2ce15b02b3e613645d9327b6ea8871a86b71e,1
0x6aa2d135a9b60807abc3abe11468a29bb8b18dc6,2
0x6aa2d458238870156ac82fb35a7dee634b8242a8,1
0x6aa2d744988c80350ceda192fd067664b8d560a9,101
0x6aa2db076608314101e0a4814864d93cd07e3de5,34
0x6aa2db265fd279ff0b4bbc0d0673a9630f2827e6,1
0x6aa2db8e8dd9e6d5a6eb2d8c44c9f343f1fc8af3,3
0x6aa2dc4061dae42ca26e13d0cfb29f48d11292b8,1
0x6aa2dd659b4587a43220e0812f9a23a25087ecad,1
0x6aa2dda6f7817707e4f58b04d6447c2ee87fc225,32
0x6aa2de327fb8a0de730990dc62aac7c03f324045,1
0x6aa2dfcf6f2568dab5237a221d7b1a3ef32f4c85,4
0x6aa2e02d63b20f2eac879fdc44ec49ebafab6fd3,7
0x6aa2e297acc77b16358c79328627be9b426a7f8e,45
0x6aa2e61cf484699e1d056038384017c069be1aef,159
0x6aa2ead461ff6f2eaaceebbf597d3e5901471cf3,7
0x6aa2ecc0b6b5fb656cf4061d910c65c41ad5deb1,51
0x6aa2f66ed63c8177759aa459161273d2e5629dc4,32
0x6aa2f951a51674f8238c1497a6a26904a4da77af,1
0x6aa2fbdbd4f09931ae6deac505938458e25a0803,2
0x6aa2fd00a169e2629543f2d412d09d5c25647153,1
0x6aa3031a75b586d4d4ef50698d00fc15de268fef,1
0x6aa307d718f3b757e14477f930806727693df8e0,41
0x6aa31120dcaca8fe2f1c2558bf15c18b06f56207,13
0x6aa3129ba3b28a02ae1e01d2524b3f25b8278094,78
0x6aa31799e90ce8358be3b2e26a65a07f780ae2cf,18
0x6aa31b3b01795c5d18c1ed009711416c242816fd,6
0x6aa31cb0f3ba20540b623e4f139cde89ec582db0,27
0x6aa31f93b03ffff0d0f2ebfa877dc8f884ad7d78,1
0x6aa31fdbed5eddc84b4846243c8314050038ce9c,33
0x6aa321a85685cd0bde46ae86f14a216899032f34,1
0x6aa323f8d66c94d931d6f4eb7ed37014daa50fd0,35
0x6aa3243ecef1105fabdadd401e19751c542e9aa6,10
0x6aa32de881533dea2e8363f1d421c26f696db997,1
0x6aa3318b095d7b7224a852cbd865cc68ccca7838,178
0x6aa3331fd89fc9b4343b45bfc163f258f2e626d8,21
0x6aa3342f2469d6a47803063cdacd50d8521b72ff,27
0x6aa335ac70111b481bb9b90f45916e1e6727041b,36
0x6aa335f33e020eb5d0e2a9edb7a7a80b3b948b17,1
0x6aa33a19e15db1863198d60f5033f9883e7f124bdbb85688593b6f7f91b05ea6,1
0x6aa33d1f92f2b64db7be6d8190390091dc69c8ff,1
0x6aa3428455a9442ac33717a7c4a4bd5630cb3e66,1
0x6aa343f4d65d2b2471040016abcfce4716c2875c,1
0x6aa344000ad9f30e4882715539f40bc980419bd3,11
0x6aa348d279b206f4c00129d90ee2be8afed88c4e,10
0x6aa348e01a76abb0a3c22bbf1b0c80e359b12e8d,1
0x6aa34c26a7d325197dd9a0dbe7d5dc86c4e0c73d,2
0x6aa3506ce88234955f0c95ec17bac0356228bfc2,3
0x6aa3510f1b468e14a791eee7559998f42586fe5f,1
0x6aa35405df5f0c4a5f4e2620f81d77e43b6967627b4d4bb6dee3ccf9016bb76f,4
0x6aa3566292ae459550baf18397a341fc5a63136f,71
0x6aa35a7bf89168ddf04d4131949a78ad9ad075f7,1
0x6aa35b20b22574d7a792ff0396b853575a25d4cb,2
0x6aa35e7c5e19d2e32785034b678a8459f5fb9949,2
0x6aa360463a2e2969d3703aa4c5a3f58860d7891d,21
0x6aa360bac1baf53c4b7d6cf857bbc74b74a36ca2,10
0x6aa36774bb72f92b111130d10fb472b11f73cd81,1
0x6aa3749369ff91922817157f320dc2a895392a99,11
0x6aa376c75cf7b94f48c413bea88fb7d64f6e8a21,49
0x6aa385c7a6e116f3bd2ab34967ba6b405010e71a,43
0x6aa385d90fefd253847d67e6f4a318cff4ecbecdee3eaed5a6e6ecc3c424c9f0,1
0x6aa3894d96c1e023ad7aef1fc42e6cb69fc48e30,30
0x6aa389ed6fa2b0fea9184d2b183e294967d718e2,2
0x6aa390a841bbdcc8da4b06d726ec3a0e42a0951a,8
0x6aa391449ceb57d5ac57c131080e9c6a0496c99b,2
0x6aa3942f96c94c7dbef38af6e67e82ad6918ce05,1
0x6aa39521d98aa989fae3c07ad922fd96e7e36ce8,14
0x6aa39624f93ea461b7f84918c3e9dbf8834801e7,2
0x6aa39672806d8ecce6646051ab16c4ea98166ecd,6
0x6aa398dbea30980c3976bf07aaa1e5e7373b18ff10e4d5e51ec28e2950d38771,4
0x6aa3a3d7ea63ec0fd8540d8001c68be5b9334db0,58
0x6aa3a59a413dd54838da89ee702ec4678c7274f2,4
0x6aa3a863de304130995f81cfac2f8055aa9f0286,1
0x6aa3b0173e1d68d09d81cdab5ee1a317d3e6bd6a,15
0x6aa3b13d5c3fa431c6ed8787fcc618bb296f4a7e,67
0x6aa3b1a5563a7011cf5e08e17e0dcfa901baa7c6,8
0x6aa3b1ba8133a4aa9d8cd43d919554e6b1343a04,7
0x6aa3b4cbcdca64e2b891c57785e52bc97edea1fa,8
0x6aa3bc2602e2de7f6c22f372321bcc634f0a9df8,10
0x6aa3c066f1a1dbcdf6b49bb281698e2a87ea6bc6,4
0x6aa3c06e49108c8da1e28dfaa75de2de0e53f41a,18
0x6aa3cb2ac80e1bec87bd7b38d2a73ea24a00f1e5,11
0x6aa3cce6efba3a11cbaf1425332b1b678a37d779,1
0x6aa3dce787e6eef2649b9df0fbad8323f225bac1,1
0x6aa3e0e6e89549554dd0c83e2166da567dda6258,10
0x6aa3e11969766638888a34fc2a4d0d6a619361b2,37
0x6aa3e1216ab204e52c17a11072a59653fc9c9936,2
0x6aa3e3cc7c840f16eaa534be11ae04f66f08d5db,5
0x6aa3e9d485c2593a1cf6bc620d00ea540272b240,43
0x6aa3ea4958d6c58db0d5071a32bb5c9050c73308,7
0x6aa3f105c9c4fd2dee5fa4b2bddb06d47231f1f3,14
0x6aa3f3b89a09d8a47a41feafbcf838a33b8cab28,206
0x6aa3f6b1b70954ef666668c2b50c209946abb2b4,12
0x6aa3f76d1160927d3eb0d2bb5c3ff75ef254870f,3
0x6aa3f8e0cd4a00673284bd77bdfbfcb87702edfa,2
0x6aa3fb5c72f74cba5ca3da20c4df106292360a77,180
0x6aa408dfa5a7f3fae09d0915da5fa7d347778b32,1
0x6aa40a86fec4a09e070a54f157c33f6fc26cfe9a,6
0x6aa40b3a9781425e75e8caf934423dd6c5fd15a6,6
0x6aa40d6b4c92948e4c2be21fc2b2b9bfbb9ade29,17
0x6aa4165d1aa1c0204b893d1b063954c6e10d3486,37
0x6aa416c560de2b1816d1a6222004dcf2f050b7eb,7
0x6aa4192a82181b6cf1781ff5c56a71ba1e4da3ab,2
0x6aa41a976f6a6ed71e39958a7829936cb07575437c71b12bd3d80e8a079f2c9b,1
0x6aa41adff9a706b5625bb0f6fc97c2ae64df5e7d,30
0x6aa41b9669eb64e46a7e09fc4a0b71c08ee61061,1
0x6aa422b5cb0ede4b33663df1e38fbbca8035be6e,12
0x6aa422ccdadac9ebd87a0c4801e22ae4d4efa343,2
0x6aa4270afb4394b11d48c5b44da7d1d4804ca42e,1
0x6aa428573e5b709b2398ce51c609d9cb05de3475,7
0x6aa428af56d2fc9d149581abd15ccd7e793f8e8c,3
0x6aa4299c70e65bab734ac39ec3178144fc0571c4,1
0x6aa429e03bb66e565f1985847e1bc94ab8558ea6,43
0x6aa42c19e620ecbb8178d3cd6595f98a047ea937,25
0x6aa42dd19ebc8f0a924d128e63846de72bf775ce,2
0x6aa4324c5f4fc62d2b3040b9f1e9d2e41c5eb699,12
0x6aa43454f328ae78d5b4d2d40bc2ebf8977690d0,64
0x6aa4392d2a3f78b0af3bf70d96dfd84ba9dcf4e8,21
0x6aa43d5a0e341df172ece2f604a1e8abf48a57cc,1
0x6aa43dd95fc6dd27a58d924cccb8360dc81f3d44,63
0x6aa44345b21855d059b110d83a2223cecd9d3ec2,81
0x6aa44a47295731195939b244ee65d19f203f18fa94cb99d1682f73f3dfc36339,1
0x6aa44acc469aa4ff5497b6a5698ef6799574d2c0,4
0x6aa44b85a705c306bb042a584469ad101cf12bb6d49bac7d4935169b394775bb,1
0x6aa44f6417faf8bb5f4d9816a36c034f876bdc9e,38
0x6aa44f81a92aa86467e9b4c6d4579e22e45db360ec56f5bfcdb8b1157273d1a8,4
0x6aa4502d72c5ee54bac04ba382c11cc81b9449d9,2
0x6aa4517c2a5a7037d5141a52452d81345d599908,54
0x6aa4590685d68a877c5d5c16f802f4eb552e94fb,68
0x6aa460c88267d698cb14947af33048c18b3704b4,1
0x6aa46127793c4fc2a5df73d4eac9874b06f2eb44,56
0x6aa4657c3704ce301af27f288697e314aa117e14,13
0x6aa46a40e483fc886a560271c30804c9fb9f4ce8,16
0x6aa46f37c66e6cf20a114ff6e79198b03b76bd10,32
0x6aa475a493dfb4ad14027e0ebdf6a1a54a3238b8,24
0x6aa4760d95ed0200b7bc460469ccd0a1aac731d1a1948ac56ed76e3f7c336af7,2
0x6aa476d9b28c0b3389c3e7613b5f2cd784e6d276,52
0x6aa47c4c9ec72b00a32e74d256e71647ad614582,56
0x6aa47c901aa23f98bb66df7f4ea6cca4d9363b8a,28
0x6aa480a38272987e66330dd0d8596da4cb44a3b5,38
0x6aa4817a0dc5bd530b5cf7038ab76950712d3f0a,105
0x6aa4868f3764bfa2710e67ee660e30220714c1114425262360b0dcb19ff3905b,1
0x6aa486af473128dcb2c8e26df025d0ba6b90fdae,1
0x6aa48d365abc39a9d59812c24882ec074086917f,82
0x6aa48e27463b475f84c9e1a208e66af141c7d9a3,2
0x6aa49800c06c2164502401a555853ebda12b9fbb,3
0x6aa4a35c2b6548e49f2a7c127c3e012e419f14b6,1
0x6aa4aa8b010cc701741293fe461f7a46f593b364,12
0x6aa4aaa9c348c7725906d352ebf073cf8c30e56c,51
0x6aa4ac1e865cbfb4c123fd90efe32b19aeeec066,4
0x6aa4ada475b5a3ddf97992823c3c3a278c9e5379,4
0x6aa4ae540c73e990d977f09dd62440797f1e4b3f,104
0x6aa4af84bb7d556fb39253db04318a9a5dc1350a,45
0x6aa4b168bc9ee0f43012faf6d5c80bf46fd55575113c6c0243a44ab41a51c9b,1
0x6aa4b49b4224f76bb11e3391fab1868f2b30efa711c1d9614abc1d81a333bfb7,1
0x6aa4b6ca5f7cd68db36842d2bfcb9dd669c6bfcb,12
0x6aa4b9ee658f08d1e6d8fea23770a55025815449,60
0x6aa4bf6ba91d363cae96d42e69a6b78477e6617e,1
0x6aa4c0a6ccec0e8abcb4189767e6c12115eb00f1,20
0x6aa4c36a527537ef77200a338be82c1954bb71c4,22
0x6aa4c8053a2e11b51b5ce8f9155caa8ff1ee6ae8,1
0x6aa4cbf0231a022f92fdee38ffde0df5d68d49f7,59
0x6aa4cc9234587c3024f648bd49578a2de0be5b93,38
0x6aa4cca161ebb958b3cb2731c16501c6534e39c8b004baacc2983d59c0ea60b8,5
0x6aa4d2685dc6b403d4a3867a1008c6a11ac81248,23
0x6aa4d27cedaefa42d23e84f90cf98e7eb413c0d1,7
0x6aa4d3db5f13d3f102dd0e1b0bd1037e1659b2e8,5
0x6aa4d582ffdd061da243524f73b3b9c26eb98c93,48
0x6aa4d5860687235a01b8a17dbfcdd295b99883ddbb2f82d5132a9831cfcb30bd,1
0x6aa4d5bfc17eaa43de40b23b057a657599a048c0,4
0x6aa4d81e7899fc5d38271095fcedae7a951d05ac,3
0x6aa4e13a4cfd67e399708aca264d0c750559ee38,3
0x6aa4e281e39a91db377a3e5311e48c2e4f80dad1,14
0x6aa4e3c10c2ed9e1253678685f7c5eadebe31e9e,59
0x6aa4e3c9cec3adff4b86d7940cc5dae0507d202b,8
0x6aa4e45d78c88ff568a8674af066e6cecb99e43f,53
0x6aa4ec00306fadfdeb11ad1aa52fd5735f758cc0,13
0x6aa4ede09360cc2fe8a6814fdaf328ba9a0f7102,1
0x6aa4ee5ebc5184ea7429b49175e4569eb176b7d6,1
0x6aa4ef128bdda4059d90cf23f3783df76077ea7a,16
0x6aa4efbddd35e5d050deee68c9fe8e7daec6b0ea,12
0x6aa4f56c9b1f3ed6145bc575c30964a7dcbf72dc,1
0x6aa4f7c5c87d8e9da56a13c3bd9baa87ef67fc45,1
0x6aa4fcb623b2ae5f1d8d9cb9a8c2e3dd6c42a366,38
0x6aa4fdc8bf9cd51809ca4b24daeab116b5da6047,1
0x6aa5000ecd7f23485a92e5f26c5e87ff51e4f16d,1
0x6aa50063c0f659a9550ae336a95884297606bac7,125
0x6aa50299adb22552f42c14908d639c44137f147d,4
0x6aa50e5ee4719c8bffaccffc3da9c8ed937f5ff9,56
0x6aa510d0031a38b0108b828c02645e5847eb95b9,19
0x6aa5123e7a811446809638c8d3ac42a206e8e3d2,6
0x6aa519b68e8519fc695c504a3ef26b7081361269,3
0x6aa51eb6c390ae59bbd4e6a2a672e565a0e179ff,52
0x6aa51ef142c47d9dd5b1a026f9d4933e72905965,1
0x6aa52652f4938c947ddf6e28ed6599e37a0da4f2,11
0x6aa52be7788e86a9d1609b3ee598c0e803c01a91,1
0x6aa52e2c973804e524f255889219b8722033b6bf,1
0x6aa5307a35b47ad0366d68d42dc6e3a9afcf5d206f7d133c0fd9d5addc4998be,1
0x6aa53166c97e96e2a4b6d93be5856fe574a952e7,37
0x6aa533ee28161fb0345fda1d3175b9f7b442df2f589cd87432e65214d3915a56,1
0x6aa5381d94d246fe44400fb53d29a8c851fb0b61,24
0x6aa53e7bbad1148d931d4578682c3e46abd96318,1
0x6aa53f5e204ea83a0762c89dff440b36eb8e47d2af1ed51f701ed7767c3fae80,1
0x6aa540b98aaec7d354e8b91169908fe9c46541ec,121
0x6aa549f9a3e488f5945e25dcd95eed6ed0ca22e8,3
0x6aa54ebfe17fce419b3839c1e21b03a5e54dba92fb46d00df5ff1eb70ae0d9bd,1
0x6aa54f905c1bcf261f791947edf59f3270b2cc21,11
0x6aa55281ddd90cd1b1f8b983a8dd3fc174341545,37
0x6aa5572309dcf652997b8c331b281b18d54e52fd,20
0x6aa56272391d47b97460bc4d6911525ce8846bbb,12
0x6aa5637177338f72342c16662d78325505323a70,12
0x6aa5641e9bac9e0196d0bd856408e16b131ba40c,7
0x6aa56b1aa07c919e659d677a366a223a41c8d606,25
0x6aa56d07d4379eeb6f8df5acaa41ed9222fd2dbd,14
0x6aa573a904d796ba471abc6244d1bd46d4013170,5
0x6aa57486eeba0e0c537161725c4a812aff6c666b,23
0x6aa5769d77a3f99a31a0ae0412d0f8b3c268c9336d46078f524af1e221be623f,2
0x6aa57f786271712df41b591e40f594e19bf96804e765b378760575dbc21c1183,15
0x6aa580501ee3c15ab17bc08b5a7d56f4372f4beb,115
0x6aa58ae7e5b0d08a10a45541065d627be4015913,43
0x6aa58c37c8085ff117f7022cb7412f3215a0deb2,37
0x6aa590046a64c583ea662630d59bf06db09344fb,67
0x6aa594458c1ab1b6f7a4e6228a8fc029ee345e0e,23
0x6aa5948f89db714bcfab1408adca5182711b7a21,27
0x6aa597a544ca094f90e594e918baa378bb914577,1
0x6aa59ba7f391866345ca24078ba752099396d39cfca5f00a704a2599ac6e1160,1
0x6aa59be5a8f4f0027d0d65a5ff9b79bf4d820ce1,1
0x6aa59f13a73d78ba50436b061bd6bb3c4025fa5c,54
0x6aa5a0859c6ef67c95770e969d7babc9405e0372,65
0x6aa5a1ce74704b99588a5895f6a68c49afde7d8c,106
0x6aa5a26bdcc320ceabd2c050be930f512693df47,67
0x6aa5a48e4035caa53ad79b7d8f559e401918b3f8,23
0x6aa5a54b3d93d16a012dc0d8b6e96d9ca8af79a4,7
0x6aa5aab7bcf476e458c697646fc312a85426116f82b52baf586b14302a3b35dc,1
0x6aa5ab8e62d8b55ac32a0040ed17bfb13270b227,1
0x6aa5acc7e07b252f988a67d8ae96f78186545003,2
0x6aa5aceb874f18c4ced0ce3dd19be8e8d0098859,1
0x6aa5b17dcc71e248f7fc93961a0df2f5410fb3cc,1
0x6aa5b82c53500c777b0b663afcc1fd848906266a,78
0x6aa5b93884d3804ce2112e3f8a5ff0ea326c03a3,46
0x6aa5c4019ada4f5a8cbc88e5a73d524c7a5b8e34d86d7a17af3cb92243f78bae,11
0x6aa5c7a8986838b53503e618884c229254827367,1
0x6aa5c815be3a56052428b0eb01176f621b343f3fdfe686dc0ef40457ab873544,1
0x6aa5cec3729a5efd894bdfe870c53425853eaa1c,1
0x6aa5d01e66d277abbdfa2f631b90d66be9ad113c,5
0x6aa5d0342ab3a044e354fe14466439aa17f4c5f0,1
0x6aa5d3e0a01626aaf99c57ee7b5d687b35fb6a79,12
0x6aa5d430720ac1a46c49361606c30470f8c1ced247ae7019404e3ecfdbf3433a,1
0x6aa5da23e57c32a8008c21a1dbf49aac89ee7b18,58
0x6aa5dde427a5afd80391077c564dcd26f5a74cbc,63
0x6aa5df91c6c2339ce5b40870f6ea567d637b7eb6,47
0x6aa5e10b8291fba0e65b471aec9c1f47b90c0161,1
0x6aa5e3067374888278d5696adeb2c2620a289dbd,3
0x6aa5edada45d68d51c2006d82367ef2e4bf76f2b0efef66625f7acc4e195e561,1
0x6aa5ee4ddd622f3241d7e0635f72d30de8d803a4,2
0x6aa5f188962bcc21ce8f77c5c283f5dcc1cbfd5d,1
0x6aa5f24e4484e5b19e3a48720816abed63a93ce2,1
0x6aa5f3621db2b479304b564aeb493c7ada078043,2
0x6aa5f4ac25b0649df436363331ca3f40c93150ee,1
0x6aa5f4f0b2ae7d176ecf63fe35688f723097280b,2
0x6aa5f8c5f2ece65157a0acbbf09405aba3ad7b0a587c1c433e031adfd8630646,1
0x6aa5fa620c409a03a1d839a9e75b4928e0a5e590,1
0x6aa5fc08ac27257ed9ea49fd32aa38b169341951,93
0x6aa5fccdb941debb72f6d36a27f6413ca152ec9b,34
0x6aa5fdbf161d67055056ddde433072e94135edb04f51950cdaa923d30ae142c3,2
0x6aa5fdc281d961d8565a1ce20ce133f710e848d7,1
0x6aa5fe93c3e9f02a93730593ea4c5917ed39178c2430eacbd2107ca89f2391d0,4
0x6aa5ff3ba38a9f11ca21525f517b836c9e55278d735375fd9e56bd392ca0477c,1
0x6aa6034bb2574b56c160cc6a5b61896e2d6312a1,118
0x6aa603f476cdfabead4616d14c9d0ff6067d5f21,73
0x6aa605c39d6a2d9df9a786ec41ba5feddd2a4e89,62
0x6aa608ca6e2a10d902c0999894ffe354dc4c8384,5
0x6aa608f6cfb49327c028cf3783c85bfc3dec8c7b,1
0x6aa60ec9705acc69c19971152fd5078a139ffcd30539a50b3484fd81cf75f76b,2
0x6aa61149233315aa3982ca4b08725517c9dda6de677055ea2604d9ede93ff5f3,3
0x6aa617c89da59b0f973e054ccbce8dd41f8c49b45c5b64c6cf416bd72a55348,2
0x6aa618479de12c4690866868c4b2f25d71812eac,1
0x6aa61b00db9bfa5206af3b621d33e9dae3d7d6af,30
0x6aa61dbdc50ca0adefcf359cc602c14b11deab34,3
0x6aa61fad4b9546985ae97a689899e8a01e032658,2
0x6aa621562baf7fd2e0651fb1f466c6c5e0d919e1,3
0x6aa6216dcf04734513a65f22681037c85e939d0d,1
0x6aa621954a3e74367c47d99f516d4ed16f88274b,2
0x6aa623bb04f40f370db7f2ad45aaeb747f35af92,34
0x6aa6253a3f158cca64c250d07a7509e4ddf153f0,1
0x6aa626a243863cb2d027b2f65b868515cb544e84,11
0x6aa6286de8bad49b341b499e10fad1889e54d379,21
0x6aa628c77f4d721d4ba76586bafb925abf0b5f50,3
0x6aa62ffbf67b53d9ddeb14a0a50a24e81c12b39e,67
0x6aa6316c1a1d78a14899f45d39a45c5fd92be9a3,16
0x6aa6318d489bb41feb8dd9b14432cd5884a94a6c,23
0x6aa639c67923731848d8e4a5ef82a2f56ccedeeb8da9c4624f962eb989108e53,3
0x6aa639ff807c86191b636567c53c7c236b1da184,28
0x6aa63cb1657a2d9dd8d0f54232ffda85267af210,85
0x6aa63e4c7302fd1bd6001644fe007e6559217134,1
0x6aa63eb5219976dc77776541162f510301c7c75f,8
0x6aa63f5ba58a4577efc4b73fbb2c4eb9c237ef808a094b7521b81ef93319e4e2,2
0x6aa649d98ff2d344298c695a870bf09bf11b3b45,2
0x6aa653ccdbcb071cfe0dcd40bb2096a9c89a4be9,4
0x6aa65411d84192a8fb5c8d0d85c97555c261c4de,45
0x6aa655e49ee728768849ce4fad63effa97b361fb,2
0x6aa65718b6c9163b296643e61b2c785186035c60,22
0x6aa65b288e212d31f2a3e10d60f7f088073493f453cc8d8866ca4a5a64e60eb5,2
0x6aa65dd3720ad67fbf15abe5a712e7410096fa1b,3
0x6aa65e152c869eb7be52433afaaa0023d6645c60,13
0x6aa6602cde82b9468c86f1b26ded650bf9fe568a41491056c10b2fa05842bcdb,1
0x6aa660c1daf1bce2f95195ff08df4f5ded618a88,3
0x6aa6646e7f140b3c0977704208e434a683a4d1fc,12
0x6aa6650be6178ad2b8bddff628a57c71ff72b934,24
0x6aa667202019ca3b2e8ba11e52c7276d30e86e6a,43
0x6aa669793f298fbe8bb5839020ebe04d522542e7,53
0x6aa66b22566cdcd46f46b0058e31cdeae96b52df,21
0x6aa674ca68ece98a08ed7e41abadead2241394fc,9
0x6aa67656745f0695dd2d632ec3dc0675ce37f7c8,25
0x6aa679ad3069c80148225f1bd25ca6bd9fe6cc27,10
0x6aa679e3361c0b279154b9ce315bfb250941527b,3
0x6aa67b29952834d657735b5c840f983f7ce5e2b6,1
0x6aa67d71269e4208d954a6ef80f7c411dcd0dcbb,23
0x6aa681a22daa72f09b60aea5912d292cd0aa9689,30
0x6aa68639b9b267e3457d4c5576abb7dec409f7ae,4
0x6aa688e7daaa8f96ab419b165af9f133d98f1649,5
0x6aa68b743721a17726ee956a9c9ae275e8d0e265,77
0x6aa68c5b116e83c16efa9ba2a74966cfbb60619cdd6eb03c3cb7c1d37ab271dc,2
0x6aa68e095f056219431d4805c981a80c586a01ffbadbef665fcfb4cacc2efb4d,2
0x6aa6951f5cd0cfd9cde389d94f95a8551797dd939f58ac52839073cbe07eff2e,1
0x6aa6952fee2b5a82b51d5d90c6648289b59c7f92,100
0x6aa69a4af98dada5a8f0e4c85ad3f0bc23bf7707,1
0x6aa69cfc29ad14fdde4766cb6f99e7a277d1b590,45
0x6aa6a1593f715b2a5259a1b899a9e8c275886bc1,12
0x6aa6a776bffb55adf6e05f205de8923b639da173,1
0x6aa6adfe06f93b674ee9f56e6a1bd7bf9465d3c3,40
0x6aa6ae69d6adc89f08757a54367293e43d549801,46
0x6aa6ae880c1a86ed981c1b75a1f80617e3d93ccc2e09b5a19211d9a0f5d50f1a,2
0x6aa6ae8f0032f021f75fc0be6978579f7f636523,33
0x6aa6b4ca9a0e610136f22258c2a62375d81ddce2,20
0x6aa6b7530d4649cb61c25114ee01d6b0e62135bc,40
0x6aa6b9145c3f234279a57807b9af92ef561c164c,15
0x6aa6bb696712a3c7bd3e3c9b787329b984250eab,9
0x6aa6bbe371a2858d71145fd2f20fed9001c0db8c,109
0x6aa6c24184dcba568deeeb70eb98882cd6e6b75195e00977fae3db8679da239b,1
0x6aa6c405a04b5a2382894cbe1c2983c197b95618,26
0x6aa6ce7d0cefdf56984ca9ff557e5cd83f4d3b7591c20d006b3d93fd32238d9,46
0x6aa6cf088732e20c67d47757988a0381d07a8f08,9
0x6aa6d1141725896cb12b9fa06012939ebcb4910511cfed9dd414162941c25f88,1
0x6aa6d152c2571518d09809b852b56c11fcf519241e78bd52758082477f425cb0,4
0x6aa6d3a5b53d4ecfb595e31a3fd4b846320694a8a8c1a9b8852626a7b0abe700,6
0x6aa6d4108acf592c771a1a1760c8d805f207ca5d,1
0x6aa6d46b13792b9be71904f5ec26b1c85c303727,5
0x6aa6dbeb8008711039100834d1fca8268e39c512,5
0x6aa6e5504ff2e56d3705bdc0c5e02c7ee8baaaa8,46
0x6aa6e86a29f536d6820a6c0b17edf9f72e1b0112,30
0x6aa6e8e1be53cfd705c9dc0d081a7294d10a77c4f91a6bb64773b669b2605d37,1
0x6aa6eb5f973fcf8dcf009d45005d329feb2b5ff5,1
0x6aa6f3ccd047822ced02ab57aec64b26272bd8d8,1
0x6aa6f6952b8a2e57cbc03251bee8da37bbfedc4f,40
0x6aa6fa200427ae99d5e1e647f964d2908afa2774,119
0x6aa6fab25616fddf7b6a831485255f234ed303e3,3
0x6aa701d6d9843435e7efce2f0137413275151ff9,54
0x6aa703c734e6eda7a5e96cb93a6def5a8c91d415,2
0x6aa705a82c92d32e6f8cb71404caa745689a314a,3
0x6aa705ba42357562f97c54464f99f5feeb997de1,46
0x6aa7069f8c06c8dd87c0d8f025d0694f0908410f,126
0x6aa706ac204b777424f6c1cb3a3ade09276a15c4,1
0x6aa706d9b485f46bb54f267ba2cc046930313e32,7
0x6aa70a486d18aa4072b6d9203f99d23263a07ff1e6307f4817a94e6ed8fa69a5,1
0x6aa70a5ead347e1485542474add9f2c2cfc763f8,30
0x6aa71236a9a6ccd10ff6cd18bcb171512fd95d44,67
0x6aa713341fafa72478307c2196aca2e79fd2a318,2
0x6aa713e07b07e0084f144cf3d7b2417dff74f02e,1
0x6aa717608abecfb93b47d2ae8f92f9f69dc47ca4,3
0x6aa7198054df242f7c5a0ec59c366a7db1d9e925,3
0x6aa71d21d6e0f61c232dfb35edb02fd715e6562e,11
0x6aa71e2d8f7d58414cf5b58fd9ffc376d40f9e76,3
0x6aa71ef9e3135616bfb3f0f2d6fda74c7c2caeb3,117
0x6aa71fd89f3733e92781fc986c5a6673dc258d5e,22
0x6aa721bf357f229f2f663adf7a26a994dc0cd218,1
0x6aa726d744a1f0b5b55ceca17109d459031cca49bf450e07a5dca14abe4285e6,1
0x6aa72bf8e0b5e00b28503b1f24de09ebbc8c4c93,60
0x6aa73322d773b5121c695d93d11b4a1b498436a4,3
0x6aa73b9bc7f6c9cb71eca1e32b18ad737b9a47b9,25
0x6aa740fc8d11878f147b3e22939bd0aa7bee420f,9
0x6aa741412cdf6e3d4eb542305435351639293c34,4
0x6aa743fe436730fea6d5ecbf1f3060edb6d68ad2,2
0x6aa744dfc938333dcd31da40edd2271eae62a4c5dfda648e466502968e185a66,3
0x6aa74e20702ec7b8e4444e2355447c18b501ed21,1
0x6aa753191ba22994cb3eeba7fd915f4bb432499cce6db92513849bc16ed08959,6
0x6aa7571201a9ca083c074b293c2c68ddb9312aaa,2
0x6aa7582a897354a5d59a3e07286b4093a18402ef,14
0x6aa761367bfbc85c68e2ef4f43420e886fef30679493b2b5fac4b322681a776b,4
0x6aa7688db0f02e6257febff3674d0a442c52a5d9,1
0x6aa76c473498ffc04990d95a6aa9c6a0e6f35929,9
0x6aa76da11ae3e237b64edd0e400a0967ef06f40f,3
0x6aa77307bbfc86993346a8984bd899095182e0a06c89e31327e056219da2e260,2
0x6aa7743dc14394b0a18817020471aa9366fdc9e6,114
0x6aa774d8f8c736f10e824d005735f29265f93968,38
0x6aa77641552d40c3af1aef76fd23cf01f0b9d4a9,1
0x6aa77853f9ee01847b4f28c0e90d54941402453d,5
0x6aa778dc9ff1d63a7cef029ffb0af130a5a44643,12
0x6aa7795340d9d44951faf3b2558a19f949374bfb,19
0x6aa77b427a3b2076c29b7129f5f6de121223abbd,78
0x6aa77dccd0473335f99d3ebdb30a6d1429fe267d,1
0x6aa7831baa13f62ee869e34a3ea8d5eb09ac504c9758eacd16dd66f51787ff42,1
0x6aa783e94e0114f0a7d092e8034a690b3c47d669,70
0x6aa784f989b70ee1306773a8191fcc2baf2f277f,1
0x6aa78518828985a6a43953be3b105ba1e9f057c9,3
0x6aa78864434f866ff6e48daebf21cbd9df9f7624,9
0x6aa78c26e759896bdf591ca5b41c79c1ad99d89b,4
0x6aa794fc1d2fbd1948ea5a633ce5df8b847e7fbd,2
0x6aa7997ad85a5046658a8a0dbde3342e8be6c032,46
0x6aa799ac4d254b3e8f37cee4e3a911ed377329e4bd4591fc944d13488952f5d0,3
0x6aa79daa940df0b2a52c4d1b33df50290d98c721,28
0x6aa79e8184f545ae596419043308f0fbbd1d4f80,2
0x6aa79fc820b8943641ef863866b878ce7e3d675c,8
0x6aa7a197562e832fa52318bb30526d9ae4e1bf43,7
0x6aa7a4dba754ac0e20c00d6940c58794f084d34a,1
0x6aa7a55478d2c32f1bfefcf08d13e87bdcbadf080f9d31518e7f15a5157cb998,2
0x6aa7a58e474e4c8311514f1a6e473f4ee63ff549,1
0x6aa7a9f0cbc01df50c0116cf3992f7cf676ece1a4b17ce3809578a10d1e83046,2
0x6aa7aae48a0cc8a1d9159f67eabc09db673ac89a,32
0x6aa7ae2642791df5423736ddd18db4b022873397,1
0x6aa7b080122b2530d73342979126b99d3db1d74c,4
0x6aa7b32fe068f88ce7573ac6a6926555216932bf,1
0x6aa7b47280481e4ee5d7090057fc433410224468,12
0x6aa7b4d62ddcf27b7e735781307051795e9f8f646d25435b8920d7cca2d5007d,1
0x6aa7bf1f34f1dec922d106ee98c75614e459252f,106
0x6aa7c02c51f531cc2ddb08863e7ae6cbe066d8c1,12
0x6aa7cdda16e0712b0895fc0271b67833d3e5d1b77ce1082d341930c4550782ee,1
0x6aa7ce71adb9a2a19cc89342286a1553e19b4c92,1
0x6aa7d1a6966679548b88f69691dae9d0b02bc740,22
0x6aa7d5110a4b4ca0e19cd19eaba92a35458a0766,16
0x6aa7d5bd138b26854189e0809ffcd86750a5d25c,2
0x6aa7d68da64f435fef277f3465ec2967127b7922,1
0x6aa7d8d8e43eb89c174412740598880cc6d534dc,61
0x6aa7dc33aaa461479273e2db958529591cea1a91,44
0x6aa7dca7c07fc4f84814aa1cf6669bb8e6c18d5d,4
0x6aa7deccd87940897a77eb36a2dc3a809bf3a1cada820c3f0cf8c339709ef528,1
0x6aa7df2166af5e4e22aa53c1f62eabc66b3c5d1393dafff5dd64fe5284666a19,2
0x6aa7df35b9bb98e4ab80f68bdf4a31b9847ab54a0c0a526d011d12f128b4a217,1
0x6aa7e33214c1b879d2fcbeabef7afc058ee9a4d85f85fe5b2a7a905d97cffd9,1
0x6aa7e5d7da7e7000f5825fd2691a669963c0e76b,1
0x6aa7e84cc018cffcc4ae55b3f72fae0448a62bca,104
0x6aa7e9438c2a29b7169480e6b3391d71037c06033d9d323c3d44d971d6c5a070,2
0x6aa7e9aa16edee2aee839395049a602773d1f844,55
0x6aa7ebde946b57e6ec2f531967ce7abf9ed956a3,34
0x6aa7ef29b10517cf71c112f5f0e54f58b16f2503,2
0x6aa7effee981d941b89ce1648cbb92f3082fca05,3
0x6aa7f0bbfa73adbde53d1dd3113141a01f5ad122,1
0x6aa7f0ecee1b70ed19738abefcdb8abd7d303b1d,1
0x6aa7f2bfeb64024f38ae257d5092458c4aa90fae,22
0x6aa7f7d9b92495529ecf6358a35a524628585658,58
0x6aa800c931ccaa1829ab85638c224d85f19b8570,1
0x6aa807f6d2727780170f158927e5a31987b042f9,4
0x6aa80b5d5e688bcad3020589824b96b8c0e7a50e,35
0x6aa80beb7200c35216a1559a3bbbc14e8edbe8f5,23
0x6aa80c167d8531cd8aa5f67a87dfe1bba74ac25b,3
0x6aa80d1f38103afc77a96a52141b87f46959efd3,1
0x6aa80f2b038857ffdce946d34ec010f5c8a631944f01ad7896338565e8583ac,1
0x6aa810a32ab6623a423ab5f40f2b11230d47bb869f05d015593481f477ffa8cc,5
0x6aa81354ad9ffbd5cd11b26cc95e1ef14339df5f,2
0x6aa8144d2fb05f12b6f3fafd5195dbbdf0d39d51,62
0x6aa815f89c122d26c9b642ac553c08b8c22f8452,60
0x6aa818f4a6a7056c3b265014bb00b501fd598d16,2
0x6aa81a1e2b12b4be4b67d1bcdc905c35a924f809,10
0x6aa821e1d60724ee232bc48eb5afe9e9b9577202,3
0x6aa8229fe21b7e3e2655e8e33f14cf06c3519441601c542b5a2a73a86c06e0da,2
0x6aa828c1eb9aa93d82ae6f81a4305a2e21a82e1ba5edee96f6373a3fb27ffe12,24
0x6aa829bf162030db338b27500059b0caf71b8d9d,5
0x6aa82a79cebfbd6f67f93c2b8061bbb6403e38c24372863828292ac1c9b0bec7,2
0x6aa82a8fd9fed1c57f11740374e3659396964279,1
0x6aa82f4706081730ca88be5ffd17e0b301b4f28f,10
0x6aa831c55d9fd0a1f17a49f8f9bdfd1986548834,40
0x6aa83f6d6b235eeec723edcfb58bd84ccdd87f13c9e83fbcf2dc25d723c11967,1
0x6aa8417c1fab9655c16d441f050761a30d95674e,1
0x6aa8443a108f9990a0509dd7dd27e47f440bd62beb5618d620a6f41b8ab614e8,2
0x6aa845e1b36f2fde1dbd6d55df4b27367321f7d5,3
0x6aa84b3319194b8b8aabe86dd7a1786276ff8933,1
0x6aa84d628270fe42868f9e66438c3414f54844fc,1
0x6aa84d71bbe34a47c336ed64bae86b8a3af11842,37
0x6aa84dcfed13f246c22895d0e186acff3826aaf7,130
0x6aa852dec052f49785cd2b059d980325ca36f9c6,83
0x6aa853668fc52d3b7ae90b3d4f9a63a1bca909ff,133
0x6aa856d19e427555ff03a12b682927f9ae2166e7093930d0865291e2b851d894,1
0x6aa85b3161b47e4b38d57c5c2afea5c896480eed,95
0x6aa85bc4f4b20e1f68706e87202a758f94e686f8,123
0x6aa85bdf5aface441ec3d43977ffe6cc0237398f,1
0x6aa85e12c6222acf49249eaf90d76f34793af0b8,9
0x6aa86028b6b409f05a3a648054a1883d59ac9303,51
0x6aa8620afd7ac979f5d44caca9a0421e6d3f9305,1
0x6aa8671f473aa0a21df320095d23b2ca73bb4a16,1
0x6aa86da2bd9cd13b9fe09097663a3ceeb6c0f765,2
0x6aa86e8c5d3e0f98460b3f0659a0ed425a48ebfe,66
0x6aa86f051b987ac60bbdcb110e39090a6ae12131,4
0x6aa86fa61870dab46f2d60178bb1e70a407f7e77,23
0x6aa874b04f80100501c1b02cd069848c4233aa16,2
0x6aa87e5ea6966025a989b2cd8c5bd55650892b7ae2f0dc1db553104962d53dec,1
0x6aa881048a0d8863fbd6097c3eec5c76dc095ccf,7
0x6aa881b60a9ac0890e1f333395f50cded060b098,18
0x6aa884da2797c14e9f61c31700b8702860f69377,2
0x6aa885c2b1fcda414fbf204042dcaed1dba68cdd,23
0x6aa887eef768872cf04de0b6577a82bfae19d912,56
0x6aa88aac6ce9fe95e5a1fae18f5bcc4797cc00d8,32
0x6aa88c5670dd28bee5d9d2d93a70bbc9e9c32833,1
0x6aa88d323d73ea7df86ff975d1d72dcf47e89bb5,1
0x6aa89152740479ec0c0b96158aa4e979179a01cc,26
0x6aa89358ef1bb0730de9663b4d07a6fbf90d95d5de4143ff84a5205ec6d2a62a,3
0x6aa898a7a88ff242c0e8c10fbc4119cf2e10ad77,4
0x6aa89ef81ad5d909e7b34219ebbeecd953be58aa,11
0x6aa8a57995d8f46d4c5e8460535653cab117b57b,111
0x6aa8a906426588b0b00229aceaad67c6794c7f0a,35
0x6aa8aa811ae0052bd5283933ae7bf37e7a69b6d1,1
0x6aa8aa98437e1f02fd3b9f3cbb0511fa56fcb869,1
0x6aa8b5cf5b5c9de7532f0db4a6e5ae14b10c3358,24
0x6aa8b5d092add2e267040e44d212d55ee20b1d09,1
0x6aa8ba7892ce702353010566058e40ef95074837,2
0x6aa8bc708030c335dddb77e3dd8661d15ec6fcf316fdc60f47fc26251082e973,2
0x6aa8be227e329683e663e8f1a6d2c2f528ab0f21,1
0x6aa8beb2a28e3a766052291b8906cc24e1cbb487,1
0x6aa8bf610f68cc5154a8c2301a4669f8743d68e5,1
0x6aa8c3163c59f2649cf7466ccbc9ba5d8f74f1ae,49
0x6aa8c569b9512008821cb01a56223519de79a378,13
0x6aa8c56af8dc51d8913a9c54a951f27d9a33f5c5,8
0x6aa8cb830a5f7a4310b6aab55f511203735a408f,7
0x6aa8cba095d93457a2149679b2fde992cdf014bc544295ea43a620c4f7a93ef8,1
0x6aa8d106b27306d975e089fef19baaf679d9bfe6a66cd2950b11858ef655dcd3,1
0x6aa8d7017cd83e39ea3e8b21ecfbd317372c8955,13
0x6aa8d7d4d045297dbe5a2898d1860f8e0e3bf14d,72
0x6aa8dda67d1f18c7e35825ee288c64c1a89f948b,89
0x6aa8df74b9e1f1c38820752ddb20f1c44f06efee,85
0x6aa8e2de9c2ac135216adac5d42fff3e631f2dac,5
0x6aa8e73096f348b009dc33d5fbf7744979c5c3d0,2
0x6aa8f05bd04adc459903110676332a9f35f4e962,3
0x6aa8f304ba2a7f810467a81e5bca6423a12175ef,2
0x6aa8f44f2750a20341bcb8096efb6a2280f2440e,76
0x6aa8f588a1bf73291cec1330e9cc0712dbc91dd293d74384c3cde7404b61c09f,2
0x6aa8f6bfc49fc27bd9382711e2df2c859a130b25,23
0x6aa8f6c1099205c84cc6ad95e2b8cd8ec9bd7232,2
0x6aa8f8932e1b96c3238043cdc2d77698b5e4e1a3,1
0x6aa8f99e72374d71ff333959ffbf8615239efbde,2
0x6aa8f9e7b9597cd929bc0c34fff453ade1c699e8,34
0x6aa8ff3dc238269f616e6980110188218715b596,25
0x6aa9023dfd7c272b118ac119e05cbb267cee2a85,2
0x6aa9069425a9eda46ae92cf1a01f38a54c14fd44,1
0x6aa90795ddeb6ddbc58a373a9cdc17af8b9600b9,100
0x6aa90a2fbb0f1123c750a119f66f06acc054b4ee,1
0x6aa90bd87ced51cd30a7b83f68c5a70b618f8ee1371bbbde2c0102eb8edab284,1
0x6aa90c778fa3918b42f9f07ab7666bc46d622f4a,4
0x6aa90f5165ef568becab05450ff5b30c4ac12338,29
0x6aa90fcf2a2dafb4f18f8db65ba5f8eb0a4903c4,5
0x6aa910994dcd75d51b7a0fd8df32e40e2cde6fb3,1
0x6aa915296c518f1b22a0747496bafd006471f49d,4
0x6aa9160eb8510af915a8b08547e0c0ec0f0c494f,14
0x6aa91a17f36efc0aff5a262d4771d8ec4c4f1114,4
0x6aa91ab71516e949e257136db944dd8be53fbc62,65
0x6aa91b82b2716853fe1c4f4f81a859693b81b58c,200
0x6aa91de883169952b0e43eb6b5e3988aafc5eca6,20
0x6aa9206de2ff2ca6bc0aa6b951fde91f3a4a46d8,17
0x6aa92165437a963d3b62dceed5ced41e3e911a96,1
0x6aa922cdbd524f613f268257b2ff664352871c02,3
0x6aa9245feaa8c605ebeacc5f90a2cca0b917cc56,5
0x6aa924a313b8ed316443a96f2914712443be6a53,55
0x6aa925ba984cddf3a6729ad255723205e4d103a6,39
0x6aa928bf27520b67b800418832abae81929888b3,3
0x6aa928e46095459c9d83c3647fc43e3ce3f33d8e,41
0x6aa92a49da771d4c014c59aea8cd811a5ae08d69,55
0x6aa92c58a32b267be7fa76eecdcdaa13c75fecba,2
0x6aa930b15a05d67e23ff9b5aca8dd18c45d298af,34
0x6aa930f02d3a2109a1d0dc9395a36536a2ee0803,4
0x6aa9334097ece725b8c044d5c82f616791ae722e,52
0x6aa93e81d75752a642940236db81128a7f995a31,66
0x6aa94386dec036506c2030a1c536503a2b2362b0,120
0x6aa944dfaef73592e7e64f685e37669568df5001,2
0x6aa9487a52ff1fce25eedfb717e8780d13cb1c13,62
0x6aa94b563888f760f351b429ef45a53c15458572,36
0x6aa95123f3f2201ba4cfb6de2d4162a6c629048b36e04b275c6edc4184c93bd5,3
0x6aa9541798320c51b107e48b9bb249de01a5594e5973af69b3380284e95ee548,2
0x6aa954959c7987e8a48b389bb006050bb0d86788,7
0x6aa954d5748a95f516933c95661815845869c663,176
0x6aa955a092e39e205bf6775bd3d23d6f15c90943,15
0x6aa95823477e06c97376d8c891b6c6ec419c0f2b0b3758b585679a7366f0a7b8,1
0x6aa95bf74ccc406042b323b868454b036e81ea76,18
0x6aa95bfeca1baeb8807b01d71678c37b32759cf6,181
0x6aa95c7498b78bbaf2beb06a6f89df885077555b7a410ffc3ba459855904e6be,3
0x6aa961850072b7cd45af341a92fb721f0481fe32,29
0x6aa9622b0e5d33784095d7b01dfc4eaabd1d9f83,131
0x6aa963610ac6bf747bf2ef72ed7e6b12f00f0968,1
0x6aa9636a26597d139be51701dc19dd3aa659116e,1
0x6aa965bd7f5d5af1a461fac16e6fca69c2a055623246957ef72cb45558ae12fc,1
0x6aa96b8ba06e7457c8fa4a67c82d7645a262140a,1
0x6aa96c772544abd28af9f86d9d5a00ad1ba6c3e3,3
0x6aa96d1959826b0f07bd8f67f875ea478eeacd1c,3
0x6aa96fbd2cf8a491be941ac651b0ff9d022f168e,1
0x6aa970c08ee9ff1603f2534aa6be4e2fb47fedd1c472d00f34966d9985ab6d7e,1
0x6aa97124ce97d44db91be65d4a94c3bd378824fd45cbaed2e104c16267323f54,2
0x6aa972d3c3fae07c0d47a37402a031ca15bbf95d,1
0x6aa973a756caabdf47a5acba67e571228da47d917001a56cb6d082ad3fa7007f,1
0x6aa97940d62f86935a06e2a48a8438fcbac9f3dd,21
0x6aa97e55439d3e4ab361b964c5613ecdce394d98,2
0x6aa9879f8f5349281483ebf2b78589fa8b7446048217ac9e3d3afcebc7693b45,1
0x6aa98a2a308b15a6ce15d32dd68073c845fa027d,42
0x6aa995cd8c8661e05eed607276d5afbf2595e297,14
0x6aa996bb7d35d9f31e6279668e5d8f5f4be5b0e6734f6c68523b9e801ae868d6,1
0x6aa997a9f5f3a8b1de364d5448a5736a897e25d0,16
0x6aa99ad670adb78bc05da87ea37867202501e0eb,1
0x6aa99dec9ab1cb11bdf48adde9574a0f35f8daa69e48c8f58634fd48eed2104e,1
0x6aa99e5c8a29d6e718bb23fe2e0dce3d969a8e79267b2f4084674a2f253bd8c2,3
0x6aa9a2432c8c268967f6520b4d666c1060111405,115
0x6aa9a51aad6c67197eb228d492dee9432b988055,1
0x6aa9a84613e8d6818f71827e8b55abcf6e8d1d02,1
0x6aa9aa5fbb177f3918e396c2d2b97cd5dba961bfbf7e9e636ce016888b2f22c9,1
0x6aa9acee6cb1c08d958d1c73c7fcef98079b78d3f816cd3b0d8d24570850e315,2
0x6aa9af26321ae91fa5e257503403fb383c7b7e87,4
0x6aa9b336fbd837e1207c21dba1687fed9b9da49c,1
0x6aa9b337fe4265eec594b124f6c8b7d3938312b7,12
0x6aa9b45caa5e3a13571d7d1cf3010507eb876e64,2
0x6aa9b699ffc8525bb157949f0696c11246ade7ca,57
0x6aa9b81bbac221e46523c35617c19503f131e247,2
0x6aa9bb3f3fca568ee5f0ac80d8448e03c4686447,23
0x6aa9bcfb4a5f862337d7121c686bbdce02fc6b3a,85
0x6aa9c20199dc5614fbafede1afa65e808ebb739a,1
0x6aa9c592763e8abee54a070e8b254c3a600cf96f,6
0x6aa9c70ac2d1185ba9bf0b1e9e243bb1760489fe,1
0x6aa9c9379276ca3c007742c5afb70b0fc55862a6,61
0x6aa9cab50b96f2840048ced2888dbdf8d3e6be57,26
0x6aa9ccebda2752090633e24da00574f83f06e493,6
0x6aa9cd3bbc35592d733661e8dcc2c648de01e30c,137
0x6aa9d0960c008074abc745e0e799c08565afd549b95d2661630e2c5c3591c8b6,1
0x6aa9d2da46d6bd53329c2e7147b38c6d75d30996,1
0x6aa9d428daf554c6228054d05ab5c8eb84c9cf9f,2
0x6aa9d47f6e239d53094f3890b3791747e98d18c4,46
0x6aa9dd6b8a0ea866fc129117802ed9092d174978,1
0x6aa9dffb81192f68d6c884494fcab1ffede0259762cf02a5fe885e6ef59d9d2d,1
0x6aa9e1fa011b10ef7cd2320706dc663d8e9ca972,20
0x6aa9e240da54f618f26900c0435f62b56fb1a004,1
0x6aa9e2e451a723d2776f6d106ca7797281280660,1
0x6aa9e3df81c8fa293266e0b2b6b3926f5a4cc4f6,4
0x6aa9ebd75eef8187f52e5bc9550058eba532672f,1
0x6aa9ed09d4868c4f1be60b573dcd679fe589dbc3,40
0x6aa9ed5b09e736a9d49ff2b6034be5f7d6f4b8f7,15
0x6aa9ee41ba54f65f772eb2c9da35db924e52d28e53d3e919dddc7676818f506d,2
0x6aa9f00178d09edd38641926031551f470fd417a,25
0x6aa9f0656e5ea735d64caf5f9cdae53e3beead5b,1
0x6aa9f4fe1ce6fa00f06f2fe4bb6365180bc3a621,44
0x6aa9f531381e25183f27fec22a4c0fb28f1163d9,33
0x6aa9f69e7540c91f336a70cc64c1c8042229e42d,3
0x6aa9f8c79355e44649656d0afbce18948dd21d0f,2
0x6aa9ff4d604c3f65b6fc77ae7a3c3aaba09c15d5,2
0x6aa9ff61a1e0ade292f3bb4affe3a7c9655026799743ea53fcff29fe38388890,1
0x6aaa019ec18fadb047bc06745435ed1c6da74df6,35
0x6aaa022073196c8b100f50d8fae05c8a2c44529e5672235c3128c4e6472c70c1,1
0x6aaa0285c56e671a15d703e99066a5054a36653a,107
0x6aaa048419dd5300e2ad75d967a72f1c5c49df7d,1
0x6aaa07add981297be1cf87f5873a259708b54021,1
0x6aaa08d2999fea4ce2725f684db372e29af7178c,8
0x6aaa08e4c7371feefc7482833434a18766ff8388,1
0x6aaa10f3273c41ba8915aa44b5d2eb4b71e3d3cfde7aa1aa230322344957077a,1
0x6aaa125c1f8b2e1a97bf34e268fc86ee45f5dae5,53
0x6aaa17599db40228c62b3346a431119cf8e5f451,24
0x6aaa19c68f9eade53a562eaed0bfeec788a76810519f26614951a29283ce2763,1
0x6aaa1da4a6f91bf7b7d5aacbda8011fb9eb18477,56
0x6aaa1eac4fba322f1dc77f6213abc2b3481234c4,107
0x6aaa2046b578990a988a032df8fa0d7480344894,13
0x6aaa2047925f027d03a68b270a2509a40d78e664,34
0x6aaa2090cf42defa9e172317698676d3829d3c08,50
0x6aaa230bb8fd0df771ce3685dc6a2f86e1bd5085,20
0x6aaa288d2ba5b7b03a05fa74a364190c44e3c289,29
0x6aaa2b04e6bdd471bc8faaf98fe9ddc6d398bc19,4
0x6aaa2b2f9be7c13b101617d019c51a9307bce6f4a1e67889aa8a1d4d2b071c98,1
0x6aaa3aeb7cf897a265247b8d961ead1988f870f6,31
0x6aaa3b8e80cb891cbb7e027294ad5628a9edf213,26
0x6aaa3cb0f333078ab5e2ce75b10f44a7447bfd47,1
0x6aaa3ccfb3620e5a8021d3180238cb194a45c5fe,14
0x6aaa3e76b16fc87d6b92df420dc9c4c19a97a0dd,2
0x6aaa3f01dea1f324a50d02ff823735e1fedbd56fad60d988f1f9b8af2d392e07,1
0x6aaa4077f659cc2a08af8fee179e178fdd6aeabc,53
0x6aaa440fe0df1dd620bd838771eb8d42c0e3c406,36
0x6aaa4705fecee4cc90f5fed66ebc28711d48acf3,32
0x6aaa4b3a70e910e3be450f817f969bdc2155ecd5,1
0x6aaa4c21b6e4c767a622fae19430ef9067dc431d,2
0x6aaa4d534ebda98ff432d762f1f389a383dc080c,4
0x6aaa4fe5f38c10762a4b78019f7c81c15977554b,40
0x6aaa50e7c0a1cec32fb81b8bb21d171850cb85f7,86
0x6aaa529e203057bdf075d2ec5a34e3dca4f444c3,20
0x6aaa536f0b9adc42c15bce9b79a5b92640fee9ea,2
0x6aaa56524a9be6bc2f090951de0e6a05ec09e8c8,7
0x6aaa59cb8e46186d5505ba9fb3b376a34778b5b4,1
0x6aaa5aa99c71845be2c949a485a7cbb57a85fd12,52
0x6aaa5b4107773034932a5a8e245ad68fe121bf6c,79
0x6aaa5b4a121ec510a8668fb3ab8fb45c011ad9f3,1
0x6aaa5c82850c2cb45592581ea83976f475929b7d,5
0x6aaa5e28250ad6c0bd630a914537e1900c97b0be0e410aaaeb6379e45d582227,2
0x6aaa5ec6035c1239b30ebb1db8e9b9f102e5569c3ce64b2d2e47325a66df62f3,1
0x6aaa63799b3f31cf51e2cdda897d0fd7dfb3f5f9,1
0x6aaa678a8b804148c18e81f4e28c9620a2a53fa2,1
0x6aaa69cc6d22e1b12298188b36dd1bd197d14c9e,10
0x6aaa6cb436ffc23347eab1e02b58a9ab343c66e7,38
0x6aaa6ebd78fc08fff485010441ee08fbbd8ddb89,57
0x6aaa70492a82d9677fa69cbef157fb6f51086ca16966bc0947e0ca34bc4bfe24,2
0x6aaa70963e82d1bb4eeb4a3abc902c4e148789f2,45
0x6aaa744cdb0584c687b099d52ffe7e10f447888a,7
0x6aaa76bf6698e23db3212e1c26a22748bb897192,7
0x6aaa77570d49b07808e741a5081738322268105f,1
0x6aaa77855f0ed89ca106d365a12c23c6980d9d40,1
0x6aaa77a5d7c73696445213d0db7b261bfcfa40bb,8
0x6aaa7c3001a5950ca275fbcbede91f65874434b87fee7265b029927134166808,1
0x6aaa7c6d755b8ce1cbb9ca4ed51e3a4210b102d4469de06b7d04c4f76e5b38a9,9
0x6aaa7d06982bbc22683b0c21fa094bd39ea2e33b,1
0x6aaa7f9417b388100797b4974c33196159f9a147,10
0x6aaa80571e798f5fcd2c2270e9ddce38dd2e10e4f987bcd44b276ef348a2cae9,1
0x6aaa8a0efad0d76e5001ce9473f2432b1879fac1,1
0x6aaa8a52fd636638bf587934c6555f4e4fd747dc,2
0x6aaa8c26e03c535beef3dae74ef7972f4adc23b1,1
0x6aaa8cb13552ef2ec953bae9fbf090302e356cf3,23
0x6aaa925d937f3881afbd985f24a0cf9465398d2f,136
0x6aaa9314f1925210b8d9f38f1a4fe052517b6d0f2030b654874ac1a5dd92eb8b,1
0x6aaa93922b4f85f3c230554426ce694f5564866a,1
0x6aaa9431f593b0da72bcf9cf2fffba6253a4c81e,26
0x6aaa9471d46beb8b0e4e5b23e2bd30b7f239203799b7972aea54942ec2436f34,1
0x6aaa96d53c0acd1f4ecebad2f11450248903735f,2
0x6aaa97f84d26c6a8605d8da2f0d3b97c445abe50,8
0x6aaa995717ab5c17a4a788f463aac2a25fa3534d,3
0x6aaa99fe5c3dfb18a64cb6eeb9f773404503ec3d,1
0x6aaa9a5f664e9578276a8b0769f309f39be2595b,2
0x6aaa9aa8c1fac83e920766fa59eba07b04dafab71e785566607015cbfc24da54,3
0x6aaaa21c2e486584ca582a23b4c174e8794ecd1a,31
0x6aaaaca21e86a6b72dd50c121b5405413eff3e33,71
0x6aaaafc5c6e9ad7382ae07798619294d192acf63f2237d26b835c0e46bc9841,1
0x6aaab060f34c8573a6b2bb1cf92bdad9d68da765ed9ec3c052ca6b76e33df60e,9
0x6aaab8b19ad9a320c331cd444523f0b28922308f,17
0x6aaab9437ab1c964958a25182699b998833b5553aebf0f4936539db9db04e1d3,2
0x6aaaba8f47073ceadd8c87a20def8e128d35d9ce,19
0x6aaabc1280262de8db64b25407a1a6637c4716be2486a7d3d3bfca86eb06f2ac,3
0x6aaabea90d24aeab37c372b8a0fa64d8e4bec203,1
0x6aaabfb2e97a5736d9e9148171b542db1b5ca149,34
0x6aaac521020c78b6316f8af2f565dd082cc02b0e,2
0x6aaac61984d2b33a19a930f29e2024278620551a,51
0x6aaac6923e44d7cb82a59e913640d709da5ed6dba97278c46f4a7ae911eb5e2,1
0x6aaac7adf9a96601b36401ad95d4c5ac9129c36c,1
0x6aaac7e18465b66e6d0c91c4cc99c3b242f8378b,45
0x6aaac8ba316c41efe1614c1673a671f067d00827,6
0x6aaacb891ab4afd47c997b837e080a15f10697dac69ac7d2582f2b5564b1c2bc,2
0x6aaace23bf9a06a1874cbbd9d5737bc541931da3,25
0x6aaad159eccd4a08c2c49b36257977177cd55681d27085ec957eb79f97969822,1
0x6aaad596383f4ffadf2e37ca71f0933912748187,19
0x6aaad855118a3f5bef5838e766229cc4c5e8220a5c120e526ada0cddf5f31a6d,9
0x6aaad9b79910d309ccb2067d975e07b6d41e1ca0c26332d8874fbd11965eef55,1
0x6aaada50fe7df8cc1ae72204946e9b3aa2b0d4d3,31
0x6aaada9914adc44eb857d28b242fcb43ada18678,4
0x6aaadca12529179bd4926adc663dcdc2bf507cf6,15
0x6aaaddf9f26677114ed85649fd93cc9146363be5,1
0x6aaae3d70064086bd472e4dca9eb625d869859ed06d98f2ee1c414ce95d23d07,2
0x6aaae5c545e09ccb10688429ceb065e9701ec8de,1
0x6aaae731ad6f0c4e3a13e8be06881654b1c614fd,16
0x6aaae765d59ff6865d159035a2cb73f9e1f51a66,22
0x6aaae77d838dc869fd86179311b2d0ca6e41321d,19
0x6aaaeb9d5c851bdd98e3b920ef0a00ed8d6a5aab89b1d54495289794b9f26068,11
0x6aaaecccc8d3a8030ea8462206de5cf060e55e53,112
0x6aaaf0e34bcaeca70532ad88bd0431d6080722f0,6
0x6aaaf60f24faea8fcf42d30ed5b286bb9c879fc0,71
0x6aaaf8a55a659640ca3c654b47ee1c973006a7b1287af78078f9a6080e1018ff,1
0x6aaafbdb22ec12d4e726dc5ca1aad89d891fa1e8,1
0x6aaafd4beee6137036e0367b1c5a89bb514f3eb1,1
0x6aaaffb9e8f2bfe66371ef2c073c1d82057a5ea3,33
0x6aab0e2fdebd430fd6020e467b1b46ffe56843c6,10
0x6aab115398b7bf49c99e61a1bf016f1d092ba550,56
0x6aab1340895912f391a0a023c8c4c98469ffc913,85
0x6aab14e705bf274577e1cc8675183de8f8274be2,10
0x6aab1e9046493d75e29f0567696bdebf99b52aa6,25
0x6aab208ad6c296bc1ce6940706f285cce19a00f6,3
0x6aab23051dcb66f4c005ab63ac6c51a47bfa3698,44
0x6aab2adcd84d4f93db9daf9e0a08b28ac0179876,26
0x6aab2b4eb7465c0a22663dd383a8f3ee9e96f6af,44
0x6aab2bb2bbd215c4db595840390d44178f6609d9,1
0x6aab2f89a0d896aa436bccb06b5786d4399b51de,51
0x6aab319f36c0c4d1acfce04508f9871ae7a1cdf2,1
0x6aab38fa455513bbf22a482d7a8ea88ea5843643,1
0x6aab3a5d61c8e2b6b0f1b6701dfd7477b0b13a3f,5
0x6aab3aea7cd26fcab7c369a47f08884b7d6a9503,1
0x6aab3bba0b091365e50893c7007f0bc17a081afa,67
0x6aab3e1000c206ec0468e18f0accb65a08755c24,26
0x6aab3fa90e9c0b06478708ca9936d301003d2a82,1
0x6aab425387a431e9707117c52f738ebd1924e6f2,2
0x6aab4398aab64c43420eeec489345ecf11161a90,7
0x6aab496f27400e544d0602df5d6012499ba842e1,4
0x6aab4aae54d1a4ec4b55e8765656fe8f7d8c300e,1
0x6aab4fdbd35810b7e85836094bad72f58ac3b4c3,2
0x6aab530740d5a71b32b9d521ec643d9750f1c72c8b9d6781795bb2588c4c5d44,4
0x6aab548b7d3ca94da670803344f017535a590d7f,26
0x6aab54ea3f99e905ee9596cb1b9b72e222c525dd,1
0x6aab5827df3eb43866ae8cdf5feccfcccb6ba0f3,1
0x6aab5d480fe1e9140e651f96832713683812dd31,31
0x6aab5ee66ffd2ac40d0998cacb81b37775c5b19f,1
0x6aab67f528b6c3dffe3c3b120e2f7e9b2822a8a2,2
0x6aab690189302952c409824545b40d8307675d31,3
0x6aab6a2ad98ae10d322b5a9a0ef2ba807a7efb9ee238ce23ad0095941530ab4f,1
0x6aab6b16dd375f63a862dc22996d286d8bab323b2d4acc2ab438518fa5adfa3b,1
0x6aab6cbf9553e778d3aa0f637d1fc0b9375affcb,2
0x6aab6f365610b8fc9772bfa71af38c19d3eafb92,8
0x6aab6fb562d9a3c3ec620b7a3cbbbb48fa30567b,31
0x6aab713b5b47ee17673ff83dd8edf5ecf7e4eb15,36
0x6aab7710a04ca375cc5bfa8ea16f9c7566055fc9,5
0x6aab7a850ae18a04ff8c277ceb37ab67c6061890,1
0x6aab7c31e9621fc95829406d746ba0c78bc3f279,702
0x6aab7c34fd841cf963709e4f858710e5130c6c35,50
0x6aab7e436e9184b784e6a4edfa54216b1877c5c0,2
0x6aab7f8d2b9182b008c730b36a2ec607c38b6317,17
0x6aab84b9679f04262e61729cb1855c814b222f9690b2490c6684462e57a6393c,1
0x6aab86468889291b03fa76dcf4c631e1caa4deec,4
0x6aab8ba95f511329c6a8883e0c85139a63953d9a,1
0x6aab8e2396a4f1c475192d60b7fc88bc5908560d0d326440378f3ef649f1fadb,2
0x6aab9078d0dffb2215615e981df278a8ec2dbc84,44
0x6aab90eb0fef46c09fe7cd1e5f636389f108a194,23
0x6aab96b689ebf0eda8b1e0c7a748e5100f9d357e,6
0x6aab971de95b36f274030fee4753d77f036f41e8,18
0x6aab9b6f4b846d874ed8a6450118aaacc9fd0b2bbfb750b3f9844b2149e08dd0,3
0x6aab9c3f81e8dd3ed26d83516876e6017a4f41da,32
0x6aab9f48b778252e7fd6439bd4dbb83197d085a9,23
0x6aaba34a3bdb1a6edbed217fec9f514e4982b339,23
0x6aaba3f4b6ae5e8161756109e5e5a3336a5a30bb5e57de5cc929a9dabe40b3d1,8
0x6aaba5abf73ed963a75bb261401fb3e40b48c928,25
0x6aaba6614ccb05d28ab4e515e8ce658432b7dd84,17
0x6aabba05b42d4b6b1bed320db8118772bb24b1d9,27
0x6aabbab2eb66f9cb68682d6e3895e5d1839cc279,1
0x6aabbb22b00bb74edee4f17fe7c306488c8403ca,18
0x6aabbc8d71ae3d11b4d459b3c11456492379fecc,3
0x6aabc036a11c9132b8024ea62c4ccd6c3cc7f335,32
0x6aabc8d32d50815ba7b4ac49278f8119ed9fcd27,1
0x6aabc99de24a64d986c573ed9bca12bb8d5a8d26,38
0x6aabcaabec16399f3bdd7bd73856874687253a52,114
0x6aabcc42763f05c1d0c4ec25c1d306b81ad1469c,42
0x6aabcc435cccafe457eb3a21870be6b1cdcc63ec,1
0x6aabcf87d33d6fa1b06a0b4f85c63924d32bf7d7,4
0x6aabd25a5174c3592e13903383eb4155aa338cd5,1
0x6aabd2b41a4757bdff5fed60b58bebc38879d48a,1
0x6aabd355e43b75c6f6dd2b55279620d7c2151644,44
0x6aabd50628b3537dc6352c370c3b98bfb8b028d8,2
0x6aabd546acf1179b1e8cbfe3200e7182106b0f358613a5f8d80a3b218faef804,20
0x6aabd6a259f766c9e259ad8cc340cfc6fa5086fd,1
0x6aabd6fe40ad44a9906a1127833cbd6325fdf1d9,1
0x6aabdbe1f90ed9c56a7f5ffbda120cde0c0031dd,46
0x6aabdd3edef3e72ca01cd6d7ba56ccca8dada168,26
0x6aabe0e60dc2eb4d026fa6bf7cece0b1e9a1c660,25
0x6aabe20cf6446e839b2b271fcf125207bfee2cdf5a6696aec37657bb98e1d4b1,1
0x6aabe497de861bb7868d2a6df32ba4c71d3d4ada,1
0x6aabec773f522305d91e8e675b96d8cc4d53b946,8
0x6aabefc27f7be34bc7839c989d875c0d1192b800,76
0x6aabf19eb8dfbefa90c26f4975d64de9ca93fa54ab9953b5c87fbebc764e20a0,6
0x6aabf833148b5ceaadecf1e2dfa5671b6181ef18,53
0x6aabfccda33ac835e5da7621376eecca671aef47,1
0x6aabfe9e5841df7a4bd6da3071367b025917c80429a31c08e5705b38583c96a1,1
0x6aac0024efcaff6d1d80c77693157f7505b8d9a6,2
0x6aac0459264babbacf3b8e0438acb7d354e2a6ae,2
0x6aac0605d2bcd87199464ad9614dd6466e55eff1,51
0x6aac0617cad11920071cd022ee19c10e87aea4dc,1
0x6aac092572a41e6de4674e098a7c60ac33b1b1cb,27
0x6aac13b0d17563b3bcd60e75c74f950e31b3bb95,25
0x6aac1a4c93a0356cb94110390bbbb2a2dad8a898,30
0x6aac26473fe63a69f6ba402426799fd160d62a05,6
0x6aac28185d39bc1a04a473994adb998f2262ef83,6
0x6aac2b3140ee8b92c654ac1ed5d7dcca1522d68cbe45ae7f7b672166a6e2c999,1
0x6aac2c26586aaa557a6b17a8cbc9a5fed53cc275,12
0x6aac2cfc092bc84418cc25c04a6a5477ad53bd86,23
0x6aac3494a5574e3c37d38cb8bd212a8901de8cbc,19
0x6aac380b14dc4f85871af2a52ca615a3936a78fb,1
0x6aac3e63a9cec2b22ded660584cf63feb901dd96,32
0x6aac3fef9c62ee56aba6c4d45b778ee95334b0bf,1
0x6aac4a5a8e8b5946474072a18dfa5acae2b940c0,4
0x6aac4b71de983c72b3d93a3a31ceaacae73c8638,4
0x6aac4ce5220796e05fb4a9d795e42f4375547ebc,6
0x6aac4d2ea37cba8a453edde59d5f7e40b0c61a87,60
0x6aac4e29d76787a86c62d390b7cb23dda02e1fd0,71
0x6aac5195f0af42b58ab7645f6da854b8d320cb8a,15
0x6aac51b15a59326aa6a6188e6cc2ff70edd3d7539d974c7c81679fc8606c157f,1
0x6aac52baf878d52d65117bd16c21d89f09bdd667,14
0x6aac581bf82386c377ec8ef2829589575722a52b,43
0x6aac5c1c4d93d5a92bd8f2d7fae4a524157908f9,3
0x6aac5ce58cc0b0cdda52fedd1e014615a7d0786d,1
0x6aac5f4690cb33bcd13058eda25333d062c46cd923dcb69697e0df1fa0b21b5f,2
0x6aac5fcb254e29a4e4b0337bacf6d7652ef07c7a,1
0x6aac60525b2c00bfb361e7b0af111531f4eb0429,61
0x6aac6083fbbb0f6ed9665de101e5cff16e42a388f751879241d58789da964a00,2
0x6aac60bfb3413637bb5af09ded82f7f94a053c3d,9
0x6aac65351fd7f80e6142c3c7a0240416e3b94cc1,45
0x6aac662d6a9d593cb9875871aa4b417d980a9d93,1
0x6aac6c29c47b6a155e7321b69928723aee369613,45
0x6aac6cf20a6369a77a5713a178822a7b4c5328a0,1
0x6aac72059141c349a20ddd742865b5b0f6f3ed9a2e5687c8a28db327baa30799,61
0x6aac7207b9aa80fe99862c47067854a3e322ee39,6
0x6aac7c91e3625afdff5a197355e09d70c693608e,1
0x6aac806545bde1aec1133e574b2075e2066eb65911482cbddea0af5dd650d2fe,1
0x6aac8c06a2a6a67d7e93d4c24d364a077f9117c8,3
0x6aac8ff70b8e4638af8ddf4307a90c455c905b02,35
0x6aac929864484a934d25f6de2ef5a2f472279a02,47
0x6aac9e174b50f56f0424258e793e4ef7525d1428,2
0x6aaca0a547a53d05f4042c6a9d42c4c5bfa86b46,3
0x6aacaad3c6a47391bca95071c235c49716b7d865,10
0x6aacac572b36aa84a0f8d3157611e9acee1808aa,1
0x6aacae7bdfd8b06762017d502b11f976f2f56222,25
0x6aacaf2320e7587aca28ce6b8bf10c096e3b458da54877e1db2ba8e9b29d0f30,1
0x6aacaf389918c355f09f429d2338b2a3991acda2,7
0x6aacaf3f97802671e0c2fe4eb14fb65bcf15a86a,31
0x6aacaf840767bf32ab28bedad8d683336036887a,1
0x6aacb518ed16abe3dd0a140ea3426d4b661f6384,1
0x6aacb8fefda31e2c1dc8d541f5b5361f5f294029,79
0x6aacbbb22e3f601b50bb184225d31ed30492be63,1
0x6aacbfb80c8c72df0ecaab0a567bf9dbb393775d,2
0x6aacc116e0108bdcf2a8ebb082e917344aa9c420,2
0x6aacc136abd9204ea99098cfb72f19810f168940,1
0x6aacc3bd194ed0b66698102b42fd90c757f625ea,26
0x6aacc98254c712974d84296a1436e66377877c33,1
0x6aacc9bc89007c4195c830cd233468b94ba31f6b,1
0x6aacca331b08c3c1c73c0d07ad670ff341253a90,1
0x6aacd50c0785aa4f78b42e7d22c0d8f7b9976192,1
0x6aacddf9c7eda0c4d33be5b37f86eb9e91aac492,20
0x6aace09b6d7ce67416d4867750725b88cee48028,97
0x6aace1b56634c207d3ee22042d02da9f07f71e25979a89bfa97a063c51537b2c,3
0x6aace836a41cdf218db2be77fcb674c3eeb60a6e,16
0x6aace867267f1b63f50388060c798bd1faa4dc40,6
0x6aacec8ba812aa60723233359eb82d62718a7097219c0df7c113d5d3ce74cf7f,1
0x6aacec9943ae88a52d3b2d7361ce997f3afa606092011e84814f6038ca39c2c,1
0x6aacecc749ca06436940e1f3bad1c1359fad0cca,62
0x6aacee4ae427b54c3830a30dd58a8c3cccfc40a7,10
0x6aacee590fdbef2880c20866555c3ee8e17ff7d3e48229584bcbd5b5d8b500b7,2
0x6aacee75cfa85ff37293d4d3b220f6bb91bebee7,1
0x6aaceeadc593da177a1390c011b92fd415c98bd8,60
0x6aacef21171f23937c29d11074b58ce588d4fbd2,12
0x6aacf3221b1e58e505935028a8bac69bdebb4a07,1
0x6aacf406fbb0982dfea345e1215c2110f1593fe7,48
0x6aacf540aa127177c38c0d7f13c38d030c377ba894bd6a249aba15f534331fa4,3
0x6aacf570c0613b79620eb4fe4a8462aa0370fc9a,21
0x6aacf9fa8e756a981ce1cb55df95aa57aaf63671,90
0x6aacfb169018d798fad5c5e93e3abb575bf81f4a,43
0x6aacfeb0f9f9c4064acdafcf8786110eff06936f,23
0x6aacffd439402725847aab4648447e491a91314f,1
0x6aad03b539bce6d92530677ab2f5b879856e3b01,161
0x6aad03e30ef25dcd66c3be92a03a92b065834ffd,84
0x6aad04633dfe8b805fc961e6de461e7b74bf8ada62eb40c1772ed2d240258a84,2
0x6aad07f1bb351bb9eea4ac7d46a4cf7f5d8d3d0f,51
0x6aad09cb8615665f211deb6ea1d29320334677ed,105
0x6aad1237e5d76fbe2ada201c458e16270da85452,57
0x6aad12b28241c177d37e9cd28161ea0ccd9b0326,26
0x6aad14bea7608162f66e5b96296f280da92f207f,67
0x6aad15624eca89c63f9f68c1744eb088af51e87f,6
0x6aad15bf7026186e907fe007f6c6b72777aafd2c,1
0x6aad1758126a3f3aaedb108e71c8bb887fe54df27338af6dddf96be3a2c6151,7
0x6aad2602ebddf063ec8290e84155966ddaa590592c010fb20ea5c22e299a621,1
0x6aad280a1f0f97971b92f248ec0ba9b8c664b43505a0002e1c89e955aea1b7a8,1
0x6aad2f526800ca622a32c9c289ceb4ce584ab1d366243ba2ea4403a2346dbea7,1
0x6aad304d265743b4e5b523ea2484af5b5bd630f5,1
0x6aad310344ecc72f67be880d0ad5a495b504a5f0,25
0x6aad32a776930586155a8c1e26e0412e76fc201b,14
0x6aad35107bd47671d377cd5f5f02d2b48e1fab43,36
0x6aad37dbdbe707105e6a1435aaa0d4606a812aec,2
0x6aad38cc58746191fca21cf226f4831f82dfa21c,32
0x6aad41ae35358e699d8bdadae2ccb25cef60086a,28
0x6aad4485b167b03390fbd52d8261f722242cb0c0,34
0x6aad448f2834d4999a5f62decccd2870ce570ac696abfa2c599e32d051f30d21,1
0x6aad449ecbc3797747293fc51cc8f65c40e07c79,1
0x6aad47ebc7751abbaf637d9239b1b332ecb4a963797750a191475a8f2e89daff,3
0x6aad498d8605f56bd25047e14b5c5549cbe78c33,3
0x6aad4bfab55c9501a3f525c99e73f5077df95151,22
0x6aad4d6adc310557c85d67f03b1fd430749ca473,39
0x6aad4dae4ef5bfd5ff846f02f8ff6d5aacc9e1c77484410378b2697b1c696401,1
0x6aad58005250eff2b0e9eed2cbf943627f324a0f,39
0x6aad5c76bba405160d8946826b36a482bca6c3fb,51
0x6aad5e07f73d3bd04e649f29c8e952f6e7c15d3d,7
0x6aad5fa1f9b14074a4e02aaa1cd0188ea394dc93,7
0x6aad62abd6980ad556fbaf4e7671b32c68f0e7f2,59
0x6aad66db7617efd6d4a1a4401d5c0d29b1b7088b,4
0x6aad675ecc42bae5275f0d28648902206ad632d0,2
0x6aad6b12e61988fc84855190f7a61d5ad00d6437,43
0x6aad6b4bdb3d10cc7fb3fc4cfc89244957835e2a,8
0x6aad6c9b64d9e3d3501e65774f7ccd03ff194994,7
0x6aad71a80b8c380eedfa34eec42d4c865e26b661,136
0x6aad720a82af4a187b662edb2d985b2ae0ec4619,11
0x6aad731c5a052a3e0b41f579493c672914f87866,6
0x6aad73faef5fdb4674afbb01fc6cc49e838852b4,18
0x6aad74b8dad31b70b3f2538f03202c1d7d172c7f,9
0x6aad7ae73c9299e3d5b0d313a4202b8196191d7a,1
0x6aad7b0842bad1e891e6e81e72e3303007f54178,37
0x6aad7da39cc2535e88be2ef0491d5b7564efcfb0,2
0x6aad7f7c4424abae84d73e14b36ac192f818570a,7
0x6aad803cb553e40bf8d3cf902760e66e9ca99d3ba01ad09110b2dabc358c5e8a,1
0x6aad80da0ce7252d20285d217f439f11d3ebc53d,1
0x6aad814015f52211e769fc21e2d8ce68b75dde82,14
0x6aad84f61c2ca2e93651298f2f14ab46c145a6b6,1
0x6aad85b67e397e859d81405cc989ed15559b0a00,57
0x6aad87599921a98f975653ce07e6acd886ec530345090041502237be731a3b95,2
0x6aad8a01e4c7db40fbbfd65941bfa856c1c3cef9,6
0x6aad8a1e3f220f793bdebab82d03ae9d01cb98b8,1
0x6aad9594ef2c05d43c19c36ae224c4661051f8b0,56
0x6aad977684d60dfa99e3e7b6542482ccced94d48,1
0x6aad9a2f49e8b4683a72ce359caffcae3f39fac3,6
0x6aad9afd4826b6b4f43a98ef4d8f7278d17b1ef5,1
0x6aad9be3c932955c931738df70eee883810e092f09332a218eed775de235e284,1
0x6aad9d0d60777e8ef8468e24d705463d91d5cb45,5
0x6aad9da40aacbf2dd1011d9733d519df49fd3968,102
0x6aad9f9cd091d95d3141c4a4da165e428284cb01,28
0x6aada1f68b29a6e0ef14a0b2b1cca98d7e5bac23,4
0x6aada21b35540dd3948eca5ea58ab76f9606ab21,87
0x6aada2bc0240ee6da1c2ecbbd60e2e969ef31290,45
0x6aada3d705496d20dd36052e542d0d7b8917d788,33
0x6aada4f2ccd3648355459154fca34cca4e2bb99a,9
0x6aada590b3ec2b674e787922bc3a0b996e259225,2
0x6aada8b22c4f7389a44150a0bfdba870f6b10152,1
0x6aada97ce6982d1ffc34057e687abf629d1a0496,1
0x6aadaa1fc2adddf1b2d9a1b8897bf462a007d90c,53
0x6aadaa7168ecdf2c5f399be0fe99cb30b0bbffa5,70
0x6aadaaef819435556571c8de36aff5729085a5de,22
0x6aadac010e7ee8b5605519bfa132fcfc7c26549e,4
0x6aadac9019ff5d386ee3cdf65619b13e787dc4cb,61
0x6aadaf2ab871c2af262be691e40ae2a69e9bb33d,1
0x6aadb0b5637513521115cbccebb62d519cc27dd602c804517cf3c4aa2c8353da,1
0x6aadb0f93d02a4ac18aba216e9c325bcd7fc987223860ed6751db51818fc4dc8,1
0x6aadb1485b1dc0f12996f151857c96f04cfe0580,2
0x6aadb1c06bf0a25f8b9406ab46009d906714cded,38
0x6aadb7a8e8d823903a0d5d714f1c92225b4e280e,9
0x6aadbb2c1064e20fde5d9ba8074bea8be258cb92,2
0x6aadbc6bf9ea8102620b7599003a14a78207053d,72
0x6aadbc80359fc7d4809942f1ad33b22b82200ef0,9
0x6aadbce6b186cd7858024bb24a92cf0c981fc1f3,1
0x6aadbdce7344208ecc3137ec24eea08744a251e4,1
0x6aadc274869f538d437ee47e6f9f0b7cf1da0d6d,17
0x6aadc6e406589135847d3da760489a15d9ddbce5,75
0x6aadc926f7b3f0fc3815b5f2a8c589a19aab5aa18a28fdb951daf25c46fbc797,1
0x6aadc9b57434655d6aa1e20b45ade602c2d26e14,28
0x6aadca2e74c99183a7aa85d37f32a416c8750aa9,1
0x6aadcb846f82c44607abd373a745cc35ae7a33f2,57
0x6aadcd8f94610bb5b91a29e12a372cf2e0d86479,6
0x6aadcdf37af334580996372a916f2bf443731938,58
0x6aadcf914edf69ecf7212bcd1834e87c939a6317,1
0x6aadd98c66acfe96b7a94bb460f1f889d36e9433,31
0x6aaddb3f66fb1ce1d5022bcda9ace4cc0bc093aa,6
0x6aaddd8b69c2d93483a174d96e42c063e3a6babc,66
0x6aaddff87a2ddbed21ad9e2bb3cbb9ff8d6d24edc531fa50239f27fd4f2aac6b,3
0x6aade18a424cb8e3cf4c6f5200c5bdf56f54e7f6,13
0x6aade98e418af395188be6bcc4cd86bde75bc376,1
0x6aade9a26ffa38040973965169d094ea4e17e608,31
0x6aade9ddc6cb526ec52308d8e0265eaea64299b9,1
0x6aadf1a60c8319bacaf47e50ea9381585a980846,47
0x6aadf8878ea632e596e3243ffa61942c8acde947,3
0x6aadf96d3c7b28be7a1f6c23ce5639be03d174a5,36
0x6aadfed6f94ef53f65136fa18b8b0c50616eb3a1,1
0x6aae01be1f8c521b48aff63e5f3bc38f6814b8f2,80
0x6aae02c98dd467ac8234d42f4addeb1e3b2e7c50,102
0x6aae052675b3d0f1a5e59bb996fc08bf39bd9cfe96c6a42a0e2983696addccab,1
0x6aae067c39d637353810471850d3478e3b615dab,19
0x6aae079ec6a20b641938ba7fdf274f7c5bf4e5ae,96
0x6aae08936d6ee926246cbff94d6ed4a0f20fe120,2
0x6aae089e0fd3397bc35ced6b8c021b23b133b265,32
0x6aae0f3269a340e9f41ef3dafeda14e04abc1acd,5
0x6aae10ccda430df8d216ff672d02234b8c8db6c2cf071265235461ec73dcd427,6
0x6aae1269d2e36c0f9dd71f2c6300b600764cddec,43
0x6aae129dcfcb5b3be7d380b6a8104688c5533524,41
0x6aae14ebe281e94c5642d1859e75b2bb2071ee23,9
0x6aae15a4381f5c0de339ffc018a2956aec6f9aa9,1
0x6aae1b151a38b09915fc714e0536953ce99ac081,121
0x6aae1d5014f2aff531759a33918d62e418583a5b,7
0x6aae23680295241dab7e955dc90d413a2e65cab1,1
0x6aae25f5d1f91b8cca43d01d7388aea1436e66a1,17
0x6aae27f471bf879ec8aa6a2e17d5018908036b05,69
0x6aae2849b6317ef60bfbc77c79397b595300f1977a36368719ca7ec71ffa9ab0,1
0x6aae2cfb6da67861f0016c8e8082b9acd47d02a9,1
0x6aae2e3370d9716b1e6ef5d96143b75d14d815bef6a02719f2c86827426bae5c,1
0x6aae30bdde1b82574781379557ccded49e51619e08e222b72d1065791a5f33da,25
0x6aae342a0c763788498f386806c1ae89346b5470086c7c9c759a1957818f9ab5,7
0x6aae3670d3dc4a4c8e1c188f4030e9e0abfdfaed,44
0x6aae37d9f2c654b8cf0ffd2222399f9d344cc6b3,11
0x6aae3ff6c9072f3fe051fa57c8ed868a1c0e109c0316df4c6ee1f5704ac310e2,1
0x6aae4190b47aecf84b51401fcfe24ed3d6fbe951,1
0x6aae4870c196aa3002afdbd08c39068c53981525,103
0x6aae49ce6dab64a592bef777b9bb2eeea62b4ae9,58
0x6aae4c51c92c97a74f5bfd88c13e550fd37a53de,1
0x6aae4dacbdbab7623959498f4876efea5127d191,13
0x6aae506a6f77b1b6b96fb4cb2148e5cc9d16b452,30
0x6aae50fd71071a8970a0fb9fc60badc284efc22e,1
0x6aae51c1c95b66d0116a53960a20e42780e856b4,1
0x6aae5275af4e096cfe79a0c784f8f38205e4f2e2,2
0x6aae54441358d4d6c364b60290fe00edf91caac3,1
0x6aae5528b026e3257f574e04ed087dc064d8f130,24
0x6aae5becf4aebbadf0cf7e6b0f8dd6e06e98b2ea,50
0x6aae5e277e4b91ce9ec1bcb0dc5fd1506cfc5c68,17
0x6aae5ea4ba79b7e52971ed78e0599dde8e15d775,5
0x6aae674a4bc74cc353af1a8ac3d0f2cd55499bd8,1
0x6aae677cb1da5848b68fa7e6c58a6ad6e6811abd,2
0x6aae6becdbef5ac8f707d62633112dabae0397dc,1
0x6aae7201da3af66c9f4e9f60f46d0ae7316c0a6c5ea2e1ed5745a9cf0483b280,10
0x6aae72542441e839385348285906b1a861663a531114d99bee0190551311ee26,4
0x6aae7464cc0177f982ab4189572ae06736973cc3,40
0x6aae750db2c92db98374a891f76c3203eff044ce,18
0x6aae75f1b8b528d8e20f18501263bd3a24cebc522c6d9350bf90a3f5259a74b2,1
0x6aae76457645f3625cde70043663d03ecba2dc63,1
0x6aae7b22693a028ae3df0ffb6dc45a2260eb4dc5,18
0x6aae7b2e55c55fe85c798905d6fa0a38354b6488,68
0x6aae7fbb98e3a2d390c7feac5e16ffdeb56b5758,41
0x6aae806dbb9d860e98b3b225f3625fffe60eefe9,1
0x6aae80f6fdbc37cf56029147b475f75c2ce9e6c5,1
0x6aae834ac988e1532a806a377e260b360874b7b6,2
0x6aae84dbe748300daa8f9253d07daddbd72cf4c3,1
0x6aae862c4b9ee1e49906c64857ab9d07e4217b36,22
0x6aae8699b92484ca695426e7ff1078610408adf3,11
0x6aae888091ddde60ab632b0b37e248ef021686ad,22
0x6aae8a900c6db18aede8a6d1d15d9da8c5f300fe,1
0x6aae8e924654808b57ca4cf17aafdb8810131a68,52
0x6aae964af27f0be312a34baff8574695587b500e,2
0x6aae98e3958d04763a8a692543297ce6c2a543ba90c9bceb3c3d6ea5113d582c,1
0x6aae9c8becb3759185963ebdbfe8a20e8b4fc0f2,2
0x6aae9d022b6c38441ad9450cfa849f61bc747140,11
0x6aae9f49b4e25f9a2f1d31e491f7f7f5b6464bd6,17
0x6aaea03f505d95225b8184c035e917f52dda3705,28
0x6aaea7e18e2d14e771945d5740ee5fc6595cd697,38
0x6aaeafd624c6a2422a868a1faf54b5b8154ab8c2,1
0x6aaeb1dc6e07f1e6cf22b88c3d905a991c8c71c4,2
0x6aaeb54ae45d7ec0c41a5cd658b3a8285bda2fd4,3
0x6aaeb95bd1c7c642f5db129604ac10de4fc05e20,1
0x6aaeb9ef13c5998c176a5902ec3d60dbda390dd1,11
0x6aaebcd96a174db07efdfbb1037370cbf729cfc0,1
0x6aaec0f75b3dcd62d1605fe7a148affbc052004e,13
0x6aaec116072f4753e82f608254b27e4163b25138,31
0x6aaec33e59d28640f8906dc6a5f6b032de7d7bc9,5
0x6aaec3766c0e9826c9d2c077e8336b9de3eb6109dfb2a8d100b1aee6c7089006,1
0x6aaec3b32b34e54b44a4ee2ae79e1b6a3e7704f98a8225367c8623a92e4baa30,3
0x6aaec44b270edf12a19fa1c1de230254e577dbf8,1
0x6aaec5ac1557f14358420efbd4f24d9bd43c16de,32
0x6aaec67adfdb62d994ddb92fdfbeff492ae7911a,2
0x6aaec78197debf1fd0f9067d71ce52cccd589164,2
0x6aaec845d9aabeb945f34b00547b1ac646c68ee3,43
0x6aaeca3a65e9208bacbc5d1ffa5628b4d48bbeadd68097bfde0ea26e4207b496,1
0x6aaecd9866910e164006f910de1df81cb969c79b,736
0x6aaecf50a2000f2df51d3304e22d3d1d430209e9,9
0x6aaed011673a9671adc10a094e9cb4a899d7b84a,17
0x6aaed9a579b58fe61f44cd827600c35b30809764,29
0x6aaed9aad42cb404b6d66d0b8b6d4324f845f5cf,99
0x6aaeda877a21fc2ad3a811a018b1960ff7dd3be0,1
0x6aaedd2aa4275ef7e654f112669e99c0ab582232,10
0x6aaede7648bce38ed46c26c9bdab2a8d01c6d654,13
0x6aaedeb1d9b88b0c0380af0675d913ff43212355,46
0x6aaee4180bd4a4e0d1c7ce90cad73047c2bb7c36,64
0x6aaee59bb0bfa2f9d3ef2b82183f7854690f6297b6ebdf1c46adfb97a2171862,1
0x6aaeeca53e7f99a81b42d0eea6a79c0345f27e64,42
0x6aaeef4bbd49ee556898367db54a66a2697e4296,1
0x6aaef12b3c55b78285abdadb5b68c92a402a5af5,1
0x6aaef3440e0ffc66ca021dc724d533f68320cc84,3
0x6aaef5ff22705a410d0ad1d7aaacb67b5fa8a0ad,1
0x6aaefa345ce0041e903139973030fb0879854c9e3af6ebe31845b11f9fde6292,1
0x6aaefbe8564aa2719139bb7a4335f94a380c6476,5
0x6aaf01693d8d77d6aa63220d8f1f728dc2491c4086c92812644b527860cb6e5,1
0x6aaf047f8b544f48e7b632af9b258c5937c017b9,1
0x6aaf0748d7a58c75fe66a3ccb6a8aeb52636e820,25
0x6aaf0da3be656488d31cc0002c0a9ba8af305288,3
0x6aaf0e52f4bd5d8c41eedd79dbb3da3d0a2fa24e,149
0x6aaf0fa6a3b216d96b34c42845cbf70858886225,35
0x6aaf135ce079a8eff8e455619bdca26f8dab7d1ad63ee1281ac30ac00cdc40c1,1
0x6aaf145813b56358aaf0896ab946a480cb11a165,31
0x6aaf186c1a8d888275bf94aca52fc2c8ff735249,1
0x6aaf1e3d992be147719c520c8790bf7416b25883,4
0x6aaf220d892e76a114e510f37230487ffd08ef54,1
0x6aaf22fccc0b09f760db50183b9f9065e4cd181837f35c2168841f32ea7d32cf,2
0x6aaf2576b6ff4fa5633039038aecb9e262cff9e0,1
0x6aaf2641393f247ad5700f62f02139438b897a11,79
0x6aaf2830a08a366ce12fc5b77025022606bae7a5e90041ae98dff02a7d5f3d2d,4
0x6aaf34bff5800667a96314b30aaa0d953433dfc0,20
0x6aaf38274063233044095f27392bcd41af3921f7,23
0x6aaf3c8150702b79b028d7b2339438b7bfd6bf91ab0e440d715aab1f24e0f275,1
0x6aaf3fae56674d3e1fc4ed4d9c2e55d312be4181,1
0x6aaf420a60fd9464665ca87ef6518eda32dc5fb7,5
0x6aaf42c475676b893aa7d011195060fde87ef74d,1
0x6aaf48f4a23487a08ac5f56cbdb7d2b8ab38ea0f,34
0x6aaf4c195e3f4bffa16b6b52327800852bb8df5b56dc7d35f18a5313d19687bc,2
0x6aaf530e40636d784694951d45273e34f92d526e,2
0x6aaf564c61420ee6aa801325aba6db1fa7e27f54145039df26ec53278d3edaca,1
0x6aaf568068d8998a04128c6d27eb3966780417ae,43
0x6aaf585057d1db253d45037a991b4a11c060b53075c8617255f071ac2a08048a,1
0x6aaf59545bf1a250087c8ff743e464a7d7e1dec1,1
0x6aaf59bfd9ea1efcb92e6405c6a55d332d3cb2c0,1
0x6aaf59c0f819a2e471726e2eced56c8b245f8393,67
0x6aaf59dfb81fdfedb03c2be3dbdaf47ad4e6e81e23157fcfc4d78ff027bcad5a,1
0x6aaf5ecd83a8a4f72d9cb86ff34dd072479f56f959848364102ab8ee92f1f8a8,1
0x6aaf5ef5df8eae8fd9af77b1cba2579b9d0dc9fa,19
0x6aaf66fe96786dd3103dd8c02423e13a102a77ba,1
0x6aaf68101b071141e438373499ca74f5b51d1332,8
0x6aaf68f501b8a5a354a369462c520df508c32987,1
0x6aaf6a6c791cdda1ebcae23f5e7d052e16562c48,2
0x6aaf6b023edea60004e43a2c3570b67d1c286e83,3
0x6aaf6de58ed495258d193167ff1640d56f896ee3,37
0x6aaf70fc966703a771dc0337c1158a818f8fd22dc1338c9be5559b9a9ece4502,1
0x6aaf7192153be204495d7b2ce3737601940ea8cd,234
0x6aaf724975b8718a5a18fb1cbd677cbdb8406456,5
0x6aaf73f42555f6c9a7b4086a676ffb26e6289ea1,86
0x6aaf77e1ebb5ef9c2d02a1f99f0f1cfa31ff04db,11
0x6aaf7c21316f5f40ce6468cf3965205758cb112f,1
0x6aaf7d33145e2f1fa8181a053fb9b23a97470c29,1
0x6aaf7fa7a00bf304a5c49d44355995229214c356,4
0x6aaf7fef40d82e0ed4c7a736ef4a9cf78b9c75c0,4
0x6aaf8152e2534666a6c9553272b9a20311df05c6,1
0x6aaf830edafb5e14459e327e42c4099630fcf89663b2a05c6ece95d9bbf73850,1
0x6aaf8396a82d63b9b64c30bac0e3b1f610761fc1,108
0x6aaf85a1f94710ad77730ff34af94026fa60aceb,43
0x6aaf882ec4da0ce2f0a8eac4f8a31e6ce741ede8,1
0x6aaf8ab653bc158e0773734a343b8c1846a5135c,2
0x6aaf8bcdccc41dad04513273a70344896eea7deb,68
0x6aaf8e25a96dae0f768f0fab72929d600cceb67c,18
0x6aaf90e7f8fc876d7a73d2e16250e1a233222222,13
0x6aaf90ef9b34df9e9abfdd4c0055e43b3e5f27a4,3
0x6aaf92b168d72137c45b3b23a42a974165ccd8ea50c76609fb382952c5de8fce,1
0x6aaf94a82cb824148a3d9ef2738a3d2288d998b9,2
0x6aaf975cd943f095646221c891f188f3306406a1,25
0x6aaf9d3beb48b2c64ec45809089cade8bc42468d,1
0x6aafa106292216bfac8344fff91ce1d7a5488580,6
0x6aafa2880c53c6b7b423d44574c378d18b1edb05ad3b87772f69ab01e95d68d5,1
0x6aafa4eca0beacf62919a3be041bd0c08a51b0ae,10
0x6aafa6af2e1aa3cef9a37ffa15575a395ac0b578268b7d637df656932f4a1aad,1
0x6aafa7afaf803bdeb1b1f676cad42aa0e5c85548,3
0x6aafab1a4e48405e7c090776f627a7ab9cb064dd555f95f367afb7cf935bb2a7,1
0x6aafb16bba64cafd2c675bf084810466810920fc,3
0x6aafb3d5daf50e531592f57d1953c624d3c198bd70dec75a84c0db8fc3a389ed,1
0x6aafba96208ebfd30702e24d53a0f4958310f984,23
0x6aafbb7a869ba27175fff5fbc22c1e45121376b68d090531d488ce7f38bd9add,1
0x6aafbe590cea24d908d2e48f0bc9a857945d5c24,95
0x6aafbf952d4ca4c721f671af97f438eab193b766,1
0x6aafc0c7d266a833a2041a3d68f6018461529d20,1
0x6aafc849ab93132c9079bb0f438a95abcde479b7,6
0x6aafca0e0188ac2e65d727293521aa3cccdbc663,92
0x6aafd7023483b019dad1f4c4491cadf2eed676010127790e3058a3d4a912a60e,3
0x6aafd93fe0b7aa0b55a3aa437dee4578ab1174e5,18
0x6aafe02e51bf1b8757ad163100e31c63c9969c3f,3
0x6aafe08491a921b7bd4383d2f226192516c37395,96
0x6aafe20811025cbd9f5cc7dca10606a715c6e974,10
0x6aafe234eef2ee121e765d336f22b4c0c7b7d5f4,17
0x6aafe357868bde2a52f33292466a1e9bc924d2d2,1
0x6aafeb5b1de88a4ba3e763019814d1ad38f7042e,73
0x6aafec015ef0cd32d530c07078ab3a1a0136fdd2,91
0x6aafedc9716491cb85c0cdabf4a453e7300851cd,2
0x6aafeeaee2ef968e9ef11cd948d933885de5232d,18
0x6aaff3ef4822082e46c7f48f948b0051746d98a5,1
0x6aaffbfa91a2a53a4818848e2143cd0650553b9e,11
0x6aaffd184b1a95029953e50e0d6ccc25dac54c28,16
0x6ab00021ef1b71004c3d7f1ad1ad76e29a76e711,90
0x6ab00461f943a4b2ed0343e863310fa0e3173519,1
0x6ab00532dc4cd11a6284f205807475690263c5b9,1
0x6ab0059745d30d46389ca362ab578d4e4f9d7c3a,24
0x6ab0089b3559c57c323ddc5428587fe57924bab6,1
0x6ab00f282223bcf9106957c6a93488172c88068b2781e5dd4160a712023d397a,1
0x6ab010a5615024737ff3f07e81d10d67daa2add0,1
0x6ab010b796af1b47642e8cbe5ac493303bc0c4091093527f34e5543475f8dbc7,105
0x6ab016f5bfc9658044d29737c1d91b5006dd93d155b4edc402f327f9f09c83e9,1
0x6ab01881f05230b725c7614bdb6021f5391b47af,70
0x6ab019ca75e7d7eeaa3e1da4a42fe863f5e642d4,66
0x6ab0220711a46dda0b2e26c98b20fa213f6cb381,55
0x6ab022bb854b892f011a4daff6af377d824f0086,5
0x6ab023041e6240a50b7cca4ab8f68e5e603d8b45,18
0x6ab0237f5039523be2b8a2d928c523ecdfbd85e6,3
0x6ab026779e02b05cb5ab61c73394e13b0f43ba79,1
0x6ab028b153609ed7d0db137c5826a370ba651410,20
0x6ab02c1c8dc65ae8088efc2f8776ba3cea1a75a4,80
0x6ab02d289672ab3c40562ec9f84f5114c421f83f,2
0x6ab030155141178a4596b63479751e644d286f48,9
0x6ab0351687bb37817901155950ae27fea26bcd44,21
0x6ab0351792a3ff073d132bfe15eef5e04dc13f10,54
0x6ab039cb267d796ced872dd144a69d122847c25a,2
0x6ab03ac3e142a28d04b85d5886560440ce4a999d,2
0x6ab03b63a5f3a4e0e3d31e8c0da196a5f36c8057,22
0x6ab03c6bf4cf816f5d2e1f756f92ef3f50a2b2fe,3
0x6ab04095b96ff2531ba31c718484629512d34444,21
0x6ab041732ca799f71f115c4dfc15f117bcc25d2587cae1d70d489d261f4ae040,3
0x6ab0423c47f84fa8586d3edbbdcdc0df2e4fb99f,32
0x6ab0431a4ec5e35577c49e2a3957a65d38af7dfa,2
0x6ab0434abd46be2e9ba102af9c3990ef9ab49121,1
0x6ab0450b66d5159f7f58b49115efc49984c54a9956eb6c79f4d26584cc68b05f,1
0x6ab0450ed2b86fbefa850e5d78561a1d0791d72c,43
0x6ab0451d97402cc01f0a4c9f379df921ae8577d4,82
0x6ab04c2224cad8ba70b79cde28f9431feb2e8dc6,40
0x6ab0519afe31ab3353aa3532da1adaa8e4f1ee0e,1
0x6ab0560370c2a72e02ec730515f2c619f03aa29e,1
0x6ab0576c39dbe57a5fa1e8f738967e78d21aa57d,67
0x6ab05a25ae8dfb4162c53a7cb4771e50ccd7058cc6c8c8a010979b539d28081a,7
0x6ab05b6025ff2aec984a0946b140268eb70df4c4,8
0x6ab0646a7a55fb569e4da6b9305d9061ac4027e1,9
0x6ab065bbbc8ece53a618bc3eec8f30491a3b7a52,63
0x6ab06719c6e0d232dd7394507dedec1303da1781,24
0x6ab06c70c3b9cecd23ca6f8d4f865bd43f110547,10
0x6ab06d4f1562d4c48ff7806a50238c03055be09c,28
0x6ab0704c1a15bafa359fde1fcf114c3506b789d4,8
0x6ab074db063e90fd3efb383afd9ee517cb3acfdf,46
0x6ab07a032f9619d74a6ab2f0fce2e908e874daea,6
0x6ab07c87e514b007e4cd44b8c6699c838fc9131b,109
0x6ab07dce5a33ae2423fe099dd1b67620b217eb4a,2
0x6ab07ddaa01549e540c8f71b6785f701caefccd6,11
0x6ab08019b5f011fdc4fa95a5bb692ac9c1ba32e74b1bcf179f741ee6183cb28e,2
0x6ab0854e9f905fdeb99c644b27f06c1ef8ed5cae,70
0x6ab0861d4316e915815e99c9eb8f8389d77c221f,1
0x6ab086852f5795756ac13a0320efc06b1c99f6759c032eb7f65082427060d83,1
0x6ab08e931c7c522ba55c0d88f1e29665f162b185,57
0x6ab0952dd2cd0f87b978fcba62ff8259cd69404545a2fd02253e837aad3201c3,6
0x6ab099bb80e64de7d519ea6cbc386765e994aa55,1
0x6ab09ad57e4708b6c107f68181a526d80f7e7a8a,24
0x6ab09c43073ede1d1cd6c94aa86e86bffcca400e,1
0x6ab09d0306cfcf923525bb708bd3e199dc136cbd,39
0x6ab09ec2213f17f19d6ff00efa05493f41670d8e,52
0x6ab09f67b4116307cf79d395ce9868a27301567c6b533fa2326d1f3e6ff99bc7,2
0x6ab09f908c50cb064c74c89e27c2a11abb794ffd,17
0x6ab0a8701c8fedc50b2623b7b70530af6ae36244,1
0x6ab0a91f296dc9a09d031962d164839e94085864,43
0x6ab0ad8f5ba458dfaaae733d20ef915188dd1f99,47
0x6ab0adab2797a9b73808b46ea3d22b7dbca5c70e44ae4f8447ebcdb6da0c877e,1
0x6ab0af5bccb105a3b46996b6636c359f7464f12a,126
0x6ab0afee0e3130b8609a5b79bb0d0235f81d3ad6,1
0x6ab0b502e35c1729e11be183ccaaa29e3488a672,1
0x6ab0b76a5dd23c54cabf73f6fd210d9824ca94eb,2
0x6ab0bc7ce15e32fcb45536adb579d2d980ff5522,12
0x6ab0bddd3d5a14743cf13e791f2ab7067923aea1,54
0x6ab0be0827a57af60be99883595dd94837992318,12
0x6ab0be235f4bd5102a5ab02629a0b1513790b4c8,65
0x6ab0c171018c0a5dbbc408b0bbf5b233ae406ca4,5
0x6ab0c36d33a5b2540c0b13468307dfb6d0ec416c,37
0x6ab0c61b568c817065055a567caa718fe7f3219f,2
0x6ab0c63adab95a0fb8be007cff4117a3fd780cd7,3
0x6ab0c6e96abe714c54a6e553fc4423b8a9fd091b,30
0x6ab0c79671938fb1cacf4217876fe126fbd9e112,19
0x6ab0c7e3ea70dd96e1795e0ddca671b98465df67,2
0x6ab0c8a569efee7554cc0a46ad3ee9d46fbfc44d,1
0x6ab0cce30810ce88beddfc1551afe1b2626e0a17,13
0x6ab0cdb87a491c466547a21097b2ba57511fa9e1,37
0x6ab0cdef820e31189fbe20900938ba279ae41eed,12
0x6ab0d34f9db3c62a5dbd9da5ad50af0a7f3ea9dd,21
0x6ab0d35b2af5a86cbf8f8b0b68aa445ca4b79a65,30
0x6ab0d4e317786fa9082ba68a4b8c6c70a8750b08,40
0x6ab0d53094a49094209437889027c5ed0a5d1592,40
0x6ab0d6487e87a9b37d7f9c3dab70c27961102e0d6e3c7bc5730767df361b0685,15
0x6ab0d75ac26cdeee1751672930059d9b682a3c64,1
0x6ab0d7f1367b1fcefc810e4301cb907716ea5469,3
0x6ab0e619475526ff62a44a860018ab8c33cf09af,7
0x6ab0e98dddc62131961e215e2c7cda672d4002a4,28
0x6ab0eb16ccf7a6c16b4c314a3184d60fcbdbb63d,1
0x6ab0f425dcceda2b15b7f5238efb45fcd0b5330f,1
0x6ab0f530e4f3f26d67d958bcb47a1faf3285f626,22
0x6ab0f564a2d7ebc50796710bc1b98d72c42784a5,2
0x6ab0f5b6370bd8a05ebc3844bb094d58c6ed6b97,1
0x6ab0f64f92835d97b8d3d3c2711fa6b9d2b40f9f,43
0x6ab0f6824bab7e1d31398a7bfeaa3dec77d61ae0,21
0x6ab0f73cc1f2b697247115a26debc3d832101e83,102
0x6ab0fe453c1c6556224a7f8b67ff6361efd7fae8,12
0x6ab1036fb9acd4a67caad548fc81ac8eb9a22348d44d54ac7bfd1fdfa0d490e9,9
0x6ab10596012c566495865272dbc573751f9b6e2e3f5975a2056df9aa61f90ddd,1
0x6ab109cbd2d2d4a3cebc301c0f87bf6fb93f0548,109
0x6ab10b05e2b1aa446a07cc1398d0d7775e20e96f,9
0x6ab10d7602b1595b53e14e829f9ab7c358f242744b98d2c826c6db98ef3a296f,4
0x6ab10e03128d80356f2e155393d462b2d656931c,109
0x6ab1162a2b44f4900f94e75780602ee9bea6c1a4,2
0x6ab119a3578c676ba5fbbbe03e5865c6d4eb166b,41
0x6ab11b8612d5785e1954a8daea761d02671af204,1
0x6ab11f1146c23f126dba3ecce2bb69eaa5cba334,59
0x6ab120a958c4ddd1b6e024cfd9fad1f7e8054a72,5
0x6ab1259b21a816a7da1a1a538c2d1422b864e18a,14
0x6ab126e4870ec37e581be3cb70ab547e91640bf2,4
0x6ab12d6b2bc7d8890eb7ebfce13052caa696bd8a989a16aba77eaaeedc6a10ad,2
0x6ab12e43a42c9dd3680e2b11548b0f4f5c474b5a,1
0x6ab12f886d3cba570c251ec3f106d699b516f7d7,30
0x6ab12fcb85254159a45176c8cb80bee21c653fbd376d24a3e914104121932a99,1
0x6ab13262b438b250a9637b4a8c0ce3a625272b5c,40
0x6ab1357dbb6a2ffa8a540ddd0514b19ad9cfe241,1
0x6ab13650d4baa86a847396df39dc9278729784e4a79e977451d312b4d633fee0,1
0x6ab1367515fc5ff96ade745d61a5bdcde8f5c409,1
0x6ab138e2e79c24ff64c015ab80697e9143d26be7,84
0x6ab138f33f73d8c8615bf6d08b12c755f8af062e,25
0x6ab13dcaa2a8590ee81006fe67089517337cb81e,1
0x6ab14158dd108631eb05e777a80fbd16130af7f4,122
0x6ab143637794911168613cc64c33996f81164615,6
0x6ab143f2fb4dc984906aa8d7b902b4d2eebf6559,14
0x6ab1466b59f1861f43bea17cbdcbe80c71009be4,1
0x6ab149b850a82db5972f61ef201a83a33caf09f1,3
0x6ab149f69b458d16e4b83a0eb022ccbea6233af5,1
0x6ab14a8dc09e003f69d3cc96cbff1ebd0cfb2ab4,3
0x6ab14ea4984250ea51afe5a58acb2bfd8e623926,15
0x6ab1571f48dce63614a56a5ee4e30a0a333e77c6,30
0x6ab1574a4f45712cd5d24d85f1bb3a8fd8c35345,52
0x6ab158fa7a5d1dd33f135f61a217239557cef128,102
0x6ab15a3d5be7c5d6cdbff568361ee6220a0f8c25eb268902f8ac376bd0bcde58,1
0x6ab15cb0de1b781ebd8ec27c92149e00c3d32926,30
0x6ab15fa9b1235098331cb3eaadeaeb8d46be4935,1
0x6ab162af72a9a4d9384b95ce7fe7b4b7ddf2d6fd,1
0x6ab1647795835c1c4d26028b2e235b397a1b534a,3
0x6ab16be889755138b27105b18a74b40e0ed355f8,8
0x6ab16c02dd1250a2d7a510b31d9fdbbd4344b7b3,1
0x6ab16c3b703f11b765564e7f4c9880bf6da89320,13
0x6ab17198c364808e19b6699a1a40bbac81151ba4,8
0x6ab173ea943ddaaefe9ab8e4ebf42d6b6faa1f1a,8
0x6ab17416b2fee23ffdb321efe907350644e7b730,1
0x6ab174f37d5835fd4a4904e34766606c100d0c6d,14
0x6ab17656ed826efe3fdcfe3f818bce54b3a87aa4,20
0x6ab17c26bf5f6dad7084edb814ced539eead4267,5
0x6ab17c591c2687bd356d5c8d84c20ee389c28741,3
0x6ab17cfc5bc93d87b0cdbe76f7e2be8a423f33e6a732aaca6ff54b41b12da310,4
0x6ab18011ecd1da78bca327e1a6eb4b5d08d5a79a,89
0x6ab1854ebbd7b469bfcdf4b4d18fb6251d0e37f0,21
0x6ab185933139fdbc3bfea7f94f7e9e1215dc0adf,1
0x6ab186ad7f7c9302ec878ac04fd9390690b23542,10
0x6ab188e967868d7fe0e0c88381430e97facd36d6,3
0x6ab1896a13cf7ba27ea5daef23f56893eb2d9fc3,1
0x6ab18f2f7fb9b20f29ee6e832804ceddb01e7d1e,30
0x6ab18fe768abd18b55e670f5c1a77746ed1fdc4e7c692368b4a6b27ecec15a21,1
0x6ab193768cbe904c2c9333bf65308d3e64d2015d,2
0x6ab19874ffdbd82cd844fd17c159fa9328f48839,13
0x6ab19acd785a0bb77b21fe6117625e446e6e4343,2
0x6ab19e222e94b37fef10a657b6c5ad796c630489,14
0x6ab19f3cd108b983b3974c80140f03b33ddea137,3
0x6ab1a2730ace1089f2dd076a640ed050552c4476,22
0x6ab1a3a60b93de2592a15b2e6395ee33c7b2a9c6,7
0x6ab1a4765e4749859849de614b6e940dff34d7c6,30
0x6ab1a632bf81e48c491be45ff748a19e1f2381046572928e824fc7c17766bfce,7
0x6ab1aa4747bacd28148d8a97e2cd1b79a33781a5,7
0x6ab1ab0978f42f868ed856cd5c2052be92ad669fba8aeaa529d878dc43455fbf,5
0x6ab1ac5c79193579ad7365b1f852c12ef45bd921,100
0x6ab1b3344990692bd8d6e2e30038bd64ad1a0c06,1
0x6ab1b3ef26fed9dfab003451992ff619d2db90ef,169
0x6ab1b6171de561846ca537a5cd2adbe125447c2c,11
0x6ab1b76932cab5283aec74c69e3d1e4a310eb5d2,1
0x6ab1bb2683515502f4861bfdea0edc6f6282ac62,11
0x6ab1bfe4287c886e9faf8d363884ced5c854e0cb,274
0x6ab1c55900fbac4d9e16c8851a1ff00e82b2d19f,3
0x6ab1c93836bf244bac33b58427b21d851d2628bc,39
0x6ab1caa00cce726acf6814306ed457673ac36720,34
0x6ab1cdd54adb6c28d535eed5eee4ebf655c6b351,4
0x6ab1d0f513a5ca809e42c101ade860e489d637e9,2
0x6ab1d15792b82b1183381bd47291edfcdcfe57ad,2
0x6ab1d22d1134d562cd882b742aa5d913799ea0b6,57
0x6ab1d270d7f64e2894dd1d643cb3f15c40252f23,27
0x6ab1d3123a2426d6e31a6bb5a02e7b9018981422,18
0x6ab1d46536c8e2735ed00fa07721163f7d569582,33
0x6ab1d5d765f06b06952e38d5a9104136d586e391,55
0x6ab1d7d3151364d9639e6534952913a91ea7dc05,13
0x6ab1d8014cb298671ad1fe63799b1443cb48a7da,3
0x6ab1d97bea0b410d921e9cc8257c8f7985e63430,1
0x6ab1e0151c97004e98ad3d3c8dbecaafa9793dff49cfbd0728f4e40f2f995192,1
0x6ab1e59b444129696648c5f586d19efe8a13e43b,47
0x6ab1e8d76b2daffe42e2bb0d6776a792ff334b79,1
0x6ab1e9f588f5b01b56e8ba5109fc481daaa23c84,10
0x6ab1eb5c7d2dd483de27adde5f8c4b5fd4f89148,11
0x6ab1ee27f8cb129c5287c7d90ed27fb76e163be1,43
0x6ab1eef16504c34a6f8633b79f37f2a072d706af,2
0x6ab1ef400747e6da317764c6dd131b86288742e9,5
0x6ab1f157e9756ba5a738b5df44e25cd605c550e7316784245a01e4be16163797,2
0x6ab1f2224b4175fe1b725831d02815c5966b1aab,5
0x6ab1f3b71a6ce6f9dbd43fe7cb303697a9afd3e4,2
0x6ab1f8be990e76ea53ff841aa0a1ae3eefcc0323,36
0x6ab1fe2a8372e92e1c7f4750055fa3f8ea3d4e2a,4
0x6ab1ff5b0d95551c459fc9909abfda50a6679856,55
0x6ab1ffbd1b092c129cc2da9d0a0abb93a6081f30,1
0x6ab20486f64c35d3fd0a193b8a6ad61b297d7af3,7
0x6ab206995dfd0daad09cc8ba18ddda89fb026573,2
0x6ab208aba75bbd6385cc6c59f5a19760a401c586,1
0x6ab20a12662284f51f032941ab2a6600fb369bbc,1
0x6ab20a3f1a4526aff2d03a7f3655fd574eddafbd,19
0x6ab20bcc606a046c0c57e18ac9d9d64c7da2e1f4,59
0x6ab20beb3f3cc9a0c0a5b9f09773d9df249fa976a736bac9b59f76231e574809,1
0x6ab21830035de3912b8db38b30a42af8b24ba0ae,15
0x6ab218b73442ff11ac91eee791c9b7aaebf3604cfcd0ddc12b6ca19d552634cc,1
0x6ab21a3aeb20344fe041ef25f4a81cf98a435b8a0ea136ec934b6a3f22dd4c28,1
0x6ab21b0c219327e7f235288e139eda85ac9c47b6,172
0x6ab21cc149c5bf3f4f228ac560e8ed1e5271ff7f,1
0x6ab21ea82e770bd42205f7561b5764b68a4931c6,1
0x6ab21f3eead7ee436ccbf24377ff90fcb782380a,1
0x6ab22338f1e0adc0067a50e28ea37814bd7f5b77,1
0x6ab224d71dddce37a1949e1489c3fd7fead66ea2,36
0x6ab2268f794dedc61ed2d17bf9e74e14f1ec96eaa08f126ed8b5ad7114660e04,1
0x6ab228d71b54d1739722e8fb359c7e6894d59d9262240863c30f56cab0ebd8c7,1
0x6ab22e2a7ba8f552155399dce35b46473a649d51c73b6a0bb23b3c04e7d69c5a,1
0x6ab235549e97bfe3e9b3ab9306a349e8b7fa3980,34
0x6ab23d49027f2661f7cb05d4319107374d539c71,1
0x6ab23f03ca504175205f149b983df80b68795f53f66da053e77444e7ea1f7845,3
0x6ab24187696f7e6040c3174798cb95722649a640,2
0x6ab2418b1adc5ce34e3f2195a15710fb0501352f,13
0x6ab24407185a5f74bd174732adac534367a2bcba,66
0x6ab244c0722e5d931e565b6393203dd9073bc367,55
0x6ab24525be4df76ed465895614a6b0c54c0d93ff,19
0x6ab24e7a8840d813426962c9001195f0a79912d9,22
0x6ab24f4269c2aa4c40adf2d2d462d757f4e078e1,1
0x6ab252ce76c39cc1228ddbfbd7ba4846b95813ab,86
0x6ab256e60da63a6d0d4ddc58ceb41bef5af236d8,22
0x6ab25c8ace378ea82c250202ff7161c947efa520,14
0x6ab261326df193fd7e1f1e9b9994c39b4f1301ca,1
0x6ab262aa6a870083dce2d427a52e45a2e1354589,3
0x6ab2665ccc226adc2e1cccd2604c6ae963d807b4,3
0x6ab2748423f1b74c9f47b4c96dafee4c9ecfbd73,4
0x6ab2749ca10338729e877a4bd668a7d711aa33bf,2
0x6ab27ba54a578e8be7487abc72b6a4f6896f50eb,2
0x6ab27d9a127c47f3f6c64c6472fe309332453d3a,19
0x6ab27e8f1a9709126c604e9f456e51433aa83e3b,1
0x6ab284733c62a35f7cc08e4fcfb22ab8f8d04164,54
0x6ab2863ecb692fb84de739a6d748abb50f7fc574c080620ae693877f31633867,1
0x6ab286c016f5f00a363a96a424521f69f9b150e957f14bd0bf0043a77909e879,2
0x6ab288bb38d9eed8feaa69ad8642c435cf8afffc,62
0x6ab289c0077a57c1467904c2b8ff869259d8b96f,12
0x6ab28d37ff2af63a66ae0e93e490432704f88df5d03ab25566dd5a0c3fa0edce,1
0x6ab28deeec0a4900c173cabc3cadf11417ea8f1c,9
0x6ab294f457e0239bdfcb192abd9ba18eb9388743,25
0x6ab29a532d79bfb70e0e66d586d208c6ccb85301,1
0x6ab29c4661a79dddca7ad95e6c1192ca426cf110,4
0x6ab2a02088ca78bc1a930b69c49ff3562f6042f4,10
0x6ab2a92e21c6beb1ac984504ffe9460819ccdd272cbb9f97632b6ee22753412d,1
0x6ab2ac87fee348637ec04bbe7657da8cacebc613,27
0x6ab2af42a05918f6ba8f9ada9dd987dd58bae2c4,65
0x6ab2b360e96554516532a1771295da4cd49c62e0,9
0x6ab2b487f68fa254a7b4938310a8266bbf484ea9,6
0x6ab2b69644060084eae107bdfde5daf6029a9be65259159d85d00063a56f1e38,1
0x6ab2be4e79edacc897270dce031abba5b61797cb,119
0x6ab2c018019b9e07dad249be275f21b866bd3d7c,2
0x6ab2c81dced27b1cb2d1c1ea972a842eba62a999,3
0x6ab2c8c9f3be0a0f0af83cbb9a0ddce3e24bae8d,2
0x6ab2c8cecf5b1c8c3f9aeecd7a5901fbcbe26861,19
0x6ab2ccc06b576d93a44dcb380f2890e340d6e176,5
0x6ab2d50b19d7fd2e1ef992367beffe4e56f46343,8
0x6ab2d5789af8fc628b306d04505de6e5a78ba660,83
0x6ab2d6dbfecc4020abcde0cc5805fc6f9de0c7f8,37
0x6ab2d731af1005f11e159d5b3584ec80a4120c21,2
0x6ab2d9e5a84c1f812a08b3b7c9c4b8418d330901,1
0x6ab2e1267e4cb45114bab913b924d7c7315dc3c2e541d1c271cd5b26a11ac046,1
0x6ab2e1b19e21c38160f53b2b44b789931ee76e0d,21
0x6ab2e1cc00ad26936bf243576a2217f08ea34dcf,1
0x6ab2e246f16e64cfaebd51cceca9ec5cc501685c,67
0x6ab2e901297973c1945e2fd14c042b54ff670908,39
0x6ab2ebca1ac62e65e5f2ec029310dfa44820dbdf,14
0x6ab2ee6a928058f8fb69d7d071eac17156589058,4
0x6ab2efaa34efd1b42c322ce5457382409393b3cd,13
0x6ab2f010668cd242ba411c94e64cd2f090bd297c,14
0x6ab2f101649529867103f651c551b1c07c59e1c26ea698e78003e1f5360250ed,1
0x6ab2f356ff874380c9d110c2e2e96473d7a09971,12
0x6ab2f4c8b54e76b9d813e6e165285af8f9222d25,29
0x6ab2fdb75ae385f4178f693e670e61d271084443,42
0x6ab2fe33f81b7b25e49073b57684898567d081d5,1
0x6ab306072ccb9ecf3af35698d256d657105ac831d9415fca63a2207fde47c1bd,52
0x6ab30613b64dfab5ecdc9d75dc6e9f3ab9e0b429,12
0x6ab30ae252cf5e28a9c11c5d6a45186eb297c0fb,51
0x6ab30b63ddb7c8462c765a6a4057517452aa2fa31928fdfa84e20b31f4987289,2
0x6ab30bebc660f9bb18041ad801c111f3be473654,1
0x6ab30d242dd70b52e9ae196c7a7973436ca51282,1
0x6ab311763e7ea09f41148d455511cef45dbd65e13ad337d73d284eaed6a28b6d,2
0x6ab3127a8a2dd2887206a15bc74fd43f8c632286,1
0x6ab312e3e350bea3ac9a13c8983ba6ebb818e780de60ad5d19d397d7be2534ce,1
0x6ab31837ef435f81e27c1a11ee7a9f24db78d8f9,2
0x6ab32acfb02b24c6b187570b687a3ed18d66f547,3
0x6ab32bb913bd6c13d1ea49ad7c87b1e271eea3eb,1
0x6ab337f4073582126632d780f3278b38c46478af,2
0x6ab3388ec2bcb51428c3f51fcb956e65e5abc9b7,2
0x6ab33b6f6d9e32389c0a1336021009d73921486f,12
0x6ab33ec78660662883b4b7a93dde894a9f030ec6,23
0x6ab344198c007900074641f0a2e020704dad70e8be2fffaab309b3f1bf014898,3
0x6ab34d0d6fa839f6725905d406363e101a52587d,13
0x6ab34f4f7770ddc2a6e7c69386d29c242c25b26f82cc36d50c635d63ef06e179,1
0x6ab3581cf56b9f1ce76765a9900702ab09b5771b,103
0x6ab35b8b67bc7c6b0aafbc83da061769c6c3d9c7f617e01534953be05117c572,4
0x6ab35c1f644bca9367f056934aa56b25c0766904,171
0x6ab35d75ab0d36023641fe21f99339933de52fff,14
0x6ab35e4bc18f6c680c394dd8c4525e9fb8c8125b,4
0x6ab360f7eedd819889df8e93792c0b88abad9671,1
0x6ab36606ecbe2693ca49b4cdd3bc7f78122df4e1,70
0x6ab3680ea01b2afc23a186566441d8d222f32a790be880b93fae9c3b33f2d676,2
0x6ab36837417f488da17f3c937643aa96cd0c0e04,5
0x6ab36cf2da246b691686d0c4f7706bec1b8a3742,2
0x6ab37052e6a39aee82d2fedc8df53fa7e1ddd2d0,41
0x6ab37227c06a50945d54dda33104dcd322feb829,91
0x6ab376a09f7a5ffd1a3d8d4829a6bb5ca0cdc3c2,4
0x6ab377ae4a324ab0d7c565a8695d0455bc4d53d4,16
0x6ab3785d45104728284d4bd142b6fb6f6d8966f4,15
0x6ab37c8b189876043b0324f0d2c00d709438624d,6
0x6ab37db29cc2740ba59c9b15fda6196446e33f12,1
0x6ab37ee075b5acd1946d70fdaaaab81fc3cb9499,12
0x6ab380129f561299168aaa5f7631f546b81c476516fa524b8e8e338324243677,2
0x6ab3803c9ed3174af21566114f760ccca461f74b,1
0x6ab3882d6efc79f6c2fbe0d172a610e303e9686e,1
0x6ab389f47d317eaeebecacdaee665521e08c5f53,18
0x6ab3902c73dca3f793283045f6751740b70a759f,8
0x6ab39499cea35f7406c57d87e79775d5d0e08855,1
0x6ab398355cb630abc6061689711f67c08c985981,5
0x6ab398e77c1f81fb87b1404853743b4e01937861,1
0x6ab39b26cef50f488dc3aea851a32f7adaae5f0b,1
0x6ab39bb116a96bf67d59e89c2dfc7d4d0daf280b,62
0x6ab3a64ceaa63b4fe287144d4ea4cae67faa9442,9
0x6ab3a6a55d35dff656909f246e7e741ac2c8f6ca,2
0x6ab3aaee4f527e3befadf06d6abc77184bd2c39d,1
0x6ab3ab9a99cec448ce78d64b9a91b9805c03c5df,14
0x6ab3ad38e4b7f62b18f052cbf854667cb3393a4a,68
0x6ab3b06d24e2cec48e5e50fc09a4c3394b65da77aad16921058bce0ecb400b44,1
0x6ab3b44f92809f9903ea9c298462df181e7d6c4f,36
0x6ab3b5cdf2d006eac2ef7bd51dfd4d336e34c885,13
0x6ab3b7bf1215fddc6bcdcc84235a2af5a0dd920c,8
0x6ab3ba0b4a073f6af6a7a7469393b61b3cdeac45,1
0x6ab3bdb1c9eea576392bf5e31ee60a2183aa6414,52
0x6ab3bfbba2bbbacd027725fe61d9a215ec6b1601,42
0x6ab3c0d8c8b91e15d4df08c1a1e1eacc93022c22,1
0x6ab3c34afe6459989a4c3433b9c02b645b06d557,41
0x6ab3c4716ce87319715352d37daed0145cadc216,21
0x6ab3c47e57d55c256ea096119524568e7ab6851b,1
0x6ab3c4c2a1a2214cab7756c27aade013d5260bdd,47
0x6ab3c678f302e29dfc99f6b50201a01941f1f0e5,13
0x6ab3c6a0e86cf10b7b0cb592ccac2e3ec8cb95e9,5
0x6ab3c85f181dbad346a5840252b8f24a400fa495,50
0x6ab3c8b2d730f7d06228af548e684a0b6957cc32,4
0x6ab3caf40f44e94c730b2ebb6ad82b06d9dfb01b,17
0x6ab3cbe9b613f47dbfbbc3dbd66535ad3876421e,3
0x6ab3cc188599ddc67500e4dad5f435598bd2f14a,4
0x6ab3ccca118c42fb34da198f203b9e511f677a807de0d8443e6eeb7d7f474cef,1
0x6ab3d0c2f2229b0fb3c53319f62fcc8cee19eb258b9c2d1bb7aefcb8bea1fc8a,1
0x6ab3d2a8510b7aeca1c3fc32ef9b858f8881434f,71
0x6ab3d5468582c0e18362245d36ad623d6794e22c,3
0x6ab3d7658375eca5b3ec8698452a2deba5c84907,3
0x6ab3d91c78880b1b6a90980f75aed6a2bfb7f441,56
0x6ab3de7d1296fdf4cf7f92a86a94d040bd646a97,35
0x6ab3de90aea8046e4876f2e6941b7b877c38b4d6,26
0x6ab3e17db46e7d4b0a6b45a1f13b0bce9545c6cc,5
0x6ab3e26167289976a53fd52edcd04bd05141299c,25
0x6ab3e8644aea4074484608b3935fc1fa21bcd42e,1
0x6ab3e9c6609c33797414c753c0c4f616e52906b9,19
0x6ab3f04fd5c8593371cd05bc44c20c93d835fcc9,35
0x6ab3f0a37c31bfe7a4332b519aebd2b3e0987a3b,39
0x6ab3f50b9bdd21352f1f99d8e4bf1ccb6a571205,8
0x6ab3f6245efbffc616ca18787e09263787460778f3b7c1e2330ab438a5caf22c,1
0x6ab3faecf44173cf45099d5618c7ade4aea42701,50
0x6ab3fb0b2a9ddf9bccd48cbbb0c98805591718ee49450e1025c543810d89afc4,1
0x6ab3fb815a38e06782b060699f7ffab72ea3f574,1
0x6ab4010d371c53beba4b414aa492f1d5970523c6abdfe29829ce37ec3fe25808,1
0x6ab401800ca14f793a0f466630f60fbb712495d1,12
0x6ab406647e72f7ffb1b09d3e41012d700cc101c0,92
0x6ab40a545efc70178fa9873de552b16fba97fbb0,27
0x6ab41377f4024796875ae37533b1a3160146560d,5
0x6ab4154a72166c40d6b580d35b16a07c7c141309,2
0x6ab4179bf3a9be98388923bf58d85f993bc70ac8,1
0x6ab417d3c2d500debbd1ae2dacbd8330effddf6e,3
0x6ab419849aef0ad72482ef50f6a1dd0505307684,1
0x6ab41e053444754921f327196784a9451c2f3169,8
0x6ab41e6a11b8e545e727d7c7429dcf565e499c1c,1
0x6ab421a71dd8e1cbc65629e959a032a6be3fb445,9
0x6ab42344320c704fbbee91d9c7b27a776ac8acc0,13
0x6ab42b7c18c0fa0d0b8d302a0f83cb32f7097dee,32
0x6ab430ac5f9c5c83dbb6be984f86af85f31544cc,2
0x6ab4370ad6e2bd980132a67975b5d58f6e362517,12
0x6ab43773a4c9534144a6801896c20b8a91b7e2cb,21
0x6ab43ad179d274ea8e669164216dc3ae3c0776d1563351a06caca426abf6da44,20
0x6ab43ad2bc336049d0b77746d027d75ddc4bd750,17
0x6ab43e9160a0df796ffab2f741fd6b9091dc3d29,163
0x6ab43f70938bdf94805049ea39aea5199b6e6b66,61
0x6ab441bd12f7de7b7a415c5900f3913a122591d6,42
0x6ab4428ea2c94424644b324f72e1c3c29c0ff4b5,54
0x6ab44820e3aeced925e5993d7c622250d61e4566,1
0x6ab4494cc4b27a89e7d49c568df3dd22db64b362,1
0x6ab44f6615ebcc651f37a1fa602f7c776561e6cc607b7d27dd72782371457935,1
0x6ab4505236dc7f977cfd421862a777994ecdd222,71
0x6ab4548a6618417bf66737034138a46653e367f0,2
0x6ab457246493d22aebbbf2ccaed6c5cbf283c9f7a8eedbcadcc9b5ddd9d2d0c9,9
0x6ab45a0ff7f6e530e6531739b7866e07146f0ca8cd5cca4d169d3ee01bc94393,1
0x6ab45a3ce7a1052af12184857f136b5d60ac1a35,3
0x6ab45abc7c6430f18ea4fc04f653dfec0484281c,59
0x6ab45e223c0e5d350a0c8aee427a5f5871d860f4416fc600a741ef3cb265cc0a,1
0x6ab460119917202fe5c4725a61cfe1f29bcc3820,43
0x6ab461e9f61999b0ed820937854c6d6467e72957,1
0x6ab464525d5bff5238261bb58930a25d26032356,14
0x6ab4662a4093ae24d19a26ccd4c10c1807c6c7ff,1
0x6ab46725bdbbb5bf9c99bd024dbdcf0434719ceb,3
0x6ab46dd4d747df1d0d85714226e02c4120e0f178,1
0x6ab46f29e7eeb7633860bb34d121bcb44d41629a,22
0x6ab46f5f1cc3a12bd5b2364f117a22cf00900ed7,28
0x6ab46f7c0c435a65fd4e28734a1b538d6898c6783246d9380220ad8590a57337,1
0x6ab4773c4fef44ad5a910156329c9b14580aeeda,7
0x6ab4776bd8476a06176e3b0861a28b9e204d39f8,12
0x6ab47da28e856140de59f22987374ab4e4de2690,71
0x6ab482377e0821971528293d6e66cd63a0b7ab31,4
0x6ab4837c079ec466fe63913a53973a1a20ee97bc,2
0x6ab4853dbf4fe7522cd53d0a04841ab0b8a2baf1,10
0x6ab48d3ab04230d4a300dbfac09fc62eaf920f70,1
0x6ab4975004e32fe510b6ff9ed4f77c3f3a16ad37,1
0x6ab49765896664791c9017f639002e73aa1505c8,2
0x6ab498e58c20a44057e6baf5df1119a67ed60f1a,12
0x6ab498faed4bf049bf6a40e6bafd6ecaf7a06a6e,23
0x6ab499c8e2f3cbc9c99034b6e2912149212be770,1
0x6ab49c5929a98957c31c9f0981997551b8b7a214,68
0x6ab49c8569249f477d882f04cabe54816f66c9b3,1
0x6ab4a08b966ed78512e8e5722269aa1c6df6f409,15
0x6ab4a1139b485332ee3fb14890b1916bd517297584449853851acc590953a96b,1
0x6ab4a982f192dabc1b4da4ebbbe26b8e6e2da3ae,182
0x6ab4b0f5cba3af0fca428a2d99863168dbcc7384,2
0x6ab4b19f7924c790f1e96958476b6ed08d8ac1b9,2
0x6ab4ba598d95f08b36f59563c8fcfc342245da5c,73
0x6ab4bd43d474e1e89e264229b32ef5e9d00a8aa6,8
0x6ab4bfb0e26ed10a13ad4787b77e960cb9972a23,1
0x6ab4c19ad1b4c621de28a8b7363f5aaa7a665052,2
0x6ab4c45a9c36a1cac00e86ff726d90574e86948c92b4cf067a18f8d8e0e64d91,2
0x6ab4c52fc86817c8bd707571f069e2eec4a9fb06,17
0x6ab4c532caa644c6dd83602b18847eff6e7c02e0,6
0x6ab4c5449d225af3cfd58dabf22d44117cc8ceda,71
0x6ab4c5ef7a3feaa788812524b6abcdc2757a4014,1
0x6ab4c833823170ae1945e5399b90f000cabeff0a,3
0x6ab4c8b4ae1a62f7783606320ad8f9873b63ccff,40
0x6ab4c8cac14caf33e8f2ea36d72ed7fb29dab229,8
0x6ab4c9110058f44968081d168e9c0151cbbcd7f6,28
0x6ab4c9478b5dbe01e8c8468228469e5352b5c0ce,7
0x6ab4caac027c54240fd87f84c2285c851e41dd8e,4
0x6ab4cd24544bd6f07b1f2949910c694259187240,9
0x6ab4d01654401c966aa3e28a7a3076520b9fd210,5
0x6ab4d0de5b340f1aaf3de1a52e406d6acb12c532,1
0x6ab4d16c3a078b6aabdbdee16197e7afb9f779c9,53
0x6ab4d67c938e7d71d27788321db3eed43d8834d8,3
0x6ab4d8793e5243bcdd5401e1110914d0660e07c2,134
0x6ab4dc1657104e41490f85c227fb3eea5851108e,1
0x6ab4e14df07a11b4aace78dfdeb9542fed2703e1,1
0x6ab4e3104a2b96f8320bf1866399e0871bfe9993,1
0x6ab4e35b9ba2ab5e323f4e4505e678a563875d67,23
0x6ab4e3df01c4ab94461afe0dd7389348040984cd,3
0x6ab4e5a78102541eb081f7271a8cf79f519d71f8,45
0x6ab4ea444e41ea008f608562aae909c1b658676a,29
0x6ab4eb0a478340b41f49be3b955b69f097e102a3,4
0x6ab4ed87dd623b0a05b809c671431f255dbe668f,21
0x6ab4f283ddfabbd68ccb86ba9e5e2cb82c125ce7,7
0x6ab4f48506a62033107385e88a135c38b95cc65d,1
0x6ab4f9fd75044ff563eb90ae78d5bae987e42d30,1
0x6ab4fcc8ba9ef9b6af658de1210e998b41ca4f8e,4
0x6ab4ff873c3d7ecfe4704cb17d1599898bf44063,30
0x6ab4fff6e34e2d8fef73bf9d50ffe6b811474a16,35
0x6ab502dbd6bd3a6f4e16682c2252ebd8d842f6f5,1
0x6ab50c4e9d3cfb1a5f82919f11f931394a6e74ba,75
0x6ab510e8c6f6bc569e47857832575ba3b6016ed2bc8fbd153f75a930c3567bb8,2
0x6ab514c54fa226bfd7f135b650f7b90dd1e049ae,4
0x6ab51620a4dbccec6f20b444eaaa62e66633da88,1
0x6ab51a2442258d3bd5940f1f9d04b2f727204350,75
0x6ab51c81ba9385ee58f9bacf4bdc7a4ba7f26018,4
0x6ab51d8372b2c3cc36e8cdcfe3dd84226a1ceb85,8
0x6ab51f7853c6628fd41f5d125bb6dbdd3e148d4b,51
0x6ab52029cd2c8dcd5d0140f8d050618190a6bfe7,2
0x6ab52408a1a872b57fcfa55e1d48cc4d9aa511ba,21
0x6ab5282aa062b8ecbd64ca1a63818e7e893c7623,10
0x6ab52c0f47dd1028fd28a0b73262290bd54d6c81,1
0x6ab52e86f98c6f0cf270637eaa98d6b175056584,14
0x6ab533115ae47b8379618054e4045643ea72db54,15
0x6ab534e2801a92fb762096db67e60f92a32a6e91,40
0x6ab5351ba684916addfe0ba844d06ca176564669,1
0x6ab537bdbdb6913a4f68df3b16c78c07c0647e2c,1
0x6ab538d9bfff81035db891522337f0e8b7723145,1
0x6ab53905fb089632503f776f3c990a1b8b2b6693,55
0x6ab53b169c831cf9ee825a447bcb51748e322a9c,32
0x6ab53f4df644ca3e5eb387259673a5c4ff1a9664,38
0x6ab540f90b91cd51b33dc3285c09672231c451037247bbab35a981175900b98f,3
0x6ab54216beef59d1d76aa91afd9dcc64f16d07a3,51
0x6ab5435c45e61782c37d0632e0565a0cd8d5cb60,25
0x6ab545d8d2a2f59fed1bb9d551a69896f7c06e09,3
0x6ab54846e7b7c1308de153162c62567dc180e25b,47
0x6ab54d9a1b6724a52237377c921eea8cab0008e6,3
0x6ab54ea633cb38dd1ecef79f9fdf6e704ad9e5a3,3
0x6ab556ae175b98f60a997e67bb8c417306c0fcec,18
0x6ab5635ac557c2463b9075a13a5657ae005e97ce,72
0x6ab567dc323632b4ca8ad1c4fdb1b8fe62af718e,1
0x6ab56835f691c051147c92b3b62727ef3a49538b,1
0x6ab56aa59383eea6009a7406541cd2d98b1163eb,14
0x6ab56fa34d26f674939b2947ea25d8a609765597,27
0x6ab5712d4c5cc4b03bf26900ef0e656e7dc84147,4
0x6ab5723e7a178291b6ca27f1837c668a8cbca38c38aeac3e54cfa9a1badd6590,1
0x6ab57274d0b14445f6740776690c10ff5642814d,43
0x6ab576b3baefee1a637dba72a67838f62275b2e8,2
0x6ab57c8f3decaa070b41a87bdf340e4c1913e94e,6
0x6ab5853a2134fc92189572317094c106af72fcd7,85
0x6ab5861f4a9704cef98a3cd1c39fceb9e433fa9a,1
0x6ab58ab0df25ed4d5302c26cb5e78ccc1d0ef937a852bc0423903fbb495c760d,2
0x6ab58e77f21f5e2c7ed465a0e912d3800c7cb109c46bab95500097c7ba774c3b,2
0x6ab58f2d08afd2012c62d863a713392b1a7aab5c,24
0x6ab59021cf1b60ee627fdf898f6684d6ed247be2,3
0x6ab5921b32cf6174cbf961a3067c8e6008c28d5d,92
0x6ab593f3531a268097d08d67a14053f243b336ba,42
0x6ab59679f36c90c9adb5857023007e93c9b53aa5,1
0x6ab59686a1d50740b0225dda8b334a0a54df1ead,3
0x6ab599d76dacd526125f99c33f88eed4d36f15d4,59
0x6ab59b7583bb281e7402bd7363a6dab370dc385e,2
0x6ab59c40f6d6f00332199b7e1967ea3f0ea2ea124f1a34977a00483449434e1e,2
0x6ab5a029f82e8ad453f63a2691999fc22704aa58,11
0x6ab5a054c8d6ff8d329d08f6d60c74f9afaf720f,1
0x6ab5a2b550f6e25353c2f3fa684748f7a4b19c07c84659107af43122e9ae99d,1
0x6ab5a2e774345d940a078f851f0fdfd5260d826d,22
0x6ab5a38da2a52d4a77296ee774c2f5f0adabc4ec,118
0x6ab5abb599908c535093d1acb0bc06d4642313ef,1
0x6ab5ae4271dc32fba252d0331d5f9740b0036bf380b280687d915830ad306270,1
0x6ab5be5234847f11b9e05d3b8da397fe09ed1a27,69
0x6ab5bfde4590842add47d4635eef7569f11d0ffa,1
0x6ab5c0bada174623cafad6ec15989d66c650d970,43
0x6ab5c583e570025d97ded81e75ccc463f26a3d1e,39
0x6ab5c905786e868b4a7a54b98ae5f10d8a195cef,38
0x6ab5ca503b7e534bb87e8dbddeb327cb58ab3f79,1
0x6ab5cb5458dae458a747fb08fa8fddded9bdfdcb,5
0x6ab5cd30758dfb3ed4b0860ee2ac3c0deb197246de5caf8cba208f22e38a2037,1
0x6ab5d3e5069326ff4601e77c3651f0c216d7e036,1
0x6ab5d3f9307f19b1af69fd89a6376c38bf8b7359,25
0x6ab5d632e46c5087ffc2693f56e26aff8dfb3172b017f8c0bd5619a79c7d51fc,1
0x6ab5dd66809f85cbbac1ebe357226a3c2a96e8ea,6
0x6ab5e00d453680bf97e6ca761d2e64a1fed65302609f3cbd028d169355987d,1
0x6ab5e10e3b4fe9efc3719f42e1ba2805ab9a9b38,1
0x6ab5e128b2cc184d91386c6c055174f925cbecad,1
0x6ab5e34f6136783cce65c7e43e478d30cb03efe1,1
0x6ab5e3d31a738aae875d5fffb28dd16eaf85078d,17
0x6ab5e6503169725eef9537b2541b69433353360e,89
0x6ab5e6d0b00e83250dbec4c4fe4499a423847f6d,26
0x6ab5e94f5fffdf61a776ba2430dcfbcd59e76c55,260
0x6ab5ed5b479dcf6d2944064461b8cb7fd7238ab9e8bf31cb44ca6d29c7ebb78b,1
0x6ab5f4b200f4884ac4907d831790ab785f8f8b01,1
0x6ab5f7497c23da3d65200627c4d998725cf1e8ea7551f161aef092fce2d132f,1
0x6ab5fb87e40092bb4c94d7559850ee0265545ed1,8
0x6ab5fc355f69b6bff2d06bce4abd39a0411bc852,73
0x6ab5fe896712f55125aaf248e847cc9e1823e9bc,9
0x6ab606266c871b410848c83494c6cbb7d98d85f3,41
0x6ab607ece5c269210f421e7b3e07b125d54b3ba1,48
0x6ab60b80edc9b9e75a75420285e227e308b16a63,6
0x6ab60c6afbf9009a30938b4ca824c13c2a4d7d54,17
0x6ab60ce50f63c568eb47bb0720994ba61fe66539,2
0x6ab611411b2703a34c3bf4ff988d02e231ba702c,94
0x6ab614e2aecd4986c04fa7e5ee3bf5003a45fb3c00ee851ebd6516a0b543c4dd,2
0x6ab615cf8decfc488186e54066fc10589c9293a3,5
0x6ab6167cecd977be203549ad1740b441641e3d33b5cdadf30569a4ba2e1f05b3,1
0x6ab6188cfd6db835c9d8b21ff2bee08c95ca8710,4
0x6ab61cc7aadb2ca69ec649acc9666e5729291c03,59
0x6ab623b0268d96517d8a846ea1f347f10dc322c672765adbff682948fc12b57a,6
0x6ab62601b0115d93bfb421d2a6436ab1d3b1a180,38
0x6ab628f257d2fb42b50bfa45a58628152a816a8d,1
0x6ab62bacce8f8bca58f29c743552e421b992f0f7,21
0x6ab63030d679290388d874ffd47f18e145d133f33bc548fd8b51cb2b3d0a0907,1
0x6ab632212a6485c5f58673da750e4dcf576b1ee9,2
0x6ab634737d78b6663233ebeac92c5825a3482c7e,1
0x6ab634f92589913ddcb046f65e53b42dd05fbada,54
0x6ab6361a0c8162f9a53afe4690c3aa5015ec5889,1
0x6ab63663eab373c8597930495665d40b188bdd62,2
0x6ab637276555f61ea55e82554d87bbf32dad634f,42
0x6ab63af666e2a2ffd8723f8c7b642184b2d4017d,43
0x6ab63af9ee6a19c19320e8fd8823e1480d135864,1
0x6ab63d558ac96be86fd52654ced1f02a2d3f13be2a62e46157d30093696ed3b4,1
0x6ab64c806720b2a343b488c55c75890943c49242716c8d354dfca6ab707c456a,4
0x6ab64e3adf54f8006842c52818415a42cd1c71d3,1
0x6ab64f741a2049fd72ea5e510838850d147c25d84faeef17e38d4371931c5165,1
0x6ab6504a73e810d1b24211239a5007c136d88b5e,1
0x6ab657dce8236484602505eee32cda3fb26c713a,1
0x6ab6584055181b2ec1c0753d6ef1fbdd8f494db3,13
0x6ab65d8fc0d323b648b19191a01fb071641c34d0,1
0x6ab661db9e9db585f03b13d45b7b11f6b6d519ee,1
0x6ab663ec3c4302b82c190893c6306b42a809ecce,1
0x6ab664d322dfff01a900a8f1532a977c302dc60a,23
0x6ab66a001a80d29c7a8407163088fa10c2d65b62,8
0x6ab66c672a75e3f72694e7e3624325fc549f1985,3
0x6ab66c9c83f9a306a66d0aa4de0b8c3809b02e78,1
0x6ab670af73871e3efbe06c5197da45aa962b4e06,1
0x6ab671d4047576c5070795cecc471ae4b1f21dee,3
0x6ab6777b0b7be0727a0444f693215ec3ecf50ae5,1
0x6ab678f9caf1e0a5ee97e0d659715a2ca5a03acb,31
0x6ab67b3e1dbe1ae894d8b372332e1b1a6a103066,74
0x6ab67d11ce3489eaae06033c40b9cd3340b3b65c,63
0x6ab68204be1e4e426a4cf9cfae7473109d271dae,1
0x6ab68c242e66dbce58ba1e57ef39f2a44b3b0aa9,51
0x6ab68db093ff93daa84dc92819c310c4f431090c8801631aecc2be8288d671f5,2
0x6ab6931213a6648f1eaa454aa216ca6b8fa55d17,1
0x6ab699b39edda77ffc39560877a616bffe68f54e,10
0x6ab6a030b46c250a5df0ebe334821ddc056d173a,1
0x6ab6a14a29208d5935f1f4acbc062a7dd58f503367349b85fd7469ace3e07793,7
0x6ab6a29e8ed0a786ace1841ceb40090f49103208,26
0x6ab6a45461045350f478d7704bfa6610ea255a1a,46
0x6ab6a7d2d282b50f473cb83c22af63587d0da09a,1
0x6ab6abcfabe54c641d68e528ca75889802beab0d,7
0x6ab6ae0e1ef9cf7eead976f16691e1f9967f175f,18
0x6ab6aed7369ba206cfb05e8a272137d933d278cf,13
0x6ab6af975daf1585ec0a51896025afc04e359ee0,26
0x6ab6b5fbd0350e4b980b4de302ae6ec5a9819c2e,1
0x6ab6b908da3bc4d869f519250a5517bec8881e98,11
0x6ab6bb34fb05604847c44fd942550933cb1cddd64e152e17987183fc25bcda99,3
0x6ab6c1aa7289dd045af60c44d03db96c23f1217f,14
0x6ab6c4db338ad30655a48fd48654fb0306609007,87
0x6ab6c4ff27ac4a20b54f04ca875841e55a238976,42
0x6ab6cc1c60d5c15ed14f10e918e8fd04882b6428,1
0x6ab6cde5ce935049a9bdab3eb1a42e62d830ea24,66
0x6ab6cf5616a0618abe505c61b40b66837c9ee6bf,54
0x6ab6d56008aec551db260610917f6a0576c87f33,1
0x6ab6d610447cad78f5bd5f9ee720f0f21abd9e6e,1
0x6ab6d749ec80dc92400fb14ba6db118066e6f064,49
0x6ab6e062dcf932a4957345f8cfc03a8cdff4fe90,3
0x6ab6e0f49a0dba1c23df904360235c6ff00df9e8,4
0x6ab6e2cfbb95d1d5cd23b6e494c17121c9b5befe,8
0x6ab6e3d3f6586697d6998a7acb4b147739eeb434,1
0x6ab6e78ea5a0130d8e6b681d1686ab163f0bc2c4,3
0x6ab6ebd3b244771ca770a312801304610fbfa4db,1
0x6ab6ed0a247c3142449bd4c1b47ab5e17c5d1cd2,2
0x6ab6f0d74b1b9f1ebbf28b37bce6726110514240,2
0x6ab6f74e916b8752681836df481b50fd5df96d2c,14
0x6ab6f96afcd3b3673ef057f31a988b7dc3eb5b6f,74
0x6ab6fb49037886c0e3ff82aa0fb779146f492e75,14
0x6ab701001bf6fe1e65a437248c4f564e3b072edd,1
0x6ab70111cc9f5aca7d33fea6b4ec757cbb867637,11
0x6ab7035f894ecbf9745ce031baf17f2ed67ffd26,3
0x6ab70877f557fa715cbeb309d90391f827d39719,1
0x6ab7096801bad764e2d853c2d1d8e101668801c4,12
0x6ab70be6733150e7a05a1c5e4e8cdda1189c12fe,3
0x6ab70f83831ab11fcbedc5a8771d91c67c2465ae8e65e209d2d7ddde8077499f,1
0x6ab710b6a2d0e835436272ad565870ab5464fc1e,8
0x6ab712d72e1f714fcf6d3bac27d1766b6e9f80f6,2
0x6ab71332499a6a8f98c1f7bb933bc5c2df10c458,12
0x6ab717cb91d7e29fb3f3ee606a58abea8707e762,70
0x6ab7193497e82bc81668c571c3d5dc58122c11bd,28
0x6ab71a8c4ec8f165ce6d561c1581a10433c19a27,1
0x6ab71d6fc7e88f9ff29a11a41f4f3aec99a10b37,4
0x6ab71da7b76668a9406d51d809380886ffaba3ab,151
0x6ab7225c76b4bb3d39ec2679812c9bc8a007c1f4,3
0x6ab725fb1ecb83d5de51aa649ce8c1914b42cb50,6
0x6ab72986e91718f15b3e339ed2228a92378d57125edbb870df9114918e45158b,2
0x6ab72b5664c8256ae3846be0b0448e0904d9ddf7,4
0x6ab72ec2d351709d46e3fa6ab28c3c9ee7674640,1
0x6ab73297f0ee99efd0b89bd1e773dab447730f45,7
0x6ab734132e6f0fb7492d5902237f1ef745230215,21
0x6ab7345a3d7d0a1d62de3069d934935c5af84648,93
0x6ab73647d09947f944b3034b88f04dad774b85d3,3
0x6ab736b47aa11ca013da95c97c9186a9815180a0,49
0x6ab737ee04cb8ef5879cc7dcf5e602b2f2776132,56
0x6ab739a6f6c15ab156e29d7ef967d6498a7e0881,1
0x6ab73bd0b487d3ee3c90e618a080fa81362d8d2b,4
0x6ab73c60d090a2ee48f6cbd892b951d824394e21,1
0x6ab73c8420fa0d51932b669f7f7fce2383942ca8,1
0x6ab73c914b38bc60db012fc14a06c4da7d54e88c,54
0x6ab73de08f85756066d9498d7dd1e8ed985001fc,9
0x6ab743399dc58988f020d1360334714cef767bc6,1
0x6ab7462111138588d439251fb050664ea645aaa3,27
0x6ab74c16f6fbe109e9030a6672b5696c06682c2aa9051100aa7d903e78a1b57,4
0x6ab74d4a13c23ed1c7e87fc8bf69cf7828ddac74,1
0x6ab74d66f297b3f1f84b87ff5e048af268e02c61,1
0x6ab74eb630adba12539066246db92667bd227dbd,2
0x6ab7513257f152271bf65ee21ce1e74b4287458cb70be6fbc10d031df30bd4cb,1
0x6ab752ea102c131c8e47a570f246859f17e67658,105
0x6ab75576e09cede7acf2f5d6fa8c4ac2f39c274d,92
0x6ab755d75a294a1bd855e13ee3648f21a6af6ff0a1d9ab5ad65c1783d92b080b,1
0x6ab7577cdd195d89b32bedffa14a3175b9c5db05,1
0x6ab75ab3ef9d354032a956158c65812f3cb0ee31,5
0x6ab75b295344db106b4a8dd59c919fc8949e1f15,32
0x6ab760c334ac6221badeecd47cc5149e8e167a58,2
0x6ab763e89739946af913e581590a7adc4ed5b13facebd07ac05835f6cc6005a1,1
0x6ab7654ce553cc70d1f618b5b7f4f42bb32ca1a1,12
0x6ab768ab9a0dc2160ec689bd9d829fa3ec9fd76e,21
0x6ab76b8ab470a81a616f153d1afef85ffb3b7ad6,38
0x6ab76b974e8422e3562ed754b4c0375c6c798aa5e35614a9f2dbbb1ae75219ae,2
0x6ab76c3898cf8b40892049251d9c97f281a2f147,2
0x6ab76d17e4a33e6e2503a2347bfa865da4fd905b,5
0x6ab76da35ca368d853c6189684cc8fc5953f47aa,3
0x6ab76dac7e748bceaf9b0a6336cf81f6320407c1,3
0x6ab76e8a67df8b9657e0810134b36284eced8120,6
0x6ab77163d7d5c89c6fa13944b78e678d4a3e713f620a6645e349cdcf224125f1,3
0x6ab77294a6c00656ead8585eea19003618621500,33
0x6ab773c036bc3230236172b65380125beb3dc784,11
0x6ab7747ae12ccc79c20cc1d8d690768aa1f97e82,54
0x6ab7788e8ea4fd43e33e482d1a6237d292c082fe,22
0x6ab77a126408b43de65f79f333d46b397b0b52e1779d36be99bf08815e50898e,10
0x6ab77ae61c6afd493535b7642b328f0105342c76fd260915f408538f77dda393,1
0x6ab77c0d504762a674f69980aef18b2bfacee272,11
0x6ab77e2e1160755795d018eb0cb2ca3d5f51c830,7
0x6ab77fe9f925871613fdf489c86abce6e898f32f5c7dd19ad9c5e044bd58cc6d,1
0x6ab781802fbe6d74ddc519a998e649a2ce6977b0,1
0x6ab7838dcd1dba6da2311a53e29af5384ce5e616,34
0x6ab784cf33f2af3f2a47cd11c8e2cfbd001f99bf,5
0x6ab786d1a1d5eb1d8ea3bfc4a951e782e7375a38,42
0x6ab787594f7aa700bf1ca6c54175e1ff806e2de2,13
0x6ab78b2890aa9d994d1f199af787679ecb82591c8cefdd2f4fa1ac5fa2a061ad,1
0x6ab78b71982983bca01aff4cf935e36666a56d1c,108
0x6ab78c2ed85a9e2c0cb3dd3b1845077df6dc5b79,64
0x6ab78d05bb6473aafa3d11bfca8d78e59fb94952,21
0x6ab78e972dce32db1d9ed5e3190d8987adcbb1cb079cf7583ef12206b45f0045,3
0x6ab78ffabd7653936dab55baf8d7269d50597aad,95
0x6ab7906de8cecbbf6b1df6f82c0e1dd257293cad,34
0x6ab791754298d6d6d7c182dc1572126b4ed24897,7
0x6ab792ddc548f7711048644b15ce19f5d23a48e2,24
0x6ab793fe80235415667bf169ac403eb0be99de75,80
0x6ab796241d5983b2cc20448f9f209a4f556893ee,26
0x6ab79ce0d11862297eb8dc261e1fcac2d9b461e8,13
0x6ab79ed5a65bda5da994775937338e589c3a2ab7,1
0x6ab7a051633de6e367458f2317b40e1aba4053eb,1
0x6ab7a07dcbd0b33366d9b8051a19485657dd67d502cac44e30b84df0cc1bfd17,1
0x6ab7a156ddd91b3910c3a66dbefcb0cfb54f8d1e,39
0x6ab7a6dfbe8a839705bc7e8bcc4119344d5daf9bf3c133ceed4557fd655421b7,1
0x6ab7aa0ac99def0eade7e45893fa658f056a72ea,1
0x6ab7af38e862ed28d9be06964206c194762ed814,1
0x6ab7b0f4a57ed2062e72b217224a21c027c82b08,12
0x6ab7b2a692b0385b75a16a6783a62ad40e351993,3
0x6ab7b3fa0318129ac525be4cbb41ed96a0ab1901,49
0x6ab7be44fb10f8c87c94240cc8a57313f77b042d,65
0x6ab7c9baa852badcfd2c4f3dd540df94cb8fb605,12
0x6ab7c9cd5a33cad96372747e917b0a399bcfef66,8
0x6ab7cba41288a2751f0db3bc60d2131e06ec4aba,33
0x6ab7cc1570630176269576587acc4d813fc4940f,3
0x6ab7cd070586a6267cc6994576ef9c776666150d,99
0x6ab7cdd9fdb518ff91e95b53de8962d8018dcb3b,4
0x6ab7d7ba3aa84805a1a76c5f4dddf563b1a9239f,2
0x6ab7d94f648e4ce690f4ea7cbdce839883a100b6,1
0x6ab7d9c96021bafd0391d1b821cee6c699a7bc46,1
0x6ab7d9f466c0031c5a499fca6115dc6b1ed78ad1,2
0x6ab7de0a76d19b59c8ef46e6130e83ee4ae4aaf3,4
0x6ab7e19fa5191fbc6161bd90fa3c30a213330c55ed44ca8b7d626df3ce2eedf0,1
0x6ab7e5a0a159fe4d29ccc09913dc245ca1fb055e,1
0x6ab7e615dab2f72020857964a98dd5b4b171097e,1
0x6ab7e7148e0d6feda8d5d5ae0e91385de2129d1b,25
0x6ab7ea44dc1a806ad1245db3b7ff85bf78f7ee61,2
0x6ab7ea66fdcc4f456b3115ee5cb901d7d1fdbe7b,63
0x6ab7ed185548e7b5fe00196bd69edb36ca6de7a9,2
0x6ab7f03ed0c1bdb1dde0ad061696dce084c08a0a,52
0x6ab7f557dbda6b04cdb39c644a26d7f517a15537,1
0x6ab7f816674ab5969a80ce92bf4fb818b9579fcd,26
0x6ab7f8d24cab4e266ae14c8c0fb438f35936da45,2
0x6ab7f8f6f06ea10832a35591960cffa6e3718419,107
0x6ab7fac3f4be0fe7b500ef9b7ff5ec1d0fd8c837,1
0x6ab7fb387e468e1d3561d1e02afd15beb08c4204,1
0x6ab7fb8d15744f45dd7a09d544d55619cb28d2e6,64
0x6ab8041af44fb25c589cd4c5a290c57dd671c42d,12
0x6ab804216d661ed8aac93cad287bb005e3e69ed9,1
0x6ab8051c900f49bcf470896184398ef405b8426d,39
0x6ab80555634efeb6500e399c5937711df4498d3e,3
0x6ab8074fd748efc65947b96c49722dd216610666,6
0x6ab8078a143ff3d140e699280a7837d2a3af926b,15
0x6ab80a10b3919ffb1fce87e6898ab69d9e995d82,7
0x6ab80ba49fec9fb66b18347b8ea3ef9b8eaf720f,1
0x6ab810048c6da49b352659bd69d69a222a5ebabc,1
0x6ab8170417d669d48e886dc5e51735ec61304ff3d341ac92ef8666a7a21e0c87,1
0x6ab81815afbcdb1ed9f4aa2b876fffb393615419,2
0x6ab8189490afb15392a184cc09d2e97a0418c6d19a36493ed5173ba213fd6f56,1
0x6ab81ec9b063c3ae00e822d9c85b6ffe40cd67037eea4c68d7a478d7570f379f,1
0x6ab81f0d65c08817c5d30e0458e9fd4d1bcdaa97,28
0x6ab81f93738a4f1c298af84ee4931e41d4c7fedc,1
0x6ab81fa4d172e4fd6070f513768655b6514dbd0f,27
0x6ab821beb9b7124a8d0f9020bf379ba3ddf608243d68ad775e9f4feb1b421802,1
0x6ab8294ec5a3c5c0e63cb44bc84778241f7e28c0,42
0x6ab82bec78116490d77be403942f376611955dcf,50
0x6ab82f40c43098b3669d97457484ecb709fef193,34
0x6ab83040305d18dfc83b038d400e8fd83c41d54e,7
0x6ab8352822fb9465c84f3caa71f325916c8b57f9,1
0x6ab83598c2a53493c0288a06ea9fbc1c15992cab,9
0x6ab83d215c9d8222173f6f8a25ac78797582213d,2
0x6ab83e8564f7aa99f827904aa1e5537e29b4799c,89
0x6ab843b28fca46fe63982cdc637e028b32a04649,2
0x6ab84b340b0c6e4b13e790a7aa5ddfce00f15a54,13
0x6ab84dbe10ec4ae69050ab3fa38bf01de89cfe71,31
0x6ab850693ec51cd1f0c1d91cadfed6114cc220e7,9
0x6ab8512bd740a7cef659d7c8e482f93c16d0d247,51
0x6ab852cd8be22b2d0eb8751da0b953ff367dbfb7424251f4d741043e15f470d7,3
0x6ab85a2fd8a0a6775a779388c1006e26305c5862,4
0x6ab861e4b8e42f50b0c555cf9c02ca862d758553,4
0x6ab8653cfef8c93198a10a8d23e18a8f8d3a20b2a257cd4c3e5c5cf6d74385aa,1
0x6ab8669fdad0741ef46c595ce9d3b769e4e4915c,61
0x6ab8696d26fcc8f8400279886fa1b550a7f245f1,1
0x6ab8740e2488c4e322945caf2bfb34cababe5d00,54
0x6ab8783f7311a414c0d800f7fc04d45799c4f3a8,3
0x6ab87ec9b5de642e9d807cd7f8bec55e23a20556,2
0x6ab88736fff6269fc9daa4fb137e13684c578b27,11
0x6ab887f6ea5fbe18fcdd7bffc33d5cfe97c824f5,7
0x6ab88926d2dda9171e482fb357eeb7bbd9c45094,1
0x6ab88b0ce909b67a11cf4a3abc42dbedd15fdd57,40
0x6ab88b7e874c104fa8a872241f5facb6bb9db70b,1
0x6ab88cd9f11ca2a55a3830b4c1e9fa95358043d6,38
0x6ab88efa96d9f119b0d5d9d74a7fa365f5b768f7,12
0x6ab88f4e0804c713df76915793b75a9a467abad2,19
0x6ab88f7620d61014a97c43f7301e0787dbd20074,29
0x6ab89219a3d7ae28d25ca84d4364ab9c695e7a1b,29
0x6ab893d00ec242a45142c1cd9e0d0043077eceb5,34
0x6ab8987b0a757470349c5fe1f7e45c5385941f1a,1
0x6ab89a4313180ead38c78a228db2c3f0f34632c9,6
0x6ab89aec709d554d171a632fb213df3869fd59a5,31
0x6ab8a154391162498a78006d074b6355019bfc74,28
0x6ab8a56b4da192ef7e6e323f4ec276247878d518,2
0x6ab8a5cfe3197b9605d9d4cbe6a299be0367b41e,28
0x6ab8a6063d93a9b95dcbc50fe984df81eafa9df4,10
0x6ab8a95dd281b10bb7a8c5a40e88a4f253fa8690,65
0x6ab8aa3cc1dac5d07d4a173c3e9160b64d42dd0162f88a6d98ae13310f955ce,2
0x6ab8ad8f93b5c8f135cb02902f6fcfd0c0793c18,6
0x6ab8aeea93dbef00e33a2fcf1f72e08189060d63,73
0x6ab8af38fcd04bd18059699096b059cdcc623e52,49
0x6ab8b515d1a3bd21e453e7e71fb92897cba9171852b206028ab7458cf819789d,3
0x6ab8b73dbafe8f0b88484e7ca5c9669be80d8fce,1
0x6ab8b7d53999a8c50fdcaacb4b75084de1e7b33d,97
0x6ab8b96b84505898b8805cf3c7a372b10b8bedd0,25
0x6ab8c66dc33a14d3994b27429239d2f277d7c0d5,1
0x6ab8cab0baa3ff23e7eadbbe543b21c1fae2e889,61
0x6ab8cbe727df8b5d408f4484bf524cc60e3d9970,1
0x6ab8d4688ba49ffacef08388cd174d93b0d30228,3
0x6ab8d88e2f5e373e2e2a6cda861dbc477becc57e,3
0x6ab8dbab46c74e32cf10d39bbe123bade176822d,19
0x6ab8df425f79e0f3650133244c16fefafbc638d9,79
0x6ab8e1d8beb48d14a883c4828223102c8d22655a,30
0x6ab8e4916b10e466abf342e1987f22ff2940505dbf0d2a2899a4c83cc90737e,1
0x6ab8ee540e047449025e90216864bbf8015cf4ab,1
0x6ab8f79a9f95333f6402f993c28d160abbaa699934bf2f819c8587395785ae91,1
0x6ab8fa31395d4359f7257c0058b8bd11a661219f,1
0x6ab8fe4e40510b2ef8f4ab82739316d1d6bdcc28,1
0x6ab900434361e5326f3fb1194ad66de7de2c24aa,10
0x6ab9063c2d5884190f112ebf56e152117f142aa5,158
0x6ab90c1e9d9653fa49952cfc1a68854afef8b2b0f728a64242fe0a4768ace43d,1
0x6ab90e0036a026e63521a3a90336da75031bde0f,70
0x6ab90f9fd3abdba94b69f1491e0cfa4873b41c01d3e1037c150da4926000a8d7,1
0x6ab911723e11040ae642f0799e76bce1201ef4a6,30
0x6ab9131b90fdb0acb361759928393a8762139c56,40
0x6ab91438be10866d5b5f109654c97c76672f9421,1
0x6ab9148fb8ef9d01ac2b010438b969ca7eb058d9,56
0x6ab916c73b74c824312779b970d29e320c7c6d4f,5
0x6ab917c6e1727c9c7223b1129ae344564fad856a,75
0x6ab91c3cf47bfa5942807916a3fb6c6ab627b850a42c583b0e2f4ae910afd6a,1
0x6ab91c4f3ef209c67ae09c6d917dc610a54674f0,32
0x6ab92232f1697efcbd7bd95eedd10be3ad7223d5,32
0x6ab9224a7b0c349cfbf9ef353af7101087a55604,18
0x6ab92258f11dc64bfae1b0a5afc75946658276b4,23
0x6ab9225ef3c78cd1aaaa0b002c4deea2552aeb12,45
0x6ab9267a880dfd8bbc4a4952f54a8a69199c4b15,14
0x6ab926c6aed01fb76f7da486f4e12d76e74cad7d,8
0x6ab92a02135206947abd556cb6ae8f36d3a40bd5,10
0x6ab92cfbdc1b8a8622e6bcf8b9d25be6b27e776f,43
0x6ab92df64db6c648e5c634062bfb8627783fb3d9,15
0x6ab92e5a07e2964b943f5ffb9cf96e0ece85aa98,228
0x6ab93138cc946a6ad688d2eb09d9cb6f51ade6f8,2
0x6ab931a8d0d3ef78713cf991036544f1ea71b4bb,151
0x6ab932a2115448e246d7a835548431ccc814059f,2
0x6ab9337e76b4d1b6cde0f70eef5eab3642f2385a,119
0x6ab93667bfa603d29cc3511a06b7589aef17ef1d,87
0x6ab9389af97c61109a8d6283f1c757b33e3ea19646647ec418776f6b855b7c38,2
0x6ab93a7e6a33828d86cc48ed511ebed407800bc6,1
0x6ab93e610c3c7618f249e3e6e0a18fb6885bf500,31
0x6ab940ab221d66a288189adbb6fc62114aac131d,6
0x6ab94658d981b298edcff7fd07750397fd2b55ce,2
0x6ab94673e541bdb996bf37ba3977bf635cd82060,7
0x6ab94795b62530e9d93bb6c9630e8e0ea54b449a,67
0x6ab9502b2a469316f232e215a578fd0f05d68481,6
0x6ab95148545be4a7a8da7ead7d60c6b2234e363b,2
0x6ab95222bb63f316380804ad8f0c23013f7831c9,3
0x6ab953b3013b6c5bc8b48101b9e57c38336fb66e948ee10f819231333eb60c21,1
0x6ab95dc4336879185324258de8c2e8c4f6b02415,1
0x6ab95eceadb8546b0ea1ea024860fdd3872c2855,94
0x6ab95f63f10f45e1e9f47e1add18a020731c7183c31227896888f911519b482e,2
0x6ab96052d556d0263a806372b4eda88d2858c413,1
0x6ab961a4905e123c9d8e555fa9994c7a933ed56d,60
0x6ab962970c312b7280afe7b8cacaf1beb98d67467b5dcf03cec6df7402ad8a5,1
0x6ab9635cf8828f864d0f1040f7635f0becf8a8db,48
0x6ab965f7f1478eca4b7d39322cd2c7361f8e9ac6,1
0x6ab969e261c9de0480fd733a4a38c36967eab147,60
0x6ab96bf9d5b7b33d26349bc7bfc4c8b5d1dbc0ca,8
0x6ab96c5653506b2470037315bd640f9676074e03,1
0x6ab96e01c380b7c9556a18b460e624b1c2d19864923cd280de6276ec1918b812,2
0x6ab96f4a4d5ca7355bcc987587b685f40e8ca913,1
0x6ab96f58ecda6d08e05845e6c5fcbd6fdd47bdea1bd235f41def46564c0be3bd,10
0x6ab971a8f7e66bc0ad7b9d730d0f6074efb79c18,30
0x6ab972159245fc0c43c567470edcb67e31e79284,14
0x6ab9732c68d63a06a4aea5e51d6c0b9ad1b93f71,44
0x6ab9744e9c2e285a75f5d4ba5af6d35083d65827,16
0x6ab978bcac43016f2bf926a8d5dff453396dea3b,35
0x6ab97d20f4d128dfbcca19c8be1981b91c1c2e6d,4
0x6ab982befbc338920d0b642ca3fa9613e596df69,1
0x6ab984ca4625d1a58ef4a014df5524ce6fba57dcddcdc602bfdcede14f90f8f0,3
0x6ab9858e3a874a9879de0d6b9bc5f877e8e38953a34a7ff8ca00a8e3a4867114,1
0x6ab986715a05dc63a69a97975c61dc8294cfb9c0,2
0x6ab989998fd83cfa89d51de25da4b51afe6e937d,1
0x6ab98b021e3f485029a3298792e1a1b05d50c3bc,50
0x6ab99290f843b489c1d05f69750bed7e8f8d9179,2
0x6ab99617b68f22607a6e4d0a7c447820c716d2ee,69
0x6ab9987be8a34c4d747513456f66b62ac2e181f2,1
0x6ab99993ead6c176708289ae1bca627efe1dddb5b094bf8ae9dbe4a09330691f,1
0x6ab99ce856ac9e2ce0b39070e84882d51930d586,5
0x6ab99d46e1744cd586fa2e8a2a30722e393936c380d84e1027cb5c5dc6a0c500,2
0x6ab99f088805e06350aa1e16350450aba0c162b7,11
0x6ab9a0ee1bf4a1046cbc96b33f0c14a60a24397d,2
0x6ab9a4a54ed74d6f8ee1601004fd7eccdad0c30e,1
0x6ab9a4e02cc39b43f8a51fc995a1a6aefaa637a3,2
0x6ab9a52109a950da427f5324221283f41837bdc12be50e492cdd197b236a129b,5
0x6ab9a7101fd570abffb4af249699d200c9ae5c15c76c9d527100afaea1ade1d8,2
0x6ab9a77903f66c8fc4df6cce116243430eb4409b,62
0x6ab9a863c1f510158411fc3700a2323e99a0d106,1
0x6ab9ad1453c89e009328677854b5869fe52a9d93,53
0x6ab9b1f84ef70b6a414372ba873d10f9adf6cdb1,45
0x6ab9b233d0d030f994c85ec9aecf9c7f5682e0fd,2
0x6ab9bcd946706e71ba34008fe3263c6bde18d54e,10
0x6ab9c053a1ea55625d76ddde7db98dfc7a07ecc2,1
0x6ab9c1bc5230ad80628f7ad021ed3ab6efa1ebec,117
0x6ab9c48bf902a81465212ee4e46e7bc230a1a4ed,2
0x6ab9c63d9053ce56266e7aa02e4a7eec41aab62b,3
0x6ab9cf04acf2ee465d7227759c7fd8c519f9b2b0,2
0x6ab9cf9891baae1255be45a717dc091641fb74635afc7d48074d3d3e171f563e,1
0x6ab9d2877207aaad9971ce92cfe92d4ee440cf2f,1
0x6ab9d2897c171e19414ac889b3aae4f4d402542244471062c23dea9d10cc44e4,5
0x6ab9d2b0c2f6d8643dd11f9da20b9fc4914668cd,9
0x6ab9d3f94059b8b3aa3c2a94eab33c80f1082d236ef72f6ad40180920db4c3cd,2
0x6ab9d52b805e22c55dc79cb338323dc5f08099a5,107
0x6ab9d98763b49d21e2160bdf4fe8bd7208e9c8ab,1
0x6ab9dad8254cd4620a2d7ce3377ee4005498486f,6
0x6ab9daf159783661feb71b7701b31be142cb933f,5
0x6ab9ddb59c5978edc880dc10579903109eb534f4,3
0x6ab9e47409eca84a4dc74dcce8d9ec0dc9ee96f16280253af10d9a81b4eeb0af,1
0x6ab9e903519628aebf285df8d94aec3fffe082b0,72
0x6ab9efa04d1c782e6b7823fac3cab7551a65fda6,2
0x6ab9f090c696701bc445d6c170ac3ddef89e6e2c,15
0x6ab9f1c7f0dfbca1a087d22ce3daab41b76070d6,77
0x6ab9f210c57173131f624bc74afd1d8d36b07947cd3e831814fcefd92b63acd7,1
0x6ab9f507b9446f71942c8ed59aa06100e1c46cb0,1
0x6ab9f7ce0f2ebb50424c3a360c1a7536c69790f5,1
0x6ab9fa180ea1ac8d09d79eb19f0de18301b2c320,1
0x6ab9fb2f701efd56e61e4e6e82ba8255bb86b825,3
0x6ab9fc84bf4002e0e8f959d6866ca83ccc8b1adb381ee147ee1aace691241e58,1
0x6ab9fd30275996c95779547dc6c2c1a1bf763f01,32
0x6aba02536b9b45923afebe8a7d9e320a0c275f861cec4dc968b5cd61374ccedc,1
0x6aba0694fcddd37872bf9e622b7379121505d49b,1
0x6aba06efbe0cd62fabdc331ab2e60a526e5fa798,5
0x6aba0b9b1c4634e6697465bc1d26aa470f8d10e2,1
0x6aba0ba12111b6e28ed83cb81b8957ac82a60e31,2
0x6aba0c2c406790e5950b9a775e42b0186c1fb5f1,67
0x6aba0eadb6feb4227ce70930299862f7c1f0b2e1,1
0x6aba0ed7fc4f2a6d770b3228e7302e27f9c9fa35,1
0x6aba1592cf3a2202ec0200841833edd28eb3f8df,13
0x6aba1a755bfdf7ac2c88624a243110e2da69150504fb574bb84b5e8e45ed7a5a,1
0x6aba1e62024984d5ebca915107b696d343e14c8d,1
0x6aba2085cf93a85dbb4f5dd60f53aec096e05c2f6ebea2e0b13d4e4cbc7f03ba,1
0x6aba245ea8ee5c2616d54244f0de1cd8dd4c3e04,15
0x6aba24aab0166970f603e9b88b54e9bc5efd1bb6,38
0x6aba25c81b35bb1e669415270741add1d769cb83,41
0x6aba28a7021629c2b4f74a92d46fb647bd5a416f,7
0x6aba2925487723021a18f4b3ca68ba858304625ec6eb5bdc419c019da1b803e2,4
0x6aba2cc17f42d99fc84abb21dc4b27295b89a2ce,76
0x6aba2ce45ff950b0300c9e345a64980b072cd1b1ace00a57228bd68b05895c26,1
0x6aba2e6e74fceec96d4653f326926a1ce814a385,1
0x6aba33e91fc05c28b4e5f3e6d54979c143b66f00,1
0x6aba34c3865a792f54aaf0dd6afae4be0a26dcb7,3
0x6aba3a852ab275fd17b2066d0f9498c2f8874073,29
0x6aba3bd9bc51656fa967f0ed71912ef7334f7065,1
0x6aba452fbfde20b19d5d2e998d83fbd196440577,1
0x6aba45cd9748cbf99255d94d598978b21c2f8b16,151
0x6aba46914566b11bcbe21dc7f3663e27fdd845c7,1
0x6aba4b37d3b097d7a6a17158d813070911240a6c,420
0x6aba4c2f5681f241dd9fc6419dad5b4ace282d37,2
0x6aba52d1cfecfae081b9f5cb2db03e4279a0d8d9,106
0x6aba5532364042b789012e6fbafbb17d5f0805f3,4
0x6aba55ec9bfe7ad262512f3f21720a77ea296b4f,1
0x6aba565606fba6dfb4b14ee0492138ebb436a6cd3532ced5f096ddbbfd45d034,1
0x6aba575db7bca76167908d8631a0787576712539,21
0x6aba5c333181dbff26f2a809316e45b5e2e64bbe,7
0x6aba5fa06aed54d5222cdf2f154ccd158f4c6769,10
0x6aba683ca4c46e1bdf080702973fbee74910ecf5,1
0x6aba72368fbc4aecd9a6dc8f594fe2f4996cb8a0,1
0x6aba74ecc3c4388c4269bdaf3ea0f6f43ae49f97,10
0x6aba75870b1b800b01853ea114aaf4395eac0b57,5
0x6aba76497a8bbacf7feccbd7b5b4d4192a93f00b,22
0x6aba7a45fcf2059ebf8491861711cd956b546f6b,2
0x6aba7be59167ed85ee90fa1e897a22280b3c35e2,17
0x6aba7e61fad44eaf4ad0d78b81ab08310e8a1c2312a980e9cbbea8a407980fc0,5
0x6aba81dec08e97b447b7ab1d84a9de6cbc5469bc,1
0x6aba83fbabe927d3fd14e4b267b976eafc5404e0,6
0x6aba8bca5207f2c256c00eca92c33890bea626f0,1
0x6aba8e8473dfdd4342e055b0cf6b39acb1ae4a6b,1
0x6aba904010f1003f122dd62a904b60f0bf3e7a8e,1
0x6aba912155edb9a3839f96b450b5ce7455356348,1
0x6aba916774b613d80b7f59201ab5c2dc828ea4752f01e6d284403fc7769d7ba5,1
0x6aba9585817708c65e102a76afa451ab2c5e622c,8
0x6aba985df901ef4ce336d3735fdefa8d0bfe95be,1
0x6aba9bda60c4afd265d3b078bc24660d6294acbd,1
0x6abaa43522a683479dbd7c0a04f8c883d2a651ca,9
0x6abaa9608dabeb702fac2a8f5159e3fc3ce528a4,48
0x6abaaa6a902c8697e527d1131a14b0f7192ed2a9,36
0x6abaab6089428e6a662d0b921930df60b77c0703,13
0x6abaaef009e76bf93b253bda394fe112bb8f814a,1
0x6abab63c2ecd0b55cdd97f022016daef08b274c8,10
0x6ababc124a8e7a6b68e17d22bd5fd7804991e3fa,3
0x6ababd14c9971af7a6a08bd1d1653c3013a56cec,7
0x6ababeb2435ad8736a15d54ef247a1774180055c,24
0x6ababee2c224ff3f23138a43b4dcf738a48d2c5b,6
0x6ababf20cbf091f6e10626d838e2b7a5449e363eff11cf0cdd39116bfe341540,1
0x6abac3094217ebc86c2e442fd15d450ed505717b,21
0x6abac3d197a8b8c2c8e83557b8c5292fec5c6bb2,66
0x6abac50505f684ec0cd14eb36476e7cb2f02c9a6,1
0x6abac85b92ffd83537380b3890c1f22cffc83611,14
0x6abaca44e846d2e7e96f4fa885a1f877ae492eaa,19
0x6abaca8316b9fcff3bebeb15f6e1cf357f156ea1,13
0x6abace82974b09b9ec26b34fb11ef34412bf4343,101
0x6abacefd76660cc7a7bb329c37c3719c77584b2b,4
0x6abad081a06a4edb138c59d13a09237c9a0b42df,31
0x6abad459071f92639aaad98d63785b1edbb777d3b1161d2f17e69584236d52e,19
0x6abadb75c1cdefae6579d976326b5aed82e94bc75ea059b6fd9bdd631dd8a6ef,1
0x6abaddedf88ca5d5ef73eb614d4f83d08371477a,1
0x6abade6569f03841a0d5233d23f175eeeb3253c4,6
0x6abae48f0aa907919daa65187c6b31621fa9c75c,1
0x6abaeb273915abb977a264fbd7796f3c897dbbfe,150
0x6abaf0f7fe31a0ef6044e024d83e6a66271433ad,77
0x6abafbabf1cb6631e3e318ba934b56c50110951f,1
0x6abafd2e849d91928d61ea7359066483d7944ab4,54
0x6abafe93aeafb99b0c8d6d83650cd9dab5347cb6,62
0x6abafec0227677b5db3da5751b052358ab444f98,16
0x6abb04999c7ecad08dbfe87c7e0950c98f5c6678,3
0x6abb0b1ee0bb9b3e3969ced5a64dd0657ec8d928,17
0x6abb0e39f6710d0a36c3927930000b383485fe3c,55
0x6abb0eeef9ee8510bdfaa9569d42edc2d78e48589b6c832b745afaded5e11672,1
0x6abb1043a689655ba02a62cdc327627771a0310f,39
0x6abb10c2d3bc3d10b08cc447b70ca8f7aa50e863d8b3584d8ff33a7a4e756900,2
0x6abb118f5eb5cc14dcd19fd2bf462b353b4ca71974c3fa23454cb00a8c318797,2
0x6abb1246956749f138f0c9125ef5c18d0d4cab7c,1
0x6abb13fcb1ab5b552dca1d6eca2fe6d6ae37a94e,3
0x6abb15436f5e45310a3aad4261370b564030f688,53
0x6abb183c85ecf494c0558ec86f95cbb489b62b9d,1
0x6abb1888d7e96adf2a4a33114332031c20f4d329,28
0x6abb1995c4426d4a4344d808a27388b5d7017850,10
0x6abb1d3c7fef65eec9e9e7e84d268ed2bab76b25,66
0x6abb1e8e477e2c539fcd7a609cd9f31c777f10bc5ee585f6f97274ca04f28b8f,3
0x6abb2096ed182f03afa60fe59156f9322402afeee4371139ddfa80f863f8ec8d,5
0x6abb26336e2d385b117c93ed5ac20f1106a6e64c,15
0x6abb2a80d2a80e660f66d6992fbbaa4533bd9187,19
0x6abb35830857cc704f0ee27091fa9d48320eda884b8a9e24a86c8cbd45c03b71,1
0x6abb393e3df3f25b6c28179b3ce33e41f8e9434a,73
0x6abb3b00b0b79f7741036ed3c408b744a1f0dd43,9
0x6abb3d0ef39699db97a59947d0717f1f176aeb3d,1
0x6abb3d43a7780dedfa17c27c9074cad33f63bf84,3
0x6abb46f3fb3953a5ec4dc6e99c70520fcec49071,22
0x6abb4716ac262d601a8d79cfb4a6b456e2475a88,70
0x6abb54b87f5b8fb5b47c62ca01b870c5a37fdf56,1
0x6abb59b8ea99d0ef2b33f626c3a3cb1ca3bea334,14
0x6abb5a830c1d473a6cc0c44debbcb650181becd2,2
0x6abb5b5c2fabcfd295ab501636b5dc099b0bd0c0,1
0x6abb5bcda3f8b61cba12459e6e6062d3d78db0f7,7
0x6abb5da20011a3bf5d62b02a38fdf8efdc812707,1
0x6abb5fe6d938aa60354b9d81b4d1391531203ca7,33
0x6abb5ffe43f5198c29750606da4dacc7cdaa663a,1
0x6abb63931fbd8912a56d118935a86218a33f9e0a,27
0x6abb6955eb7a546fb0185e9e877a4eb26a4455c2,1
0x6abb6ceda5188317145bead4e945726ef4d4f320,2
0x6abb6f3164f63e12be8a0af9f2b980f5d6b80c53,1
0x6abb71d7c1d73545fb4b8c3ef08df3d58b1679e8,4
0x6abb7262a1c01ab38fa5f1dc9f63261f0b73109c,31
0x6abb73c21d97afa4f1a6dda23ffb0f71c5e97cdc,59
0x6abb7920a1e6794ac446fdf155fd204e9a096c11,1
0x6abb7ce3d79d8bea4d2dd246320caec146a753a6,1
0x6abb7d8adee675e771cd7c6f04cca7990e3c73f2,13
0x6abb7fd9bcdecdc9662a7f204f382579357c3fae,1
0x6abb8226bd880797edb86f96103dcec719c4c0c3,48
0x6abb851cbb861ac04c1962c3ab5b1353db3802b3,17
0x6abb86986e9e4ba7fef4adc529c42fdddee991d5,57
0x6abb895311aa844f71f922e7a15c40ddca5c4790,1
0x6abb89ff7c884b36a1fc16c33c5b3c9b677ff48e,23
0x6abb8ae9f53a54879db40dd3c2436c46e9f1fe54,1
0x6abb9433936c4f43a7d0345eaaa9f3eef94a3e2b,1
0x6abb9682f3797ddacab7133a9db64409fd8be3de,3
0x6abb9d9782d3c1b1ced79907f117a8680fcdadc1,2
0x6abba1bba6535f4a9b52f5355c9ec5cd59e49314,121
0x6abba6bacd4044413be1bcf79ccd20d224065fe3,113
0x6abba6ee0c8b021d544c028252e618738a0a4eca,1
0x6abba8f3b5c8c130a89fdeb175b9adb773d160ac,1
0x6abba967ef7341e86a6197d6134f83b91ef52468,23
0x6abbac29414e564deafea8f4b0174d77c85b1141,1
0x6abbaf2ee35a9750a5f2ca806d5ad23443121194,48
0x6abbb072a261ac42602088cded7960a5d47beb0f,1
0x6abbb5a97914645b7991b8ca94c3e0edaa354dd34d283e67f22c17a56cf7041e,8
0x6abbb5bcb1e87f45d4898cbd99517fbdfc1d84b83da795a653c67dc8f97b1fc,2
0x6abbb6222c42aa26b56118a4693c841d3aa92b19,3
0x6abbb9cb80029b7fefa142ab1e55870f4cb3c70b,11
0x6abbbdea71abb9d124c813a17e7c045fdf5a62ee,35
0x6abbc293ad55c3d40d64935176be3f4a624e494b,11
0x6abbc7416e4f53765ee040a53fbe784acf6222f1,1
0x6abbc897b3d8dca8f7a976a6fb6d87ba1aee30d7,45
0x6abbd36e3a26ad4142a65cef4e999eb4b8f45b397892b8914281592ecb8581d7,1
0x6abbd7b4294fde457db8eb39ce689855faca92ee2fbb47bf4f6799afffe1e6ad,2
0x6abbd892b5cbabe6a4177791a2b4076803f27024,48
0x6abbda9e8ca63d52554a995c29f9b0aefde99271,74
0x6abbdf07e72aeb1981992326b0a0f1b4aab09e4d5c03ad179ef3147d09066a29,1
0x6abbe26606cd6916814ada35068571dd1919d6c3,2
0x6abbe567838e941b6929ccfa72c83e4ea231bd27,3
0x6abbe709ad649f9ccebc3fb568a0a3ff491eff61,1
0x6abbed061eb3a574b4bd31d4af6bd2a0f39516e0,2
0x6abbed08740bf2fea5e58a81d2399cfd807d154b,3
0x6abbeecefba46cb6d64a0a91a3f3c769a9a52428,47
0x6abbef43c756c01c9b912fe4ed2260535cc1fc1fea700c958380de66add6624,1
0x6abbf06461f5e2ddca2582a4fc84e67bca114b28b3659bb5c0783ec361488314,1
0x6abbf4522d799eb3910da5f5ebb6fbac0689691f,56
0x6abbf47314dd494b798858a817747dd54fde8433,21
0x6abbf6f1c8c0653773044a84d11f0e6e57810795,49
0x6abbfdeb2eef4b45fe31fdd0ca13b3093db37a73,25
0x6abc02ee56d824ab79bb4e4d2d6948489ba69ebf,16
0x6abc031b28e3d3678349b3411c6437d0cf402896,114
0x6abc03c43e2757fe6ffb29842da56cdc594788e2,1
0x6abc042a2d09c45db505574218868271c494807f6a46f4a78f2f997bf46cf44a,1
0x6abc0be75c73ae44311d4ff5f64cdb1096f929a5,2
0x6abc0ddfdbad69a3b21d1401325b50b6c9c123c7,47
0x6abc0ec232757913991d0b40dd9e096c42adfebd,10
0x6abc0f4c8fa2a24dd564f4afc830bbc68352401e,7
0x6abc111bd22bb38e649f81be60dfbeb35648aac6,1
0x6abc12e58674b2a99e9d944c2b0c58d417f11c06,1
0x6abc15007d4dcc2891bc6d1c658150a63358d002,2
0x6abc1712246b17f36df8b0287111e9576cdfef69,12
0x6abc1b6f8a6f184bc9086a8b3dc01270feea7ac8,2
0x6abc1c9d1b679d35f4d16565d770e006e0ac4f40b01be9a3b186f9aa9428f6,1
0x6abc2474a77421dfc1089497c3948b496a983133,68
0x6abc25cec7eced589fd38ebec6fcbe702c64e136,5
0x6abc27737f506512372753ddd51fdf68a5ef0820,9
0x6abc2931f8147a3c5d66735d60b2ef47bcbbaf78,7
0x6abc2dbb149f3962cef1271783c17dd1eabb9817,11
0x6abc316192b43dc64c79ec841ac9546f793022c4,288
0x6abc34e2b70eee0129f7dd4e25f9b5abbaa7a73d,111
0x6abc38ee1d8ec08362f5c959ba560c14ca0055f7,1
0x6abc3a0ed5e3d0f3faceb7c4f39d185ba88d5c33,28
0x6abc3c2f1dd49cd256a1327a2a7f23299f094578,34
0x6abc3e55adaae2d15f1308e75015f34a4697e079,97
0x6abc41aec719914df21b020c8a691735054c36b3,21
0x6abc436d9f0e2175e910ac5dba25393e904b1792,42
0x6abc43d723e6e610942f58c3331cde41d87f27139600b4a53f54235b04f8da29,6
0x6abc4505a5a5041efcc3ae0649455115645115d9,50
0x6abc45ac7865683369f14a5ab053b8e7ca7d42d4a7c18e1538157254878a12b6,1
0x6abc4637772dc250684d9748c8e43859ebda301c,12
0x6abc4d1199d33c254491cd1d5b0e2f28dafaf4a0b3cb455b5b34f1aee5375a64,1
0x6abc50b7aa81bfebd0de05666207180931424aec,1
0x6abc50f482d3cf84c3d1a1840bc4b516e0fddcfd,26
0x6abc5236c9bd29b62d0a04cadc1a99bdb333b0774858db39a5f2892751740127,3
0x6abc5898e3ab2e520ae3e6613830d9a248f8105ce60fe4b41cb350936fb15c7f,1
0x6abc59cbc7b0392aa9194d624186b1fe8085a619,75
0x6abc5dfa67d34ac4b9f720aed403f732c140c08c,1
0x6abc5e002a3a2b4daf07899fa2ae08bb6684b916,3
0x6abc5e16244bf92fc60c920ba8f8afcc76622929,19
0x6abc66eacc83e61235a7d46797619cb5b3a34b49,6
0x6abc6945948603bdb277a0f47f74c489571ad11f,59
0x6abc6b555cdd8975cfba4ffb0b1b057f687ae3f0,9
0x6abc6c0442abea0527c753352e0ace255dedfa6b,10
0x6abc6e7354e2859574181062694c411f50edd8b3,10
0x6abc6edcd85c2c2887dd403261df58a49bd79bdd,21
0x6abc7581a6432de5a0a0ffbbac73038a9f747a6a,2
0x6abc780a2ba6bf06a9910cb800908635e550acd9,8
0x6abc7c8d7f14e4f4e65db6ed892611a2db52f552,3
0x6abc7f0e696f8f8a3502c6f71066777aac42a191,1
0x6abc7f585ca64fc2bcd42aa238cddc9fcf74f69c,4
0x6abc826c9934b3380ab637f55f6d7501893d1a5e,27
0x6abc858689001ee07fd6f86b0db6be56449ccc231ba20f7e34f462e69ea10986,3
0x6abc88b519a49d791bb813da09b8cc981677adab324b55f84c2e1b6a79337e98,1
0x6abc8b05c655e20a6338a44b619f04888af08a0c,2
0x6abc8b7f444216e3ea93641c2f37cbbe5d6e543b,35
0x6abc8df88706f5118c24117d3326f7794c89f0ad,3
0x6abc8f2040e0346d95561788faef6853b3859570,89
0x6abc8f60e5cc3b48e385660de2d380a259af9686,1
0x6abc9360fe4257c5248954f2e830574864bdb106,57
0x6abc93666b1596f0c93ee5353a686c3de76f3fd7,1
0x6abc9f590d206eaf58826343c64e8e762d66da18,90
0x6abca1edbe58e0da55f1d94c382862de1d3ec3be,20
0x6abca6741fd5e6700e06ddb428ca6edebce978ea,30
0x6abca6c5ece86593f243987804554482b54d0fc8,2
0x6abca774919dc5838117c625827c4834f206bf5c,4
0x6abcad3058ce21d9de59abbac1c27a6b1f146920,67
0x6abcb1604aa909f31eeb065b14ecf75978f7050e,10
0x6abcb38bf5dd40a0555af0be2f32a1c6f6856c53,1
0x6abcb42f50106dfcfee0da3da509ad86d49bc72e,15
0x6abcb4c05a0bc8af532382d1526f702f13fb10b1,23
0x6abcb700b5f52787f96bf814186a1856ea9fd2b0,76
0x6abcb817e33a7acc91fb42483673bb3dfadacc64e3f8036607155afd7bd10767,2
0x6abcb9bd7da929870cce34a4d025ccc2ad4f636f,8
0x6abcba47765eb8dde706a66547e1b574bd393761,1
0x6abcc0395ba57073838baf6242aa2cebcb94b3eb,118
0x6abcc5708f5b73b6e8e267f5c3c3225f4ef75041,1
0x6abcc8d5882a7d8cf9c04797dd99b3a2135181dd,31
0x6abcca3386135205423b3c553bda29832a71bc1e,111
0x6abccaabcef21b40dd478893bd67262b6621e028,10
0x6abccd71051ac2318fd670702a2b52ad97d5979d,21
0x6abcce81a0504918be4e80d3b5029522ee5e8238,5
0x6abcd0591840f927b527e4d8579f1408ead3891e,64
0x6abcd060f688a629111a2b3973074680d39b9815,30
0x6abcd298f6607f6ee93b241f92ab6dad3ed5da9e,39
0x6abcd50e530f93816bfdacbb27ea1ed3963b70e4,2
0x6abcd88fe880c3db068d8535ce35b93cebe3a346,2
0x6abcd907c140db5e0d383e1ec18825e3d537e270,1
0x6abcda90594416933b72fca91e849420d3ce12cfe69ae7ddf5d0f9cdaf597596,1
0x6abcdcae51b61430a2cda60958f34211b4f9d29c,21
0x6abcdeacecd5c1e6f8db5d63eceab4ca90cfc40c,6
0x6abcdfcf63f54512acfb9da8612d90aac0c68c8b,2
0x6abce395b878baa19ee542b89a5670aeeda1b810,10
0x6abce40b0cbc2704906ec3e9b9e33de164ba2f5d,8
0x6abce4219b6e15c63ff476ff16c65f9e91b1dfb8,6
0x6abce5d3390610a668f38f1145771e88ecc18708,1
0x6abce830da4b1c1d3a7245156a4cb5ba1a38815f46f721dc3de6d16bd48e86eb,1
0x6abce9aa87c9c646778eccef3ba6004642169ed6,143
0x6abce9ba2cedf56d5a6d1ef7177e01e2ab16e07d,14
0x6abcedf6570450a2bbd911345dea1e13d0600e7d,3
0x6abcef5973f442e0e434a4be74664a77d16cd2f4,1
0x6abcf08836b47031143d8e54d8de60df5b839f90,23
0x6abcf124e22d925c0a385a2a11c085be22c5cf9d,1
0x6abcf14ef9f4c10c69c9bdf9457f263f8d16a77a94f241699bff51a6f31a83ba,2
0x6abcf2e0f944cb5a151c563767b18656d1682fc8,142
0x6abcf6820ad0386402933117ceb6e831b906e071,35
0x6abcfbc94c037be6333c4b0d12e913e0cff7e3fc,48
0x6abcfd2be61400ad965205d7bb7c88e81d5173ca,10
0x6abcfe210c32fc1b811383f94c3828e9a019767e,60
0x6abd02f1c9a70638599c4d85f5c2980243a6442f,122
0x6abd030cd8367cc7f575c9c111a76697148903b4,62
0x6abd035709bd8ec23de074dac797fc9e328c908b,1
0x6abd037343861f6668e48ed532398eae33b288d1,1
0x6abd09b2144b3f6f5b62d57cf35c6fc9462c22d7e3d0c2d77bd27bf6785801f3,1
0x6abd0e75548ce402fd8fb96d36bce4f1689f0dac,1
0x6abd0fee05fee34cc017edd12fd0f6995964ab89a65491349bdf11357f5029aa,1
0x6abd2451dcd1caf6281af04c9306aceac88de48f,2
0x6abd2533ca6a3eb9831c1249db8b746308c38ec5,2
0x6abd26b163b391ade1bd6d0fcaa3bf84205c662d,32
0x6abd2763a8d5f84e0811e1109bc82c9d01d7483f,18
0x6abd2883a21e0ab9b0d2a75309c1db3ed9137d38,29
0x6abd296d9d38ad860f0d3619aa0da2daf3c4cb69,25
0x6abd2d46658faf40ecd52fd3650fac01478edd326f3af09c71b94542e20a33bb,1
0x6abd3699a50278317abcff6f99086b9e0c806185,1
0x6abd38d8b8cbd8e729248eeaff32ba39667cbed0,60
0x6abd3c21d0aa845f686cb45abd6809bf0f994a2b,71
0x6abd3e2bc837941d674ccf08278dd899e4c4a87d,50
0x6abd3efd5506c74c6471483a85c139e2cfec8900,2
0x6abd3fdb71d900fa916c5cadbc78903a62e4d9b3,106
0x6abd44fda517ec7635ca74966b8f4e8efc1a598b,1
0x6abd46b48c0cdf521e06d5933d3507cb087dbcc8,1
0x6abd4ffcd56776f1c2381d5d58ae28ad1aaf61a5,16
0x6abd539395ee5a8d5d431b261a9e6fb45b4baafb,1
0x6abd5c64aef783619e8facf9c2d472a80509efb105bddca99553c738589cbeb0,1
0x6abd5cb54f73398847a89802abe73296b30c697335c9bc915355fe7d3412382b,1
0x6abd5d37e39a26eda2e5bd47eafc12cb73a6aa6e7a5987271422404313394b94,2
0x6abd5ea2436deeddde68676a464405affc748609e683eb8a516a30ba690ca821,2
0x6abd5f82f83a37e3631011a6a308451ca6f359b5,18
0x6abd5f9e82d4b25b8bd2b547b99fcde814c1b223,8
0x6abd6034d10e212575fcd69ad82ab44b0f20d00e,1
0x6abd67eee707e0986c94385c87b9af66601a2eb3,2
0x6abd680eb9ffe79ed4a752fbadfa62b7a24ec06f,30
0x6abd6caf406b729260044ef25005b0feb4b12945,28
0x6abd71f1de0e551e503781dc46b3f73cff40a45fd9d999f2315e2b569412e716,1
0x6abd7386ae614f06feec785b7ea9787eba9717778654d9c3762b123f2ef132de,1
0x6abd7a6851051efc84d6dec50f188fc3fcf1ab0f,2
0x6abd8120af5a62ab112d842bac01d30fab309e75,1
0x6abd820bc217f97ced2d9183aa459891d61a8b99,24
0x6abd85e113a0b57cf25c9d75b7c6af51bd23903a,15
0x6abd871b7a34e05e18f6c7ef1d688150206a6b22,5
0x6abd88f072f88edc834baac4712a30cf66f967a6,7
0x6abd8b8d31e924c0a7306ad5e94bafa61b230e603e31724180f6d8363f739163,3
0x6abd8ef0792749afc8be907439c9fb8a8e41a64f,219
0x6abd90bb601b2fbe52f3c08243205cb52755040b,2
0x6abd9323f43812f855f42bae5aab463b4d0937ba,2
0x6abd95b473acaa41b21cf2ed1dc81b031a3f58f9,1
0x6abd95f446153e1608daa6e79b756477231ef179,28
0x6abda02e07ebcd03b7f7e98ac90daeebce60c6d27ed1d408f54149de4eb6d418,1
0x6abda925cd6e65101b565407014d8b3fff9b3c55,5
0x6abda987f501959c51cb19fb0dc889fc96c74307,18
0x6abdaacac9a7d3e81215631f47149c2038c5b1b8,6
0x6abdacf513ccdd63acfe9cd162016e82e5bf8372,88
0x6abdafaa5944885e1948e4afadb87a8dabfd64c0,42
0x6abdb17d5c2e7d89cb228217cb7e7a37fcfd9dd409d025a07f88e1c6c571978a,1
0x6abdb3a7dceeb98d3e02efc4b894edb62d5dd41b10185a03f30ba804587f210e,2
0x6abdb56ef47635109a063b8f25f32364b8b90df0,2
0x6abdb6bc6ed0a75091d8aa67031fe69ff921808a,111
0x6abdbb1a3f2d831ae2cd35db5c7a1a0607b1e4af,7
0x6abdbd37dd133475d8f93dcea8897fd5dd6f0245,2
0x6abdbd5da7c41cb0413cf1a6c4b3b26bf6c4ba6e,10
0x6abdbf5523692e0b781da22c25adb829808c3f03,2
0x6abdc40a560d1e7f69060c8f17ef59139ba2c250,1
0x6abdc8c659cac6f844ba3f8206becc384a4ff019,3
0x6abdca879f3534212ff9920cc2ba7b39e36edc12,1
0x6abdcb2e0ab663c11c352a87a01abe098cbe587c,1
0x6abdcf33e4bb339f7d98e3df760f75bd0c5532bd,33
0x6abdd051abc9c6fa9a9b5a3f27c2883f25b20e1a,1
0x6abdd0f140cb181dfaaf0964761b21f9da438be08c55616a552eda80d0c99c3a,1
0x6abdd14bf426ce252d817643bc9a1b4c9b1fa94e,44
0x6abdd15725a1e74ec20f345dcdcaec86b5522155,1
0x6abdd2be677eed8e94676e135ccc7e6e70765c44,1
0x6abdd36690f76074aaddcfb2204d12f797f6bea9,15
0x6abdd502358a569eb19af65a63dc3a2be21c9fcc,12
0x6abdd5956921e8e3e7eb4757996cae849f1f9213,4
0x6abdd6f8ddf061e2f179072c4c4997e613fad448,1
0x6abdd862b7cab363d99c6bee64957d87445d54bf,5
0x6abddbcbfae8dc95b77ac05dd665f18d7a9a5c6d,1
0x6abde042f33db7091d817dec7cf0cb04be74b574,17
0x6abde1d82b12359976efe0e784378e2b5908623be3e6a77da914c6dbdd7cc88b,1
0x6abdef865f1ecbd94f2d04f852f48c5b42012d09,21
0x6abdefaa8fabc39508d54100d06e9eaea08d9afa,14
0x6abdf0b7e3e8644f1f129d9ce925c1a3dd917d54,20
0x6abdf2dfd15e9a86c50f29d7e3f86304acf0012f,5
0x6abdf655b0d4bed6a7305ec7de3902883c0045a8,2
0x6abdf78baef65d98b7c79a5a115f9d6e0c11d7db,3
0x6abdf7d5112fe889b0efa5d9009d8bb9946b581c,1
0x6abdf7fa503b8bc36e1871d36542565675643a4a,20
0x6abdfc7c37d0b2414db7414f9a0d80511b43b1ca20cf6c1fa9450de4b39a2191,1
0x6abdfd7996bd64e00baddfe4ee4d54b3c10f922b,1
0x6abdffc18fcc475a483646b6fc43ab19e59a3912,1
0x6abe017fa4aa490129dc0db16b5e2b033fb64a2c,2
0x6abe026d6003ac8d24aea6717dc43e6e1ded9f8a,35
0x6abe049686da03383e9b963bbc47b977b9340694,1
0x6abe0ead7cfe02d05fd8d29a554d8f835257455d,1
0x6abe1d58018378fa82f682b54eb4e9ed9d31466d,76
0x6abe1e5c515f5852ab02e95412cb2e3d057d4264,1
0x6abe1e96ec18c328c76c55cbfa705e43c1dc12a4,19
0x6abe24aa647c4e11621ed5124a1d25dab7f23e27,41
0x6abe24e8b2846566ac387ebe4fa275ceffa460ac,3
0x6abe25aaaaa5fbe7a3846178f0f69092e1b6c36a,28
0x6abe2827910a843211f8c86fefdb62359ded092878b9481c1a9e35c842b0d54,1
0x6abe2e1dda7951cfa757cbca0c40c5c8f1e2b63b,8
0x6abe3285b8b05f94e92e1914a2039c9e4de59c60,45
0x6abe364dbbddf791812e60be7961958e65989285,8
0x6abe375ff66b5a45bc0c3e659969eda809d6f682,4
0x6abe38012397d0a0ace6aca713506fc6b525a9ff,2
0x6abe3ac4f5d5507d7e010d6292cbedb3c012505fb8def2b9b9b6d29acca17545,6
0x6abe3ca0a08f6053789ed48bf49d1587cd938ab6,213
0x6abe4c0f2b9f74bc64b172bac84e304ffbf1b5a7,21
0x6abe4c85dbb04c397a40be8d18ce8d84b82c77f51759537c3d6e0ed8937a6672,1
0x6abe4e9b70d0f2613c0b4a6778f8509810d45bd6,2
0x6abe4ec95c4a17f559e789cbb3fe1e5d443492a7,2
0x6abe54e0ac348aa5176913d9333a647a4668be6e,26
0x6abe55be180b53562cfdec6473d6ecbd2461947a,5
0x6abe58ba2a82838ea3a9e4008155cb96581217e0,6
0x6abe61b944421303f1eba5a42a31378dbc966bf6,117
0x6abe630f847abdf4500df39800c99497f91b44ae,31
0x6abe64393fef1b0bfc535fdb0ecdec6355013353,12
0x6abe69c5f26e9de44490eba8fe6816ad204ba8ec,1
0x6abe6a7d5c067c09121211043cd9d647a644af67,13
0x6abe6e3b5ae367ba87bcc6d1f1dbe99a67e43219,1
0x6abe6f656109816b1b143e094d3bf3acb926312c,43
0x6abe705d6fae18ef92535ce56657e95df48b9101,4
0x6abe70babff99e83eb79733fdcf2b9579366cb79,219
0x6abe73214bf5ae7a572f46097169ad99acb47792,142
0x6abe759f4a6f6f2772c2d18e678d20ef6adb6bff,53
0x6abe77fd229e7ad76fc13d0921ea7aa9293a0510,2
0x6abe7b19c7587aa2304e81297a9d81642fa29e3d,6
0x6abe7d5e28c2e1669ece3a91a9009330a7e0bf8e,50
0x6abe7ddaf76ee211c560ac94f144c7d74de66894f5f9896310b9356ecb9d0e88,2
0x6abe7ea3548dd7644cb26a9fd6e58fa3ef482b44,12
0x6abe7fb91cf0db172dd883e9a5e65c75746a353e,1
0x6abe801cfdd8a2b3af93500587f821e7b38b808c,69
0x6abe822da98082400e299e0021d87d6ab622c07b,11
0x6abe824cec10d7dd705d07fe469304ca3ba96d6b,1
0x6abe845c10ec8acc78f4dcbeef84153dd8cfec1a,23
0x6abe8b6f0a79098fd0fa836084594cab8809973d,1
0x6abe8fea6b1fb37f12678c8a17d64812db6f4962,131
0x6abe91fb651b80ad0bf362641f82b415d6fd56cc,1
0x6abe92568596719e5a24755ed227f969fd1fdce1d7a4a583ed08a551d2c9d6c6,1
0x6abe93015214a0baeaec8854ed89220bd54d886b,23
0x6abea4562496ba5ba2ed793ea9139de621aae0ec,18
0x6abea68693c0f17847b139698a9ce6151464f937,3
0x6abea8795a85f6c2d2676fde1d07ebaa476eff2e,2
0x6abeaab4c9bc8852ef5e0f70e232a58741e6268d,2
0x6abeaf6c473517d6150a87ddebea1e7fcac742f1,15
0x6abeb41f443aaf1c081533e2f7acc3a1364b7dee4153ec3c68d20e590c1585f9,6
0x6abeb4640bc7a487d9ff8964456232dbea1a9e3e,1
0x6abeb4b26aa75c68ce6ef3b7834676227b1e4885,1
0x6abeb7dde06c0f13e128b7f1ec20382a55d7635b,15
0x6abebd8fd921ddd49e102d4059a98f51bcd7e954,48
0x6abebeae25ece7fd87c7cf6487bbb5e7c11a74d1,1
0x6abec0c4ac2fbb24f2dbc041cb397ac1b2c088e0,682
0x6abec3b74f57969462bdde58fbb971d46638f0df,2
0x6abec63cdd228f2cf767f6c438ff5d9feff5f8c6,19
0x6abecabbbc5f1ca4b2d1e0e853c0833e39bffaf7,1
0x6abecb2236379db20ad98a5af650655f7c9ce497f60cb51f0b781d66aa8a2c5e,1
0x6abecb85a633ba4451a2d2ae3803734dd5b70568,26
0x6abecb9ce555b3368bcca639a85e864e2c102c4d,2
0x6abecc20ef733c6cffcf06fbb45f5495e658de13,69
0x6abed0e3dbdd14b2903fb41f3a87667ce949b7bb,1
0x6abed217e61853126b914debe784a9b1a90e56a46fe98cc049e80020ad087c58,1
0x6abed517deb63ab2cad6e02ab137b1e0f2e4127f,14
0x6abed5a9e1a0a32c20981c3c2bb86f5a79f41fa45223ad9936cc2107e91aa8f9,9
0x6abed6cdb9100a07fd4cf0fee165f3b5b68dfe8c,3
0x6abed76c012dd10798923d061d732c3190456768,254
0x6abed8267adc8d7ce3c31862cf4a2c947c4f8f4b,51
0x6abedd93e19d5c6d64b5cdbfd594986122828d0e,53
0x6abee55799f3d4c8a37e6252cada05f9d15d571adcf7c7723252c1415c21cebc,1
0x6abee67b5ca78d6c0404dbab50cdd6306579664e,1
0x6abee6a8c3b2acd30d40461ccc8ef3ce936cf786,73
0x6abeead0c08ad2c446f851964b89da94d7ed7f68,1
0x6abef209f8d03cec3672519da19fcc8d402e2897,1
0x6abef42650e3f18959984707d10c15dc529d4a16,20
0x6abef9eb59b0df865f89ba16af06267e3bcc415c,26
0x6abf07007ff9db9012097e10d1e2b9fad7742580,11
0x6abf0e570775d2cdb5f1f726e42fdc2c2ea7aaeb,8
0x6abf0e7f84e1dcc3cfef4813adfd9cca9dfb5c96,4
0x6abf0e853e007b971930ac544576a2f96353540b,63
0x6abf1543c7fd8f364625b7b410c579fdd95fc6be,1
0x6abf1edfb96169e446f1d544e2684845f6edc4cd,1
0x6abf2f723d244108dd8bb363cf478df076881dd7,3
0x6abf32383377c3f51429bf69bc19897e3ccc3a44,7
0x6abf35e4d4011e528e6040f658ab62c7fac69f3e,11
0x6abf387b1782f760f3c440c393de42cd0539dcb0d9a0785bf2cc32aaebff9b4a,1
0x6abf39881c6a74088387161f8746f991abf356d9,7
0x6abf3a770577cb2d3befe956e559f211a5fb2115,3
0x6abf3a7b5b55a431d04f68c27371900a266881a6,12
0x6abf3aefe392f35230344cff81d63bc54dd94aeb,39
0x6abf3eaae34c550561de6c82898663a445da83b7585490b4a3225747f1f0e4e8,1
0x6abf3f8581f88002b87699608183675b7f2972f7,1
0x6abf411ed65f47b542b291afe301551d977eac96,10
0x6abf43e02e94451aa2014795106cabe31534ecac,35
0x6abf46db6ef701ff91f1e805baed0ee179877317,50
0x6abf47b7312a35ceea855588e9d8da82ec86882c,3
0x6abf4942484fbb6d8c56b51d2341cc9dac891e86b2bdb7340a071b1cbd72ed84,1
0x6abf4ac4d5650df27bccf195cc62c3f7a46be655,8
0x6abf4bf243d882078ba93792341de2582800903f,3
0x6abf4d87e17b114d66d56b485866b880fa2ec28c,1
0x6abf510a0eabe959b896e7123b17050edc9d9aae,4
0x6abf54e6de0cc2b4278ddc6c46ff4ad0d51292c0,2
0x6abf63b995853c8579722b76a414cd286f5845ac,4
0x6abf6757cab1590da2c3fb1a25234b8d0ec59f64,1
0x6abf76e4083bfa471e307c4e67e2bdb72a2a70bd,83
0x6abf774379e5226a4521aa3757b1a20e076fec31,1
0x6abf790d3b4a80ebfce25dccbfa07f6f8e5cab1a,335
0x6abf7959427a28ee93689b859a5a9efc70ebd1f0,55
0x6abf7d676b0fc165d4b9b69bd7aeb9c126f3fd4c,1
0x6abf7d6e65bb9a5af5ecb5d15f4307950819aef4,2
0x6abf7e9cee52742ed95168431b4df707bc208b2d,27
0x6abf7f10b6bf5df50eb8d8957f5897d6b76322d12253a1777228a17c2446622d,1
0x6abf81b949a38e2bee4e70503293fadaaf9c6c565a2ac48d180f5f62716b677f,5
0x6abf82491fcbd5b8aa1368c3d836ff3ef657ae7f,2
0x6abf851bcf20157b1848e11252db20b9e4a4cc73,24
0x6abf852b00bac40eeb091a876ac0a1b5073025c9,1
0x6abf85cf8d3147c0328768780e40c120724aa1b2,33
0x6abf87f8c7041b0b4dc83ff53f61caf64b4f831e,26
0x6abf8c26d78aebe9eb1ecba175d9cbe22a622a25,31
0x6abf9326a098c38546bf786e1569a327cc9db60e,26
0x6abf94ecfcc979d85e3f6945e6d9927639de4d81,3
0x6abf981cc72635f6bf7a1d9f345dc2a7e203225d,1
0x6abf997f8f98b59362a832762b11aa90243a1e79,1
0x6abf9c6b1a938a13ba928a684e5f5abf7ab44bf2,13
0x6abfa004759e4118fd8117b5bcdaecec1532df7e,1
0x6abfa16217c0a2625d781384a2d7d286b256ea22,5
0x6abfa246f981b1888e29f80f854355894fbbd24b,70
0x6abfb0d4bc7f6d9eff2a48ae944c9ab17e8d5356,1
0x6abfb4a4e76e094410cf1f048e4ccb3ecdbb94f0,39
0x6abfba698f69526884da77a0984b5e7097118684,40
0x6abfbb331967aca3fd5b75d268e626b53204ef4d,7
0x6abfbb44a5ff532c777846435c51661bc4fe123c,35
0x6abfbd449a4f45511fc90660e7f698524f8178fb,1
0x6abfbdaf1dcd1432848475caa994ed2884a6a68791c544cbd8d728b82f33a1b,2
0x6abfbf645bfdb7d59acf3eaa608dadeeb188c930,70
0x6abfc4629e609a1482878346c338f6e2007531af,55
0x6abfc533c8ec36c756e32044cfda4f29cdfb613a,3
0x6abfca29a7277ec59bc62694083fe456169a7a0f,38
0x6abfd123dbc2641a2e86fcc7d42a846e04ca91c1,1
0x6abfd9ef210152281115091c5fb80e3bff92c185ccfbbd11ccf1283dac7cbd9d,38
0x6abfdd4e695d35d1b5c107b4860c1ba834a68a5b,30
0x6abfe20e342bbebca3fd174c533b82f79d6bdec3,1
0x6abfe3f1bc8955c238b8a24a4e30c68a4e738477,26
0x6abfe604f8af4d2b19b11241ab2a6f5c6e6cb772,2
0x6abfe7329aab1b4c0003501d9029d321a2842bb0,1
0x6abfe8799778968a62482f34514d78dfba6ca58a,22
0x6abfef7b0731b401024d78b326034f99621b1513,1
0x6abff0e4d9c9107f246c2510d627c1b32e7f2550,41
0x6abff2ae990758948cadf1f94787675ddcfcdb82,8
0x6abff59f21f67d5521a0bcc385090c7a0d444a98,85
0x6abff7292657875cea11e0495cb44fb93ecee94b,15
0x6abff9b6b4977d9ddf325235ae95de057f502f74,4
0x6abff9fabe08268ec86864ebeeb0de288e48f861,9
0x6abffa01bc2d7d728032ab3c76642c5d5543afa5,27
0x6abffdaf53edcc918e59a708f367c2bbd403f5ca,1
0x6abffdfde44ed6fdbbd1442f07b1165fed6754fe,1
0x6abffe4fb525234ddcc2635e8b6d29991a25c536,18
0x6abfff94e6a29dbdff671fe3dccd5be7ccc3a69c,1
0x6ac000f44398c945f4f3b562ced6a351e0fe549f,1
0x6ac003762e47628ff24172f4ed032fd77c468844,43
0x6ac007746f98c722dc85af4033c56c0de771be44,1
0x6ac00bb6574a5df6da21e83a76666d9c43922ccb7a75b2628b11a6d3d00743ff,3
0x6ac00c1cc8c01d792a75a42e75523520b5e6cb1a,1
0x6ac014738dc8d5415d7b0743b2ed24324e56d2c1,1
0x6ac01c0e588c16f85a6f1e0d826ac903576ea377,25
0x6ac01c4f4b988e8e1f7667e305235340d387d20a,1
0x6ac02188282453a8ba9ef3eea9407bf69f64c4f4,3
0x6ac0293b7647a9d807542a8b2fee5a222d35498b1543c30ed5ff933451ef583a,1
0x6ac02f782bdac14867c4ee3b2bd8e3258739d6ae,3
0x6ac030daddece1dab3160f176e82db351fa5b4fb,12
0x6ac0330a05fe41090faad5765adb128c37597f28,1
0x6ac033b0916fbe486e662f43d604f19aafc848b6,59
0x6ac03900826985928b69f48f27b1cb3c420ae2ad,52
0x6ac03bbbafe5d9d8714e0c537e3a4f627064528e52734cca372e5a9fe0842612,1
0x6ac03c8fa34b8d90b3edeb613a4095b3e25e953b8b7e1ba23fc38df7e2e77560,9
0x6ac03fa0b25f200c01160383be32a5f4d4083dfe,30
0x6ac043f366337f716efee85d393d488ceed43308,61
0x6ac043f9b77ea99975b2bb4fc715648049541a98,21
0x6ac045f98aeb639e4786ce2e3cc861c29b1675c4,1
0x6ac0467ae4ccfaf50eff9e0ce505b70304d01c7e,17
0x6ac04a733438ebe2240c73f6b33387a4c60a7494,11
0x6ac04de305b4ae34e879664283c50e47695a1a3e,11
0x6ac04e2b2266deef6a52918e72bcaddb83081f9f,3
0x6ac0503595c4ed1065adc4ef904fa1d47e66f552,11
0x6ac0505fe89312b993aa6b7cd3164bed9de9872a,6
0x6ac050a62dbaa12b66f201617ec5d1ccc52b8038410042b510bc9aef0f942748,1
0x6ac050efe0c145f231ce28fcaf99c7ca715b09bf,9
0x6ac0559e76cd0b2638839b626fd43300f1b40e6e,8
0x6ac058c2ef572c7179028a283067d26208421fb0,5
0x6ac05bcbefe2575efb3a668cee6b9439e5abbaf1,1
0x6ac05c6517adf475d31416c43faf9eb7853bac51,6
0x6ac05d9c13945ae61a43b3d14d6b95fa06e63395,24
0x6ac06862057ceb3af9f5e2b5b62addd639172aa1,54
0x6ac071807115214a29dcfbf41bc8816787b92bdd,1
0x6ac07316c35638a5342eaf9017272b46fb2b05fc,32
0x6ac07784138bc3df36c50fb34ad4bf7b371dd1d1,49
0x6ac08197a108ff5d94d3a25e89879a065d7b2858,1
0x6ac085c6a3478c565bd3a12bb0bd436cc0552378,6
0x6ac086053713efadd3396a8ee19d34378af990d2f03399356a5ae950421b360e,3
0x6ac0876afd77d40dc4087f9758daaff83e6f88bd,2
0x6ac0885ea6b64cf922d9210eb081baeafed5dace,80
0x6ac08e0c060a1dbb26a83854b7227d5d2efaba43b71ed85e02a31a8270cb371c,2
0x6ac08f9119d86229c571940a8b8fed63c6c97864,7
0x6ac09318d196a9b55e9501dd818781d9efe2134f,44
0x6ac094ca9d39258f892db35a19fafece8b896941249dc2ee98b53c463605252b,6
0x6ac099fab7ab3abb56734a5e54a390d6d60522e2,24
0x6ac09aae36f07f568ced70caf18d7ed832933f02,5
0x6ac09bc67c7f65dd6ce2482d8f5dd43d39f47bdafab9fad932d042216fee813,3
0x6ac09c9ede7e3099c161f3f6192bff6774fd903d939bb725d63a86049e51eab4,10
0x6ac09f261eb0119574b2ed7fa1670956c5c9ec20,3
0x6ac0a495a8eeaebf9d26b83a91d36e23e45b2985,45
0x6ac0a542cd338e93a53608644a2b36ce11686479a9e212eba13cfc6bac6a019a,3
0x6ac0a885ed84f4a2d062c60fb7daaf504fc8c47f,4
0x6ac0ab19148324f21f18d3c28dd21f1a4bb4de8f,18
0x6ac0acb6d54bb1cfa7ee4a4c6eb9dc59a6e1ab8f,3
0x6ac0adb782af44ae588534aa77117e4e633ed8ee,55
0x6ac0b1ac36d4ca1bca5605254def444716932102,1
0x6ac0b46b32dc429dbd129a503292f88649d2b8a0,10
0x6ac0b76dc8da931034384125e474f75eb42c8f71,1
0x6ac0b810317eae2b6d1135f0bc02fedcfe701cd0,34
0x6ac0bb7adbf87518a00499284d7c31a8f9012167,1
0x6ac0bfc388a52285d102a98601860c97041f3e4b,35
0x6ac0c16af5f4702638d410c3f7c18c9661f37daf,10
0x6ac0c1d8d4c86388cb140819f7dc87d5897727a5,41
0x6ac0c76af68ed87a6e880ec1a89d21516b4af730,33
0x6ac0c980be00c8d390e7e77c94641ab19c65a320,1
0x6ac0cb4eff8ab9ab9672a67bc051135d71a805b439a3188fabb91712c2f522cb,1
0x6ac0cdb95d2d3c20ce9ba88d55b17f7c0197692122dc998d8b8efe2c0bc87330,1
0x6ac0d2466320173a6d1245786fe1783d17f8cb23,26
0x6ac0d2e428c74dd409c56022f1a2b07c9e87108b3f28e83936596ef6afc42ad0,5
0x6ac0d46577ab03ac6b694bdf2cb72793ad8c2425,11
0x6ac0e2a1baf047beb5c646eadc46269cbfc2e3e6,133
0x6ac0e39df6febd2e940040b7d84cfbfc1134e67794f065a2ce76ba6700168f74,2
0x6ac0e3cee1e3a53879dcce387684133ec07ebb6098b3581b5b3bb717dd34e172,1
0x6ac0e6fdd01b4efbeec0465b0d6066fe19813889,37
0x6ac0e8dafa3b995e949f2cfd4d225274fee279ce,3
0x6ac0eb227b163f1205164e5b3cfe86e74b0193c3,31
0x6ac0ecef068ed7b6576f3a4c23b8b0d0ba0481a8,87
0x6ac0ed6dea7e291224c6b095a77e45c3ec04fdce,31
0x6ac0ede3d4ee421ab3df0bf640bdaa40ba920f33,24
0x6ac0efe56344e600f2b265cca464ff1fd7e692f1,1
0x6ac0f0ae335ee7177d3ce2ff8a62b15b4ed445de,3
0x6ac0f1e04eb98793199d6a8774d1906a1ec5a5ea,69
0x6ac0f502ac5b0fd19c10687c5f0bdfa9da6e154e,1
0x6ac0f67f88c8970e1b8e47503c293e3a7c60d6b3,69
0x6ac0f7394705c4637d4c83c87e87dfcc55df8d26,22
0x6ac0fd479c347054cf14814f611c169c5467a3b05a3624884f89f88caab4fd97,3
0x6ac0fdb808f75c49b308459defabdb5249e77791,39
0x6ac102d0427eeca8edb38bf0fd4e1968d98565f2,39
0x6ac1065a0275da813012d48224737e3ee478e1a9,10
0x6ac109e493791a338447379d0e23966f70ff1cce,25
0x6ac11278bbccae70e5104eb0d55b68d6ab2da363,14
0x6ac11442215a3bc8e551e456cabff7816ca31b1a,28
0x6ac115857c7b95e52b7824806de76e9ff5f0847d,30
0x6ac1193011dad558acb260eadf29ed78f67a73bc,1
0x6ac11a195950f9b8829bd96343efbd638db0abffb55000d88b3f3f39ae16eee4,2
0x6ac11dba7a265fb2488afc60078444a877b6c4cd,1
0x6ac11fd5ddc37a58118edf8162f6062253fb2a48,13
0x6ac1200e3921f2f3dee0a2ce626fab847569d802daa689db2128b897774e4c59,5
0x6ac1208bd283d1e6529c04324fe9346fcbe8a905,97
0x6ac1276cc87f4891d3911cf5cb7251a34cb0495d,9
0x6ac12833999dd6fe2d55faf03efeab1cbc6d95f0,2
0x6ac129406b1533c5004d9945147cb7bab8f374f1b70d89260e90516b019db1e2,1
0x6ac12aab5b649637519d091ccdc4bf971efbffc6,3
0x6ac131060775d7736f62380a760dd4dce234b4d44046b1de4309d65646a60c89,1
0x6ac13113372527865665da72b0307b282c52da1e647fda7c384642fa1d5b51f6,8
0x6ac138d8d6610c538322f44ed4fc2da446f6e9fd,2
0x6ac13acad82a8e096b37c50cf5f575be9d34e2a3,97
0x6ac13b7a807e4b6d25aa946e58135235caa6628020132cc22c72f8e747399444,1
0x6ac13cd5b9402cbcef2117e583888a01f6a2d458,4
0x6ac14f964c6c6514a15660d68fca9e49842d8759,16
0x6ac153629b09c42f7eff6ab40027d06e7d4a58cc,3
0x6ac15745d9d18db045402bfa97a8d79f47aefa60,19
0x6ac1589f58bca8bf14aed0b0e3be0faa8903bec7,5
0x6ac15b982d77a386c431434f0f5c353499bc1fc305c2e69cb776054d7254bd8a,1
0x6ac15e9cfaf5f0d5731d10fbec472d2379a7b72c,29
0x6ac1681ba52f904f05fa7b8c4ad9c4c9a70337e6,7
0x6ac16a5c29d74831f939c7fef023c28157e1638a,81
0x6ac16ec863d8c3a44b7d42db7d62606ab8ecf1a0,1
0x6ac1706dc81eb72fd3f39604d54e6bf86d193b02,3
0x6ac1707466e4bbb3c559c578807da9527f467ac2,31
0x6ac173414c0ffd693e492a5e19434f496c150e3b,11
0x6ac174c42a08d28e329e71bcd5a81b6e490072e5,2
0x6ac1779ae2f3bfd10f02b2505f8a5ccc5a98c757,1
0x6ac17aef56477a1b2c0acee4ac2a9a54f6a8ce79,59
0x6ac17d83d92ac7a5ace239f033cb99482e0404b7f908f358af430fc125854fa3,2
0x6ac182420c5c9187ffc8486ec3600deb6f1b34c3,6
0x6ac182520d0675329cfbfa1648856ed9525aabd5,22
0x6ac18377f80d236953ee34bc481bf439ea2fbe3e,16
0x6ac188bf69402cba317570d9b04dc65c9a2ef1703d26d36fcd4e7c6f0eef0b20,2
0x6ac18d032c984a2835d35c68d13b6b135e3a084d,4
0x6ac192bc9f3c17de2a779bc2c3de0497e86689af,57
0x6ac192ccfe55519497f708b7d633cc8f58df0027,262
0x6ac19441adcc82ed1ad127eefca0de600191f23edde707f2ba8510eed0563355,2
0x6ac197d00a7f1db0ab70685dad3e5803c8622d4b,52
0x6ac19d62a572b9bc7012deeaa0a721ac48d54162,28
0x6ac1a534ccf993b155efbece15f153078c86152c,14
0x6ac1ad805c7af1385e7306e32ff39643e33cbf06,38
0x6ac1ade13692f1be9ed74f6835bbee3759e1c318,13
0x6ac1afdd4c1a8dcaf2e153b9a573015327d72cdf2afbc5707612b220b81b146d,1
0x6ac1b66595622174b813a0140ed982c242ced622,29
0x6ac1b70e36d20703df223316fb144b204f6fb34c,2
0x6ac1be72b92ea94e0f7ab78691347f26353141c5,19
0x6ac1c8c9cfb9443821950c63f6488cb2dd868e28,14
0x6ac1d5ad4f9d7b5ebd3996b7cf34eb4c13163c50,57
0x6ac1d6f9662f7cb24109593abac4c7039d11b3ae,4
0x6ac1db87d30661bb84bf010915cf150fc6f4d9a1,1
0x6ac1dd7b3237b8c9db91cf538121e46cf24e3318,25
0x6ac1ddb54ef56566bda165b7f0c0f2c13dc59768c208c7d86e987522f2debc62,1
0x6ac1dde86e859f392c2a17a57d1613eea76f79c60e2f7a3bd77c36e63b487c39,1
0x6ac1df58668bea9f59ee140abe09f26f1b35453a,1
0x6ac1e58c8661b7011c7272fdf78c508b7cd7db57,25
0x6ac1e6182594a8529b55459050ec3daf7a4209ec16af8bc50ce228ad8cfd3ea5,1
0x6ac1eb66dba41e4fa552221cd050150a1e6c69a6,1
0x6ac1f350b8679214069cc41a09328e39c7bad4cd,28
0x6ac1f3669b5b17ea5f823ee6b7bf2b2c0ade43e70981b99c864bc83230b50cdc,1
0x6ac1f5acdbdd912828b258e6279ee1280037e971,26
0x6ac1f80af2e8534c29d8de7c1157492f2cb2f889,2
0x6ac1f80c1d85ed141b07f951a683cec5a5932926,29
0x6ac1f9c0aef7edde97f1fc04666b00f54e535cd1,1
0x6ac1fa1914a6f215707fc74659ff756ab9a6b417,24
0x6ac1fad6ebc807fb066a4297982fd2dbfd2ec663,7
0x6ac1fdd955ff935f0b583c3c05812d87fd96c094,77
0x6ac1fef7c1db98517bca8522b11f77d5601f3b95,33
0x6ac205acfc867418822ddd1a768b804765e04b5b,1
0x6ac207e147091ead86ca9d9bf0e331b96241fdb2,2
0x6ac207eaefa367a3979f31262b0f42f0353c9a84,56
0x6ac20a37bf7fc1e2451425825bad3750fcfb2b40,9
0x6ac20ddedbf4b4a3f0dcf1cc818668aa692b381b,57
0x6ac20ff84a8074d4c08c9cbe52cf8bc512a38624,45
0x6ac2129e3f1494c21e3960d7db9d3c6974c65af3,1
0x6ac213ea25cca6ea5948bc5c1651853f61e75aa0,1
0x6ac214dae79322134f905781b3a1735c5759fe59,1
0x6ac2158a73befdbc3bec927d4fd589b0a1bea25b,11
0x6ac21a4dee483b1f80f8bd4142fb07cad8bd971f,1
0x6ac21b7c12b082a584b9f9fe7ee089ad7b1198a9,38
0x6ac22a498a73fe0c216f9f536c92cc89bc0acb5e,1
0x6ac22e53a2860a1f2bf5057000d2b9b2d17aacf0,1
0x6ac22f52926405326590c82bbf692b011cb5fb6670d952c365d5801354f64017,2
0x6ac23000562f9d0a3cef07a135259d53dd9a4315,24
0x6ac2324278b46eedf29dd6871627a87242871778,58
0x6ac23275995d7eefe3f17b867a1aab137f0eeb5e,71
0x6ac23434d5821347af78468a178730d54ea4fe6b,55
0x6ac2361612abfae33ddd3eed9d9cccd4d10a6de5,2
0x6ac23900c1fa1588eb78e087136e614823fdcaa3,3
0x6ac23ceeb9bbb68f7cba1e83b9e6b0bac851ae23fa9ebbbbae829ae2ab56f386,3
0x6ac23e1a3e7f9cd776267b63abb809328efefe75,95
0x6ac243238f33cbabefb87a3e6f8e8981cf0bd6be,1
0x6ac2432d1b56ef5aee3698bf818cd037b2bbc7a6,12
0x6ac245a478e15a11b077911186fc0c588fcadfeb,7
0x6ac249c35071e7b6830ee7b5efc2abfe7436d49b,2
0x6ac25106ac574bcc59b2fc02e6b4348a7588d3c0,68
0x6ac252972c6e3ac0e414cb11eb772a8e146766f8,22
0x6ac2544f6c90c02f918b49ca2c55cf7d956fbca6,23
0x6ac2599e86d96e57349fdf42cda6fa6ecaf9f799,43
0x6ac259b0c83c38bd6194c3c269841fe19581271e,27
0x6ac25ec51e3d74a74a18d8388a352f66b62071fa,2
0x6ac261cdd6fd4581592babd12e0c85bb1e72a1d9,39
0x6ac2666880f366b5efd3619395f194d4097a511e,3
0x6ac266d8c1c64560f1c956377a70557fa36a3794,58
0x6ac26fcf26584d94af1e8065a0082e636001952d,1
0x6ac2724c1ff82e3481e02e85ec39695e675813c4,1
0x6ac2733f330b5eda8e01db58600d023acedf375e,41
0x6ac2776ffa7de0050905669c0cac37e6347d8dee,62
0x6ac27c2c95508909c08d197022acf85961632924,52
0x6ac27ca8f35f915e4be08329a31626f9961c0732,1
0x6ac27dee6c57dc0121a552724472dd3caca762c5,15
0x6ac27fc73faa5b03527c8d428d09b724d90b69a9,1
0x6ac2844ddcd1e74dcf41e52678d87d970f50e833,3
0x6ac28ac7d68f4dd7e65478acfe0feab5b168059d,17
0x6ac28e882218ba7fab97ba8f50bbb5de3f1cbde1,1
0x6ac29084366cd67c38f4453b69539751f2531512,8
0x6ac298347114021c7e20ec199298cdb72bc20a2d1b6f0aab4af9679ad0bfd75,1
0x6ac29b84deb4659d20636a891399ef7e2fc0c3bc,1
0x6ac2a262b9176f7807aa3b548a498698dc00eaa3,124
0x6ac2a5d7a3aa05fa6249129f28ad259b95e52181,1
0x6ac2a6e25336eb0d7c1c36f662624c43456edf71,13
0x6ac2a8246456070328591f0584e82b511bde6a3d8ffd10ab1e84b83307ed36c2,1
0x6ac2a950f33f39634eef7b5ca6602be6694b1f88,79
0x6ac2a9d7fe12fe45efe2e057f08a9f3061524bfb,1
0x6ac2ad1ce6438830707e0264315fdceb674b505c,1
0x6ac2ae470d1a4e91ab77695e23a2302ad14c5d3cd3756d96bba7c778f89a963f,2
0x6ac2b2772dae1f5b5731d22e20dea5459b943b34,35
0x6ac2b3737390b6d888ad0a781f197d8c9b590024425782d36efff495d7d46e17,3
0x6ac2b4c0769dadee1ba0a4078772c43611816fcb,61
0x6ac2b5e35ba0a166f7fcc17e0c97af84c2b48d3e,12
0x6ac2b90113d42955514b322e95d283b3c10568a8,22
0x6ac2b925f3dc9787116944ce3f9b9a9ba053d92c,16
0x6ac2bc22af13b902c5ab2196766deed5ef304efd,8
0x6ac2c1c3dedab58fb88a8ac87e2f7e4eca9de5f8,5
0x6ac2c6091ca192c8c573ce8727183659b0d4478f,1
0x6ac2c7a504c994fb21f5549a0686fa91e0bb6aa3,3
0x6ac2c8a7a8a1a36fe628570096c7c8eab55f0b650cc2cb4977f513dc8904436d,1
0x6ac2cbaad561840615f5bd37deb22f1a4ccae7aba2dcd6fc0ffeda74520ac653,1
0x6ac2cc7085496ed1df078cfd54f0a859cd3a8790,1
0x6ac2d02954d4d021df3da0167dc1c27df6bb393f,13
0x6ac2d2b858310b3d2536e803a07009edad8557b5,3
0x6ac2d3c90642fb4b6d42dc48919cbbe836a39d2b,2
0x6ac2d65dd411f792cb42ddd321401f11742aeb2b,1
0x6ac2da44874170c82ee21e90f8d8c9845c114a70,24
0x6ac2dce679ba6c9182792ffa48305bb917f005c0,25
0x6ac2e2ab03e2e9b102eec00fe54606181ed07bf5,4
0x6ac2e739b2a338cfc8d9fc6acb98fca400606890,3
0x6ac2e962a61a7d7cbf07b009b91c4ace0268503b,1
0x6ac2ea699c98d1bdc5ffb2ccca764140f0b3af65,3
0x6ac2ee019449413f23a58ad4371bca0a511456910e45c4cd9d207546cbe42e04,1
0x6ac2ef7e49a97d97b9f80ccb32dc8c24261ed0b6,51
0x6ac2f4968868f80bb17f0b22d643b21c2eae5b7a,1
0x6ac2f74fe0500af53d17c569cb0a97a74c0066a7,13
0x6ac302797987da9f417c259b5a5d38e57904f0a5,20
0x6ac303473511dd5e48bbc2cd196ce650a6ea933a,4
0x6ac3057ac392ceab7b097711ea04ef1c27549e6d,5
0x6ac3068de6d85d8d99bad503f89f6ed399a6f826,31
0x6ac3069a06d3db3e538765466f50af4c097a4aaf,34
0x6ac307c3f562cd7509327458cc82f782592ad17c,52
0x6ac31160f9556dd3a5cf07a11b4829ec1f3ecc2f,11
0x6ac314e84c1f4bb5ff48282d398742efe25aa9b6,2
0x6ac31b57b7cb302d2e60de8dad556bb0bac7184a,15
0x6ac31c561151b66cdc2c6952b72b1f55f48ec3e6,37
0x6ac31fc4021ae02633855f1975fcb907e58a2747,80
0x6ac327df079e7f67175539a4ed6c91ca9dbb122e,45
0x6ac327dfc0eb2e7d67f58bb2994ab995df4ddf21,68
0x6ac3284145c50c407783e3c160c7ea1094a3229c88335123ce6701340368a659,1
0x6ac32d00fdb7aa35c5072253eeacb165ea26ff0e375c84a3ca3840c1d5c42f66,2
0x6ac32d2ffe764665cec013feca4fb760bc4bdb25,1
0x6ac3308a7d34e20321b90b1eefc16d67b4513c4b,2
0x6ac3317e108c7fea739dc7a083aa40e45ddf4c16,16
0x6ac3352f6c5796bbfc372719b1ef9ee951a100cf,73
0x6ac3378eb6200259819e7257e97bfaace09fe1ec,13
0x6ac339a01c73131819858770df16c005b64783807191915fde9d3da5b223d818,6
0x6ac339ea336072461a2aae85d7db9e6512c50e4d,5
0x6ac33a801fbb40040cecb948689579f28bd336c5,23
0x6ac33c4ec4fa902c019352104831419533afdb89,1
0x6ac33d06c6c7b1bec2d4db59ee399a2640bbcfbd,1
0x6ac33dda09d4a5ebc74f23597abf8f284347fb71,69
0x6ac349ba6060d28b86cb29f3248ed1cbacafd0ae,81
0x6ac34adf4961b298be5f3e17671adccd8c78c600,4
0x6ac34be721534b665fa1dbbbc30a371228a3c21b,1
0x6ac354fc13f613471878126620abc81b7448e393,1
0x6ac35578503504215d011a436110c6c3012ed34c,131
0x6ac356873e23fd87982b252bf723803f53031456,33
0x6ac357e1594069ca442bcb94307c0dc6b4383c58,14
0x6ac359924348dd492a7751af122d781db984b70a,180
0x6ac35f0f4d5550779f2db354cfef09d471668408,1
0x6ac362923b5b24a9ac6c66434d08c700138c12b39a5a48806addaaea306b0c02,2
0x6ac3635dacfa1d855b732ed1aa9101ea1d4a3ba6f1e50a212e2547311c190bcc,7
0x6ac3658ae2809e17dd33b4f085a822e2c908b1b0,2
0x6ac36b03e2006cb882f798497e4f7a0348da9b17863f6ba0fddd32ce92ae6fc4,1
0x6ac36b08ac6b44eb8cb0757fbd5ced91615ecadd,5
0x6ac36ec1c101b5ba2ab34f9d82ed5a1d1f950e5a,79
0x6ac36edd1f4e1116364b6120df7a797705f6068e,5
0x6ac374198339215d286d65a88ef0b5f129c2bb4d,4
0x6ac374abfe47f9bab81198d86a91bf34091a54be,27
0x6ac37bbda259fdfdbc793509ea69c0abe8dbbfcb,61
0x6ac37f3ce0b81d9c14056dc24424515575a81168,1
0x6ac3808fe4e06f6aa14452f4b0ab2a8cbfa9680f,2
0x6ac382d7b6a78603fec2b7093abf6dd633804eec,6
0x6ac385f87adb95014ed03fcfdf10ca260081a494,76
0x6ac389c7f6e035d15b1cc73b661b4841e558d6a8,34
0x6ac38b7abde6abde9050a0ea599ec8da1fbc2667,19
0x6ac38bd49bb9ad1f1a0ac8d82428d966815fd729,5
0x6ac38c1b55aa32a8cfc13b37917ee945d66f7710,8
0x6ac38cf3d8e203d947e0c102bd12030c5e8952a5,9
0x6ac38f7f40811b1554d3ddc62eb9e62c7033a904,105
0x6ac38fcb3b86a83f637bbd07db5ebdd0ae7b35cd,21
0x6ac39182ebd30c13c4509e47273f10521d24dee8,63
0x6ac3968927be19131e5cde79c5b0b2610664c0a2,1
0x6ac39789860f722f249f587bc6bb47a75974fe09,21
0x6ac3984a42b9295e8b98b6accfb7f1fb26a255a9,1
0x6ac39b54dac2d3f2d09b6b1c702b11dd222cc437,25
0x6ac39b9f498ead1a8df44cde1f91d94a92060aca,1
0x6ac3a3393ba9b5a3c3d666b3eedeb28648074839,6
0x6ac3a5cf7ddaa1be6c277101df72852317a37d42,1
0x6ac3a82b525a15bd4a890f38a2c19e5725a63fb3,47
0x6ac3a90141bbe56d50e66665ba9573f83b1f484e,13
0x6ac3a95e5eeb828c9f8fdb430e1f0f40c456a640,13
0x6ac3a9c0d1043ba029dfa08a2a268d4f5ebbaf4fb4d18e44aad88a396993f6be,1
0x6ac3af1632c0e6fb68bf4cec320624c1121e48676b62ebb02574fe127e1c1fae,1
0x6ac3b0ffcd7bc99b1d327d682e662c11f4174aef,23
0x6ac3b160c7c70b49cf62f8df73541a5948246d6b,34
0x6ac3b1b3c957a98a6ac7d895319ce0dbb61328e6,3
0x6ac3b34143bc1d72d81e334dd246166d47f64a4f,76
0x6ac3b3d0e59b71911a8ebcd76503d9a6da1f1574,2
0x6ac3b42a7f467402f992b36c48b7919ae0476ed5,1
0x6ac3b6dca930a781a54a6ac0c669a97cec236f53,41
0x6ac3b6fd3207f094bf874a71261c6f96fa206f9749d3da8bd11295fcffbe6f23,1
0x6ac3bd396b97c655816859f9c6f32fc66d7fcf86,56
0x6ac3c0cf12d6152284cab74b5d759f46aa3bbf02,4
0x6ac3c401ef76f55a9b0995bfe596050c77290299,1
0x6ac3c88a7d89d41dc71bbfc846ea6b6ec1805b78,1
0x6ac3c924844b0faa549bf27f1e43b23fd55a2a87,1
0x6ac3cee8958376b60823bbc681e459e147ba9290,3
0x6ac3d13bedf4d20dbdb396d1b091f8b2bb49ce2f,2
0x6ac3d4e92bf1b969328cfb167f594359a78741eb,1
0x6ac3d914d466367c1df281d328fd44e22e92aa5e,1
0x6ac3db640e9b0860d398bb1f595bd247ad04aadd,30
0x6ac3db7731d1bd0f1ed5bb1e24a3d442a98db41e,51
0x6ac3dc4e817217b06864139d8e8e5541fb0c3cd3,18
0x6ac3dc95d4d4feb9defd47a0fcb8e472b60a098c,3
0x6ac3dfe6ca9a6d8b063fcafff58d6d659796197b,1
0x6ac3e5bcc73a401930021f592c4acd48480ac025cb0a96bf3be0b54bf83f6b74,1
0x6ac3eaaa2bf763d0884f175a2fb078a2fbf21f55,1
0x6ac3ec87cffbac4759df7c7800bfe9ac2b802e80,2
0x6ac3f7b620c1de97440f9110e49f0a083ae5a50adc8152f20affc42b22364b59,5
0x6ac3fa8e3519354d0c05c6b4c774a36cb82d44ae,19
0x6ac3ffcb652c990a8d9ca9bdfba61c2ab0208d72,23
0x6ac3ffdb1ffeca7149d217f822317e75a6a29cc2ce59a1dd507a9b2f35eecb8b,1
0x6ac40418050e2fe4dd9134fc236977396c8de33b,1
0x6ac404d1704e16cbf2ef1a3c9d6bfab94ac830dc,3
0x6ac40878765006d1a173fee434229cdba89b1f74,1
0x6ac40b84f5732ccc2d21ebe71f2acc4140314843,3
0x6ac40e43149ffa03f40aefaad4cb70136bd19b6f,1
0x6ac4157c622e0af394ed9148b62a67567f96f7134bb9965e3e9b50fbcc94a33a,1
0x6ac416176873b6a365874339c005ee1c043363d5,1
0x6ac417fb2dfdee1e4cda3b0eb04ae2ae3d93549c4ed570c2fa10452c65a2b5ec,1
0x6ac418ffe226d9e4699c5ff5ece1a4daba08b360,21
0x6ac4196ddd82ee68c0258df366f4d91b2813e3e5,11
0x6ac41b97725503eb386029c5628ca60b66e6084c,29
0x6ac41cb9fb832a28d47ec3e52d0acd551946438f,20
0x6ac422dc6793d1336102479583e4abc02e57e89a,3
0x6ac42493e2a6b64d1fa9ccdec4641834fc883f31,64
0x6ac42518c68df6be08ea642145fced275292db7c,1
0x6ac42607ac24f6d3d92de3a2c3ac67937483200e,10
0x6ac426e6cc783759c53c20147c0d4f1fc761d8e5,42
0x6ac427b13cca332bfad0dc0cc9e755afbfd2641875b8e6477f5b9b0cc5b56fdf,1
0x6ac4287ba6a51bf8a361b575863d47a559e2859a9253a0f283ed5a1262c6953,7
0x6ac42edb1686fd83d2a875fd46483522c114aa0f,50
0x6ac43500dd5d0cd093f80ffa5e0f5a4a29ee88fa,22
0x6ac436ec7f32c27009a53be12d3370db1059f2c7,18
0x6ac4393cef0b8ae5671a9eda8b078b10f8a0d8a34920d4091ee3998225d998d4,1
0x6ac44224e483815e5e1b777e6c071b20b1b7fb07,37
0x6ac445a9d0c6adbcac854f68988607e80554d303,36
0x6ac44606c1afe69c49cf2c837c7b2d11feb9c8a2,10
0x6ac44ab2f3ef0823712e6800f99115a91506a469,1
0x6ac44c03f2491d57aefa80e3148f6b4cda9077723c156d58a508a390b2cdb26f,2
0x6ac44cc0a21d39317e4fce2bd12357a1900d566c,33
0x6ac44f6715c7f90723ffc9d7a104a1f03f1fa587,23
0x6ac44fad3bbfbb051ec102f496af7588d2d1b529,39
0x6ac461da5e59063a84d12e8e3e38d8740c1aae18,1
0x6ac461e92b83416b621daef6eb62e51af82ec6e1,12
0x6ac4620194287c5a3bd5fc29beb5645eade9a8a461414dabd6fd75ed522b0052,12
0x6ac4622896320ec46bd87b2e86a8ef4b16e4812a,1
0x6ac46a96bba87e9c1e8b2856fb811cdd6560e041,88
0x6ac46c2fc1ba13eb658b4b5188881c3533776198,1
0x6ac46ff5e1fc4733e4bcfd60ee020e0676ce4a4b,57
0x6ac47124a4b9fac8453f7276bdb23d6b613e6390a79ca7fc1baf7878275361ed,2
0x6ac4731001cae0cd389a445b6e5c2f245d6968f75ef60cc67d246faaa531c544,2
0x6ac4761173684956655f2b0bee426289f1e4cb3a,1
0x6ac479ccc454c77b5ebe3e802c9bc88d36b75a0b,3
0x6ac485171b30ff1f8c31f4a1eca45ad9bd702476,47
0x6ac486bfc8385ede106454837c88f28ff42082d4,14
0x6ac486dbfcafd3fc81ee4d4289bf047a7c338d0534112bda5ce356e0c3b7d2d7,1
0x6ac4871ab8c771a1c9a1f546af93cff45f883125,3
0x6ac48d05db7ddec7a9339ed7f9f40fe4cc0d0f6a,3
0x6ac48ef84c665c5b1d5752d83da4909cba7cf97abc18d74d4fd88086b385a1b3,2
0x6ac4928c19d2efcaeb0a1c67fb22fc34223214fd,69
0x6ac492bb58eabc6f290d1027636b7fe66483a979,33
0x6ac4940d6f350f2a81d71886674ea375236d604c,14
0x6ac49613273add8d56df21e5be50692bb97be5104778e9a3357c442d162a3429,2
0x6ac49f400347cc353c4afea489fa1ce7c171367b,1
0x6ac4a08f54a1cc1e97c793efc88d3ef0e58f6da8,27
0x6ac4a2932f7d3bcb16ef638ee498cb6e3ab08b1860e2c5cd4830f488be89625b,1
0x6ac4a29a3b7e5057efeb0236ef7a2f0844a0dc4b,52
0x6ac4a2a9988f03af324dc791ac35ab0c990995d35edd899de4a12fa027f56395,1
0x6ac4a4f728daf10f6fe16de9461e0759a10e0d68,18
0x6ac4a8ff2d791f8cde5b32b728693aee51278a43,18
0x6ac4ace1d9eaf3e2b0d2ff1328f81edc7b093038,87
0x6ac4b8dda88dcafc514a297512bfb8ff7b4eef3d,92
0x6ac4b95b2822b97921743ce22fd4b6e0ab13d706,24
0x6ac4be29129f29e233b80f707d7e33dff835d0e4,31
0x6ac4c0ac4b286580431a4536f53a626d6cdfe211,1
0x6ac4c1da6ed78b64447d574032307c28ee3ec8f7,2
0x6ac4c657fd31303913b963d5e5a0f1f3761fe0bfc39e312658f1fa96389d7dc1,1
0x6ac4c65cbb3b52adb64e4d38d522fbcb1dcb78c75e41dbe8ef7dcde53b03a0a6,21
0x6ac4c838464b0630accbf25a19519834cf6121e6,14
0x6ac4ca74eb192b3a184d3ac9ede3f85570631f97,52
0x6ac4cabfdd52994f17e7de43be7ab73af5f6ab49,80
0x6ac4cc303d5778469d8fc1ac395579336ed796b7,31
0x6ac4ccea5f7392de5be0b366c54e88d11dd61f55e0885908dca01a455cf07f40,3
0x6ac4cd6d95084f244810ffafdb469a7e329a8ef6,5
0x6ac4ce1bad3b745366fd142aa806148488441e85,1
0x6ac4ceba6119f9b30a49c5b13f484c91a8c660fd,18
0x6ac4cf12d39854cd7f98803a4d48d1210494687a65a11d82ff8df48b19dddef4,1
0x6ac4d774ef088d3b39e8e915d6783b201a97862bfd4d0781d142fb695f6a0d2e,1
0x6ac4d86a6677302cefb2c249de52b886e2e155b5c7cfb03deda9dc625d3428d1,2
0x6ac4dc4c680d5ff70b206cd76aaa2db0685539cf,24
0x6ac4de8cedfeb52979b253ab512ce550cda20525,1
0x6ac4e07dd3bc867a247ad9aebcd6d01b2ad0d96d,1
0x6ac4e41154e5f2271b61bbf65368b3db1c5a31ca,35
0x6ac4e4729dd69f479da569e0eec792a66594cd7a605e09a846b956ee6a345009,3
0x6ac4e5cba4d6aa50e906617cd6c2a915a793a43f,35
0x6ac4e63c48b0def27ed0e5b90204f753b3a7553f,1
0x6ac4e84405ca83a169cbf692e32dfe8c913be50e,19
0x6ac4eaf78cc3f10b6d1978c7e3ef9669d578b18e,9
0x6ac4eff0b5e9527f141ac25c91e008cb311c1327,24
0x6ac4f543e25ee48470959eb9f42835809786d358e2e257688ab4322e5aa94f42,4
0x6ac4f598abeaf4ffa58870666c4d6f1adcf3bf47,1
0x6ac4f6a3641254a6a3dee905da79ee701d1e7ea2,1
0x6ac501d111ce74e665b12420c62147a5b1fdc64e,39
0x6ac507063b4829b0994368c0b3830c3d4d0d72e5,3
0x6ac507e54b6f592702316e2643d6aca9f316c6be,2
0x6ac5087a689ae8e23e317dc92de9dc9d9e36a051,26
0x6ac50928cf84d84fcc4f2ea4b399c62821a520bcfac656ad23dbd1b1bafade9,2
0x6ac50cc6759e38fd971a55837c5fe60442a9f23b,2
0x6ac5102d81aa7dc286ef568d0353ab6403d16582,42
0x6ac511b5db18821b3a40deeb916fb763c93c0799,1
0x6ac512df9590be981cd21c93dcd28b47036ca6d0,8
0x6ac51572349ec968d13f9d6e48c7e9c49e54b43a,17
0x6ac51627b9224f3b452b2bca724d88be69453168,5
0x6ac517b2c7a611bdeae2b5767292fd45ecb7a070ef83e61a796fac329e4c1ec,1
0x6ac51a5d6fcb732a175b097341bf285fc9b84bdf,4
0x6ac51ae7cc496ff05da343acdf86c47639692e09,111
0x6ac51c0f54992d46a2dbc30c2a0c2d5537e22587,71
0x6ac51d3f5929b90f03c7662946149b83c17657c3,3
0x6ac5236e4f8968c85cd242cd23ad1b86961e9a82,3
0x6ac52952c44f98d14113d96149dc662d2aa606be,53
0x6ac52b909076c01430617890b8f6a5495d171830,31
0x6ac53239e515fab62c08991a222a99252c33ae27,2
0x6ac532ccb0de9bd826a95b46410b511248a551ea,34
0x6ac53763803d63971830adbbda8e5c97a1d4a71d,43
0x6ac5376fa990f2143817f7898b9716e50e847637,2
0x6ac53826e6f94dbfabf2641dc0eccf9ac453fa97f1733d54e3fe17123a0e682c,1
0x6ac53ab3e0d4f4bcdc2b8e9ed86913c7289dbef90f3a544968ebdb843ad06547,1
0x6ac5465b410707e58abae80a9eda2c4b660c8134,2
0x6ac54906d7eae6bec5c7fbd26988de4bebd621a7,44
0x6ac54a8dd428b9bd5501f397afc47bc2c3f2cdf1,132
0x6ac54ef0f703777a7ff372e7e351f19e23a1d0b309de2e0d3786d045767c5d33,2
0x6ac5579d7dba9b25901f2230cd2c6bf8447b0d81,1
0x6ac55824f21b2c82ca64110dde70fd8735a0b68e,1
0x6ac55917a3bb2e1b6056b65bc1e05e4c30034368,17
0x6ac559d791a7a4ed610f333b051d0eab344caf1d,161
0x6ac55a937ce34a2641e48603ce7cb8f86adb6ab5,52
0x6ac55bd80e8b9d13052a427061381474b8f85ade,15
0x6ac5646636d41b56abc42b226053a54874d2b8911f4149fb083699ec857b13a8,2
0x6ac56528e64bd1c00c194b08ee5775af705edce0,1
0x6ac567a415a5290485883d9b4418ed8cc2654264,15
0x6ac56b5352bf928e42a0a1169867b39d7acafa4190f942e57a59b0d2f07d3c7b,1
0x6ac56b9d80d439fdc3af055e99d5b35729e72f03,1
0x6ac571fce11471fabedbae8a5bafdff10fd3ebcb,7
0x6ac572bd2e425f0532c884a253b15557d1a70f37,6
0x6ac573184389238394a54730b4bdf1d131fc84c39dc68e06bdf78f06e474d295,3
0x6ac574bc4ec358fca0d38ca30522e8b17690872f1cc364051caef2bc2ee884f7,4
0x6ac5755992f781674853e49c6846bebb89afcbc7,6
0x6ac57a30aeebd16e83e97a420e1f04dcb56ecaf9,27
0x6ac57d0b6b2ac6467cba1a334010c7353dfe9a38,3
0x6ac581d4741b44f9817df8df82b01bbcbafdc26e,1
0x6ac583500c6f16aac6a804aee7d70073f14a089e,13
0x6ac5873db6f021af9156cf28486ad65efb69f0ed1e713a6d7c5f4d1548c0c23d,2
0x6ac58c0faab90503b2170d91cac35ee2a2d5eca7,2
0x6ac58f85fb56d6a511ba90f0dec2f37d47ba41da,49
0x6ac58fc983f85cdfd5eedf9c4f688fcf6bfda29f,1
0x6ac59013d4c05131abf65e61545557e2fa8203dd,91
0x6ac59014441af1faa66090fca80bd213c1b6039f,1
0x6ac5903d1c49ab7109305bb78a0f74df8dbbd7a4,1
0x6ac593aafd6d4410bba90d6d19afad3a07f31fef,57
0x6ac59af4ccbbadb517ec4dcb9ad9142715096b99,123
0x6ac59bacc98ebacb59e9d23154e52ba952396b1e,1
0x6ac59cb26c5cc377b17329a5d261de522c48e6f57306c36d3809ae952fd65d8a,1
0x6ac5a218877b4112afb2a6e2821d2e75772abd8b,38
0x6ac5a42fc42185f7fd6a28c4d22f38cbd7e46f79,1
0x6ac5a4ed92d0e70d2ca6262d41da65fbbaafd4ee,9
0x6ac5a571d4d3c80eedc4ceb99dd6623a5a09dfe9,1
0x6ac5a6425551c260ee92e8de1f174af332637021,1
0x6ac5a8d0203b9cc4752647f2aa4aa87c7f290774,176
0x6ac5a9095d43912c5266fb00d76cc38a1b09f369,1
0x6ac5ada9c6dacebba9a0ea957516f84f0303fe93,4
0x6ac5b189acb9f7e5c1d2629fe900564a5d1b8593,1
0x6ac5b2f29a105f6530180d617e182fac7571533b,2
0x6ac5b5a38f662a075284821c66d4d9f155dce445,23
0x6ac5bc1456512721fb3b14761afacd0e8ef523f3,9
0x6ac5c0ef220e2235ff69def7b07b83e9a0dfdf63,7
0x6ac5c571f1ec0f5cc08c2e4b90e727622102047852f149f3536944870b753a2a,1
0x6ac5ca8cd380adc0587fbe754dbd89213ac75385,3
0x6ac5cdfd28ef1a047f855bd4874b372f31382095,8
0x6ac5cefdc7ad328ddacf3b6c40f6f1ab8724a293695aad0a8cb409fe4f7217f8,1
0x6ac5d0d1f2d80f97de90c0b04cc904c257b258ff,4
0x6ac5d1ee04fa76965693256c059d1d79970cac99,3
0x6ac5d1fa14c7410e6e1cab0c849a6ae2310d2205230cf101adaf25026e7401e8,10
0x6ac5d40f097dc65f8e88ab7ad801d8dbc99cfe8d,46
0x6ac5d69694abf0b9f660bb3752a4ae31db041c48,26
0x6ac5d84a59f4e8d2bbd95b5a458edc9eda5aac13,54
0x6ac5ddb0a50d08a1fef4bdfd56889ffc32a3312f,1
0x6ac5e7e9bc8635360b297e2098c7fa0e5f1100f7,2
0x6ac5e8276445ae02a434d4f2477d11579ac09963,1
0x6ac5ebf5c2829f7d9c304bced6125f08277fb06c,2
0x6ac5edf5836fb2ee3643fb7eec06392fc482b33f,1
0x6ac5f1e9f3a936632265caf986091279fa63a71dc6af9db6c0944a82eb195b88,3
0x6ac5f40e0e648f55a6b1bda7864bd895037bdd73,3
0x6ac5f6a6b37f63d704d5b3a9bf6148f938cf6525,52
0x6ac5fe1d15d1402fbf417cf19dd955705264afdf,1
0x6ac6038dc95263ce9129ab01eaa5ebea6886473b,1
0x6ac603d8d09f56e519c25ff351ffd527b7c4949c,26
0x6ac606189ceeb2390500793782ba031f1b1e9b78,33
0x6ac607200927f1880d4eaaf655c0982439bd9a9e389e416a105b49684338d513,1
0x6ac6099cbac8f674fd3ed4115c1aa317a0b420b3,21
0x6ac609ac75bda3a602e94b3c8d56ca73ed3005b5,6
0x6ac60baa3e8a7b6582429bd484b0ba3dd3085b8d,1
0x6ac60d3b2eeed95f2d0bc25532776888ebd16080,15
0x6ac610ccbebb40139e969a9280046422792c5c5c,40
0x6ac616af2856488e50f9a952ac5a3efc611d2564,2
0x6ac61814f03cdcb16c806eef99542cb5125202a1,1
0x6ac6183e4983b683d26ad9fc9abf8501178d4763,1
0x6ac618a12c0a7cb88900e2df567a0d3e00e75771,1
0x6ac619720c37fe4b74f571f36253b5db1e2349c6,56
0x6ac619a0212df90ec41f8fbd2f7385f4a5f19214,1
0x6ac61aa7bd2700dba9aeaa13ad21734958619ef8,2
0x6ac61b515eea0c5f0608023eb7e309b162133023,80
0x6ac61f52302f7867cda37862b2a9b2ac7387d726,4
0x6ac61f846ee03f85a202c16ae80980b841f502a7,26
0x6ac621b2cf87d186cc87499636b7ef35a8ddab10913eb219e8a2115b820f7dd9,1
0x6ac622be226e1667b948c1959b924f3329da9aa9,38
0x6ac625d107ceee595a35c464ed4c113cdbf20fed,70
0x6ac626dd05126897d732cfef50e5f32cbd5658d9,29
0x6ac62a87e00b235e4d89e315e5b9d59b2be80b4f,2
0x6ac62b530d3a23f7c1f5753a9d3f9b70c3739c93,83
0x6ac62b6d6988da0206c409d6b9d74f4f4e3d09a4,144
0x6ac62c9d2fecf0d7b75fad735be4d7f6d8410155,3
0x6ac62fe9e69dc2495625312854b67d7e8662ae27,1
0x6ac630229efd3251e102ec934dfc18947247343b,50
0x6ac630e2bd037cd19defcee19dde40ad73d97a221d505c70b8fbb2609c6744df,2
0x6ac63226f70038611650392ad4bf4c0d8e01c66b,1
0x6ac63891f829a891f43cd33342c1fa7a080620699fe72f265032107a22114e97,2
0x6ac638ade092aac585fefc0fd1192c56c2bf22d0,13
0x6ac639205585a8c01d39f5800bdd6f1610e63dea,10
0x6ac63b086bb9dbd39cd388756c7d53317c0db13d,31
0x6ac63cb6b1cc7b5b0907813695e1b4a4222f00d2,27
0x6ac63e34c8958c65de7c2e0c9ad96f6802ca558dbab18205f0ffd275af98019b,3
0x6ac643376d824fd91c222bef3749f62844898758,28
0x6ac644014d25254eb804a4b809d79094e8329928,12
0x6ac6452027c0bbb6704d721436ddd17fb7cb80670d80e62b4e0b4d1bfd6b3ad1,1
0x6ac645cd77db2056b0568f4a96f44af07c68d17715c9df092ea45b15155595ae,1
0x6ac64db79c219f18cf33f8af16a62d1c95fb62a8,1
0x6ac64e5b9ab6e671d49cc8b4d47d0673ba4683f0,17
0x6ac65729027a52a9add4bb00d551c575dbda5951,81
0x6ac65910c09cb26119cc5779f13a611333aa6be0,36
0x6ac65a7d746f76e2f082ead6e6ef3646d00e2caa6002b80fa7529bb73f9110b0,1
0x6ac6624c2ae5d881fd2f557571ac4960e2a5de0be0055c4a3ae269986237c5c0,1
0x6ac66292753bd8b7a4c388602daece3223265e13dc8b61f2adcda831d330af5b,3
0x6ac66496d71112d433449abebd50626acdd9f134,4
0x6ac66a87514f76d690746fa15f3c6c50eea84b06,24
0x6ac66ac6c332091d4a747f1adc95f222ea3789e08321d845561c6e95a0735437,3
0x6ac66e94d40a29e24910f700922d1a02111ccc84,1
0x6ac67097ee516f24d156de84950f97a48c9cf164,2
0x6ac6763fe7ba6d6dda7091423be7368206230b56,3
0x6ac67a2cf76b1ee75b9c021b76f31757f4a77b68,105
0x6ac67ccc248d92ec812234f52940c839ff99faf0,4
0x6ac6818e04e680f440e17017a0c5ddefc721c72d,1
0x6ac683d6ca5d470d4f94a6ffadc0702716e0ffde,64
0x6ac68dbf07368d4f9fb82ac28ca8801a6486d401,41
0x6ac69296de99236da854603cb3ebfb84c28af55c,160
0x6ac694b19a8a1ff1116ae51dc042eeec280d7936,4
0x6ac69628b8710801e8cfcefc4826f96d1bc01fef,1
0x6ac6972dc52c5c291ed990574bc4dc0b62bf28f3,53
0x6ac69e00a5b6781a9c34fd42e0ef39f46b5a058e,7
0x6ac6a04c2b1f0819edcb929e2d789b08be8bb476,51
0x6ac6a131b5eafb6b16b4f7d52c97f465f49d3067,18
0x6ac6a3096e769dfdda82039941937a956f0919ca,2
0x6ac6a3dbc283e16f5915b00891f950714993732a,2
0x6ac6a9908e5bcdb48448a9363a914432c1f800e5,4
0x6ac6b1bf0d575c2d0675a8b36d4587b047ecc72f,1
0x6ac6b66d4855f1421f34d181a0a5f8fcec0404bd,21
0x6ac6ba90f0a6032c842f3da5f97292f5b377be6a,13
0x6ac6bfae60593e2540f549345fd4c21d7f3fa3b2,2
0x6ac6c369f187b524035007db2e545e9a1c1fd9e6,18
0x6ac6c49679450555f31004340d5c8b5db8c0ac88,2
0x6ac6c7f37b4e22db8e6202da848d7bf0f082a175,7
0x6ac6c80e53d76c4f3d1a44960f0d2f2cef9f0f82,22
0x6ac6cca7eeb05add775ea8250eca3846449dec67,2
0x6ac6cd393f74d55f31e0274a51e58c0de5ec8b96,8
0x6ac6d4a12edd9632666e3fc7c8140b2a5c913c6a,1
0x6ac6d4d75da11229195342e4db462350cb4ff16c,136
0x6ac6dabeb0648fa935d0386df8969d0b3f44cab7,169
0x6ac6dd79023bec8b53c8c24ef5146dea3f083c32,36
0x6ac6debcb8babe69535a74dbd5471e88256af47d,48
0x6ac6e6542a3837cc47f53893765ae24168e6dc8e8933c22868fba3fdec70e870,1
0x6ac6e848fbf8ab8931c025604af60dbdb988ff99,66
0x6ac6e8f4cd94eab07707fc2f3985a16b9f507db2,1
0x6ac6e904091092838c47592d4e77d9e5d521f47c,1
0x6ac6ee3069e0c3c0b83a86c3c0b5e0c7db5ee291,2
0x6ac6f090401493eccf22047b863f8eaf81960aec,119
0x6ac6f177f7b1593b98414ca95a26df4eea0e9384,67
0x6ac6f2320842bf9e1ad4314ff0c7f1fbc39cf717530760b65f79972d83f5b974,1
0x6ac6f331a49f1c15178d65080eb36513f0abc774,5
0x6ac6fa4a0d3b4353f7a8845a392f00e37a4fe055,40
0x6ac6faf5479843f2e3be9a74ad5597508b190847,1
0x6ac70046533f5fe4717046a8b78344a1f9e7d6ea,4
0x6ac703dda6b073a472d3d02deaa4dd1b11fdd503,8
0x6ac704ed8dbce7cd52be06da341373cc73b035aa,3
0x6ac704f44ac90796791768fe53d747440a1ae481,26
0x6ac706947d1ceef5a854d4fe0b36ce09975633ee,21
0x6ac7077dfea66d6a834c10d742742bcb84c61113,60
0x6ac70b13f086c03098a5eb34ae0be334f26f8848,3
0x6ac710a1d44767aa8627e0f6607016dce6b71fa0,23
0x6ac712afbe0b4f941920ccb6d08b9ac1ce761102,22
0x6ac712d98c5d6f47ae97943f97cea9bdcc0d32c0,1
0x6ac718462ac5cfbe591100761b687d11031f7a28,3
0x6ac7221822a859e29e344bb4a2d5505d6c53f6b8f926e0dfaa03005558c5cf00,3
0x6ac7242026992aa5aedc2fb7197f520f0f7ab378,4
0x6ac7261b508863c763c2e36099ebc062068f2512,36
0x6ac726d0e5a36a065376c9f1637117b09fcada4c,1
0x6ac726d6ac767af4aae558bfe9c4810b57f3b8a3,8
0x6ac727ecc76545f0c7c6656749e5088c546335b6,25
0x6ac729efa8d68179412e9e5927e4924fc6d7c0e0d46889c047e324f168b6f989,1
0x6ac72c04ce7a0cdd1a0e9fbb5c4e32d5a2876374,6
0x6ac72c946e8a319b73beadf051d92cb703d0805b30d3deefd995f411d9264be8,1
0x6ac72cc33c6e95a8eea37527086309f54081440f,184
0x6ac72d88c5086e62094c53707e50b9404e7f7700d6001aff7f917eb620f118e2,2
0x6ac72ebd63a81857351e3a20ea5ad7c13edfafcf,12
0x6ac7306d0a4bb7161510e5115ee79320f56b8aab,1
0x6ac732582fc87736bbf86cee68aaaae66c16b5c2,39
0x6ac7383cb0c5b60f085190affa4bfd6e9c7a03ca,52
0x6ac739e91a3a5a4f537a395c3dd6692a3af0bda0b7347146370bf4e83bad4fe2,7
0x6ac743963cc483dddd276dead6602f03fcdf620d,28
0x6ac74429788ba2234fa37c958329013f44b65311bc70c18b75b5e0c4a73cbbed,1
0x6ac746c1a9fffc1b724938e60f3955d21874be39,83
0x6ac749c08ec273bb7ea6aa2a0853b47e79d05dce,1
0x6ac74c4c625d9b977665f6d1986566d4adec60d52493cd2efa1ed7101caab2c3,1
0x6ac74e6f328ace696683ffa2f1058fa3989e2b17,31
0x6ac74e830e53740abf084fef6104c317298889ef,26
0x6ac750c24300c736e8220c3e6e5cb1238decc6a3,9
0x6ac752f693f47d61fa26366fa21732fe043ea761866f5a2dd393c66cce140dec,1
0x6ac752fdb7591a4da44e69e592b00b55c63dbf4e,1
0x6ac754b0f11624fa1f38f48733f29534dc850cf1,1
0x6ac75a94934032137e26e1ae1748f6b16eebb939,21
0x6ac75c80550b49a4c91eceb1250977c6d394d01d,32
0x6ac75d3a342b8e19fe04fe238c299ac9039aa2af,4
0x6ac75fb2a85c6ef8731126d81da0523eb253a9e4,7
0x6ac766599edbd8c4e161bb8fa1e71c101082d671,1
0x6ac7671c4480bbe0badfd6ad41718e3c5e4bd63a,27
0x6ac76903908836d9aed1089e45a1652d8b505ff3,29
0x6ac76a9436057827d44727c64df54e00b51e5a2e,21
0x6ac76d8c10260313b616ad306c49f2e4f02ca6c2,1
0x6ac7705dae58fb47a9a4ab9278b47d9816d2e979,2
0x6ac77e6605de1236e75445e0e037e5121270871e,8
0x6ac77f5e6e58e2ef94460edc119a88907e6d802a,84
0x6ac783aea741ab8ec4004eca49bf27f10d7f9e5c,11
0x6ac78a66c6238ebe40ec7cbac8e84dd546d5b6af,11
0x6ac794c8d02998ec0a5896587d7209834b070392,31
0x6ac798cef3cd7e8bebf1be570632f04ecd6c82a9,1
0x6ac79ddb05ab31799a17f411e0e4b08c06bbb6ff,2
0x6ac7a694a262e780d7dc8f7406c7492fe9a8a79e,34
0x6ac7a719985a659657c989b123bba4f557b7d0af,58
0x6ac7ab49eeae2c2bca1d3920d71038463d94885a,25
0x6ac7ab4bae4a7678d7358e2de81a01ef369a4f22,1
0x6ac7ad1d64d988d046fc69cfbd1d3940c70624e6,1
0x6ac7ae003067ff0eb38cb6a3f5a9e1f6fa368621,1
0x6ac7b09aef6fddf5a307d482d9806c51a74aa429,4
0x6ac7b1334aeb4992accef3a0e083146460d9b70f,1
0x6ac7b20f799a17c2920e4f9f8641f5c8cdcf5c91,59
0x6ac7b6d1c89a790a8fc1722e3f2641d8934d3ff544f5fe0b39c7e83bf2df9751,5
0x6ac7ba0bac449495451331893fce9d4ba16ca97b,2
0x6ac7c2d98975c7228de7fa01622b8333b8fc66be,1
0x6ac7c3d8b8c52caf187972ffbd122b025682319f,73
0x6ac7c4d9663cdb1b53b594014d6d429a5cd1eb7e,1
0x6ac7c56db1d4cb6aeacbcc94319aad59e01ed85f,13
0x6ac7c59cdf0e6cfe94e20f3ec5d47cf0084110fa,3
0x6ac7ccc7b850c978d09694cd82e745fa70302bea,38
0x6ac7cf82f531e4991ec431287cc996864a7876aa,77
0x6ac7d11ba848b911fd760d2019d503351796855f,23
0x6ac7d2cca8b1ea2d6bb16772bd4cd048e05b37e9f9b56f36b4e6ca09bd074dd3,1
0x6ac7d44045a46397de14e1cb80a9054371b46b1f,1
0x6ac7d53bce5d312f16701611d07e3fb6f9f39d7e,37
0x6ac7dda66defea9c7b4ab9cfcd219c78a58ebf21,3
0x6ac7df1a254b0df8cd289ec93f79386de94b9ead,60
0x6ac7e20f058065c263f4d65c5033848a06a975a0,2
0x6ac7e468e66facd4466b1be6e8f14feb3d7c9598,59
0x6ac7e68abf6c9df5e8d2c53efbd69ef538d4d7de,6
0x6ac7ec773bcb4bd91e3d3ee2dba7873035d5b123d720280e3f007ea97610fce5,1
0x6ac7eceb80102918b47a707dcdd43afbea602732,1
0x6ac7f187a3d6ff38356c8a23418a143a45c5a130,1
0x6ac7f5209ccec6cd14861055c1e2cc45c997584a,15
0x6ac7f98d08c42f4a1c5a6b643454f509cbccf904,28
0x6ac8006a4633935bc1a648c8e576b934ca4dccb0,29
0x6ac803cfc33574254609a91c00d3f20bd8696639,85
0x6ac8062239066522ca4680ce57ae9320c12ec97a,43
0x6ac8064d7bdc25d30b0f02e3e911a4b40e5f2f70,22
0x6ac806de0a4184f180861c07ae766e04d43d1533,1
0x6ac8082289615419d7238c926d2bc6b806c5bbcc55be53f0858ef8b1fa388b29,1
0x6ac80dc0a26f9b4c105378e86471a2d517e7d5d3,1
0x6ac80e3d02ad7c7137773860812b24fb292ca75b,28
0x6ac80e9beda75ca2e0b9799688094f7c54832beb,33
0x6ac8113ba900ca42dddc89782fe7c876ef19edf3,29
0x6ac812a6bc337db22112f8b571ec2594e76f3b55,4
0x6ac81428ad9ebae990de73b42fc15a5ec00120cc,6
0x6ac8146b6be424f343ac48ca29dff757dfa29f6d,22
0x6ac816f38340a500120c2b2b485cc7e266812c29,3
0x6ac8182763f939e489a52fd50a2a506496f77c52,10
0x6ac81a2bfb3f46800abc3ca3fe8885c1c30126ea,31
0x6ac81c706e5597d84e97d3f7a505b4e778a05ec5e4b572c173bd7d193253928b,1
0x6ac81e557ac53990acbd80576f10159abd599f2b,1
0x6ac81ed433b45ac181c9764e8402ae9ce413633b,2
0x6ac8277f17e7884fab3252a12fd7508f2564e23e,1
0x6ac827b0e0a20eb15c0117e5aed7e65985598fe2,42
0x6ac82bae69c7adf023797cc402c6d5435841bf43,28
0x6ac82c1dfcf344cf767e1447a7b53e16e2c39ba0,1
0x6ac82cd7beb31b9f030d845ac91ae4eb23b25d6a75549975524bd258a25053e,1
0x6ac8380f638f35dd52f4be836bfa8f083230a29d,22
0x6ac83a1a35d119496d5e336d632e9b924e24cd32,13
0x6ac843c1865a3bcde180e82161fa2467d3f5ca43,58
0x6ac845c2a64e093c2ea855f523787673070e2053,48
0x6ac848ae50a2c7e03ac4e188d17613f211bbd1f1,6
0x6ac84acc0b058b6020c162c30ac606474b76055c,36
0x6ac84d61b1207d69cc8119066b65b7fee42d7344,13
0x6ac850b4d8815a6047d1ac66ea5bde9ed5983df1,2
0x6ac85192137b699b39deefa4649a295369fe5e32,111
0x6ac856f4ba780d8d2bae67fe030336bf41612a7c,4
0x6ac857429e389979132c3c18b2ac968ad04210946edf3f03bba4958a80fa3894,1
0x6ac857f3c954b5d09a7cbf845fea9516b9afdd1c,1
0x6ac85f7465e183c1c6bda2739c0e72a0d22606ed,2
0x6ac86893a237556a61d9a6298f3fea8ee914d734,1
0x6ac871973782aacf21e64f9fef8bc2fb5b922cd5,66
0x6ac872a0da4c13fdec6997e6b25626c933924fdd,2
0x6ac876c2d884105e873f7d675baca45ba8cced0bc3c3e737e9efbdab959849da,1
0x6ac87840fdca4708e36dd90c9336ab8bb75cd98f,16
0x6ac8794da66d2c8cb0bb1e803bc9cfd154761ceea687077175a41570aad2b384,1
0x6ac87afe134266c6beb36c88b6a23de9104a1213b94a629bff8fe7e20f525ad8,2
0x6ac87e0b8250a47d520cc4bf3e25d776dfcdf57f581756c9a405b7584948318d,2
0x6ac87ebc9af3c31b51ec0be86665879c83dcfb0d,1
0x6ac880e4fd321e2672525e2c127f82b52ac39d62,37
0x6ac881ff245f6cf577e64285a9ae424b4306755e,1
0x6ac8846dab256d1c3b6fb22a7d12ae6d06fcd9ca,2
0x6ac88a255c500e06eecbb608b9cc923969646aae,1
0x6ac88b6a3b3d88f762e02788d2d98f0e4dd3b8d0,43
0x6ac89004722e5c6b0be01d367007058605a67fd5,55
0x6ac894c828c53221010a76827a821a8d00bc09f2,6
0x6ac896b3fba5f93abecaf732824597cff65faff3,1
0x6ac897f14dbf1c26e3b16f1ea1ecccb7f9d86b5f,2
0x6ac89b5f0571f9b0fd83b4129bd21fe0e028802e,18
0x6ac89d4baefccc94cffb3fbf58b2facdc09fe6b1a93921eda0894d9b85483b54,2
0x6ac89edc6e6b1e917deb908268cdf2e8ab4f2ce1,211
0x6ac89f730eb8e98c3b12352a4a984c2485177e5b,1
0x6ac8a454bc90e714f7558039cc7a2c74b271fd62,38
0x6ac8a5506a21e4d827c71ead15e3ab17f16d8b03,67
0x6ac8a690ea2a05ed7b2fc4a2413d24b6535fa461,12
0x6ac8a7b4e97e69d5966eab8f2af360f958f4f02b,43
0x6ac8a87e0818600139c9d5b76719c3362439192b,28
0x6ac8a9225a67f77effd131d0789a1aa56663c7ae,1
0x6ac8a95a5201e50c061937c685fa0862f230785e,7
0x6ac8ac7fec99ec465f06753973c9b9ab5a3a9911,54
0x6ac8bad1111d7017933816e4ff697a88658bf767,1
0x6ac8c03baa09030f66123e6f006c73536d524dff,117
0x6ac8c915a413e83e5c522b0852076b612e31fbc1,1
0x6ac8c9c1780296bd21b34c9bcc02d3b92adbb464,1
0x6ac8ca42539d32afe43b5979531276a8317eb88a,11
0x6ac8d32e75fe2f01172aa26b40437ea143f3f9ed,39
0x6ac8d382db37846a8848168756777c500d55b494,1
0x6ac8d65dc698ae07263e3a98aa698c33060b4a13,1
0x6ac8d67acfbc4612e6bce6845e95cbf68e95965f,17
0x6ac8d7a7251ecc6f6f251305015ff66b208ca0dc,4
0x6ac8dbb74fea4fce7d1983b51d692a06a98f2bad,4
0x6ac8dfb7cd2e579fe71a7f3416786fac681c9e62,11
0x6ac8e1082f224e5ed5482679187d304e80e687b3,112
0x6ac8e248c76af01c335d9f94b29267e50a7881ea,27
0x6ac8e33f474aa1dc151f80fa4da72a9cdb3db8a4d87bf824dda9e540e3baa51f,1
0x6ac8e39ccb044526b76a84d4b7037d469bab044a,1
0x6ac8e68e4458334340f3ca33b3008c3576c0f922,110
0x6ac8e9b3442009026926c470e2393948b3c7b33f,13
0x6ac8ec0a46b77950202fb5b8e5d77c43713c20a1,73
0x6ac8f4c3903053227bed1454ce24e56f697947d0,1
0x6ac8f5ae64e60e73db32cfaf15466ef7706a7126,123
0x6ac8f671df17a860d548e46b8b3fc4e1ab468250,1
0x6ac8f684f709a2e89414348d9ad30660c170a230,69
0x6ac8f6e841c053dfd3d272996d617879becd1430,1
0x6ac8f93a5ccf4b30c9474a8f08e48a5162148bc1,1
0x6ac8fd742725ea75bb6f559a7e1a4174a656058e,10
0x6ac9013360b32d64b45bf8b78fa182914329b30a,1
0x6ac9059ee7062c5550cce3dbacf5f03212b6394547ca9c81da2328115e3ceab1,1
0x6ac905dcca0b5365d40a966f28ff2b8071239c66,2
0x6ac908529e5a61f223a3c9670e2c6edb9bc69c45,70
0x6ac909a0cf3ec264be73d09aed527e32688d8db1,63
0x6ac90c381192ce13350c48e60b39b9a9984c3cd2,1
0x6ac90f68ec80396ddaafc21ea12d4067ac3818cb,1
0x6ac90f799288dea857f28eea0af2d6d5cddd4f649023dadfb931544efa903f7f,1
0x6ac9108bc70d24184b26ee1c085bd6c199e3b3dc,4
0x6ac91348424cd308e253f00f78a393fa834ee3af,17
0x6ac914a6b06f3d1a776cb7b43525611dcb125c4f,1
0x6ac91600286adbeeff42f61ddfab6a086c1508bf,28
0x6ac91e010fae3e2b0bc8a171dc167d3f4d86e608,1
0x6ac920aadb9dff9445ef286b7b8afe4f17b2a2e8,1
0x6ac9218674fd4dda818e3f971af044eb2b77695e,7
0x6ac922f1e8bee470cfa2db90c6e2a677ce96e314,10
0x6ac9238bf76413cc7ce3d9dbe53132b1e8c3c708,17
0x6ac9242a3a0720b072adbdb9eda1774a45a932bb06a64bc1e1b32450a4cb849b,2
0x6ac9268d305b9762d79938413632581aab935a58,3
0x6ac9296d3f07effcedc20ed9f15ff1a4cedaa8b8,64
0x6ac929a15748754494dbfbbcfa05a41d2305a648b7839c00d4f455e11ae17a50,1
0x6ac92ab827cbe6b2e4cd4d40a7dd79d785fac110,68
0x6ac92fc18c5d2d375bf6097c8c365abba318020d,1
0x6ac932e69b807eeb022fa895f4214b9666fc346b,1
0x6ac9336bf3d9940833a17c2d5c58570be6e9112df83d8a68329913569460ce94,1
0x6ac936fb89006b2df5f99f46f85fa39042acda6c,22
0x6ac93a17c064ac2343030d0a6c544462aacf97db,1
0x6ac93b0c29b13905c54b3b37771974019ae31b08,28
0x6ac93bf9a5a47d9b9558cb29e163aad9db8cac64,8
0x6ac93dc961c8c4e50dab1cd41d69adf48594017c4bd5083da56503dea8c61ac5,1
0x6ac93fb4bc010434d49a39ce568ddc4dcf98dd47,25
0x6ac94389f407f2f679a34142e6f6b997f75a8f07,45
0x6ac943d647214a3ac93f47bdb2c14cac7e855697,17
0x6ac9493b68c26c471c11a3fccd59173057d4ce76,6
0x6ac94bd543cf1d23daf9074073ca31afa28d2952f50f270871148872eb19b8d7,3
0x6ac950d69cd8185434121457cc4349e91a872c5e,1
0x6ac95398141593b23953f34cb9a47d503d596b2d,13
0x6ac954d88fe1ab7e87224bcf469fa6f115094974,37
0x6ac954fe77be2f4f7d77bd24c7c30a87f21c6b17,31
0x6ac956a2f42125dca291db97c171037122bcd074,1
0x6ac95a0f2e58b052adf9742fe533e4ccdf0bb10f,3
0x6ac95b457970a5ac97b3987fd8db9e2305209326,65
0x6ac9601067a38bd1c4c896175b74a7401c96956e,1
0x6ac961452d9e32ef52f116a74f4115f41a4b4d9f1a537ab6a01ff1334ba3314f,1
0x6ac969ab8c619e347761118448d228fbef5b334e,1
0x6ac96c4146cfe2a549dc2a214a6b3df06be017e1c096ee2731ecbeb4b6dbf8e8,1
0x6ac96f616df64e8c41306218b1f0ab2b16e9dd5aefb33b539eb2290ac0e63a63,4
0x6ac970a5dd3c271cdcab3540960e0517b493416a,41
0x6ac9747eb5ac3f2e19dc2cf2ce641a9d2db11be9,102
0x6ac977ef7c278846fedad08cb6e0bf834045092503fb6f0e36d344e9eeb863d5,2
0x6ac979ee71e278ea5931d2f9a41f9f2b7106a659,8
0x6ac97ad65f2c4650ea85f0060ded6d82489e5c6dbcf833dbafb2313b9a704eef,1
0x6ac97bd578199f62e5a672226154778ac4add30e05be0656290ce0f74b7494cb,1
0x6ac98138cdaa07d39092d16e27e6eb34060662d666fde7287c8d9df08b51b97b,2
0x6ac98cb6321d9249165d9332a2cc6be62cc8691a,3
0x6ac98e2db7d1e62f954ad457d88498c9a33f6834,1
0x6ac9918479c7d4d85a59ecdb52e1ab35dc75e49b,176
0x6ac9969abca76fef6702ec1b43b1e9afd6060529,62
0x6ac99c3f0fbef55b724fa2ef182ca611c7876dc2,1
0x6ac9a3292f7cef8d24b1e649f09aca3e112002be,4
0x6ac9a4d68d750d6f0e57fef7774ac54d20f360e3,15
0x6ac9a9c6a2c775935934f6c929e307aec5510c0ca6889783acba34eca1e9516c,2
0x6ac9aa22f882f7fe324af586e6597e86353d4170,2
0x6ac9ae249461077cfb7aea69a68f1076878e9c2e,31
0x6ac9aeb6de64544d85dc82f33740986d46b8a846,23
0x6ac9b349b6001aa40d525d1153ae8f92127ca7e670f72e227c7e0fc1b83c6f1a,2
0x6ac9b57d8df84ca7d94535217b0aed5024fc0247,1
0x6ac9b94450a436dd8bd1824b5a7ab1221dc5453e,1
0x6ac9ba9ff624ca676d659aa04c9ce17602fec3271aafadb7ccb7dfd0f3b23d5c,3
0x6ac9c589d16e42fe5fc5a4fd7c35b5d35b9488fc,21
0x6ac9cc08927e92a5c87eebbb5617c566033b779f,26
0x6ac9d7754cc8d3d8c18c736dabf069da098ab83d,1
0x6ac9d7759046219fc2510d889cb10f1ae25530a1,15
0x6ac9dd7184967e1833bdbe2e2ff65aad50656ef9,55
0x6ac9df2e3b3dcb561e831eb0db4fee9fec4a90d7,27
0x6ac9e023289fa0d7f0059f288350ce52bc01b13be265dd44692a88868e1aa055,1
0x6ac9e0bf4a90782c355bd2123c7cf51729e24eb0,51
0x6ac9e154ca710ccdc68adbe57b47c26a3819f521,4
0x6ac9e296106a56a0554ab7cb1afb6730c16323e6,15
0x6ac9e46bfdeb54f0188956025c22742b5c66e7f0,2
0x6ac9e7b5f0af7b0d1062fa9e0aaf222837ded198,2
0x6ac9e82119d4035a7210b7adc284589c76e5d4f9,1
0x6ac9e8e120020bdcbd7fa9cf2cd8b86f986d306ccd6242ffbee747447e975263,3
0x6ac9efdad5f9ebfe690fc2d12c9666720ee4fe4f5ed8fb79c6ac91a1e34c404b,2
0x6ac9f30c8436cb1ec4b80a0d3238f1824a915e27,1
0x6ac9f6313cc724a18d79284bd4263356e31bdb9539bc9f0c1c93225bac486bb5,2
0x6ac9fc5fd9ca0e0f5d861ae879a45995b1dc3c7e,51
0x6ac9fcc2da9f5c73f166439b3f0e76f62d6f8db6,1
0x6ac9fcf7fe24c116d4475e82b0ab123348e06d4ab2deb999b6553fe9e53b8b72,1
0x6ac9fd2ff1fc3ffb1e418d04ec6ef77949d4b949,1
0x6aca06055168bd45d83774fc331a2163d4f0664a,47
0x6aca0d5ae6e806298df57b7a8d13d852cc08609f,138
0x6aca116eed5b4ffb13d9d94dab7d8e66dbed6796,1
0x6aca16bb1cb9585f0693d70f735d79af0c6938cb,85
0x6aca22e81580f1f2c7804713450d544d1b68cf05,40
0x6aca24c117dc75eddfd4e3f361ca38f57a0c7244,2
0x6aca2c75122f7d2cacf8b9347fd6f48a0313ff25,1
0x6aca2cb5f26aec642438ffb1edd3f522fb30916c4c9f0a420a998a14f8187f2f,5
0x6aca2ef829dd04ff8e88da782f4baee0d7a231ab,1
0x6aca2f69c6c33618042b0b1cb0521fd47a2fdd5d,1
0x6aca3078947f3945892a82ac3621e91e18661323,49
0x6aca3411dbd795d3e73401a2c1204cf760bb9c15e6545aa1dd9f230eed21fa3e,2
0x6aca3c93074bb86b738d6951b663aee88d383ea0,2
0x6aca423ff182d948c0595ac6608fa6834a54de89,14
0x6aca42b14f3e8f2d8aae776097b8e10b6b605fc5,13
0x6aca43a94b5bb31e420a8040c640d509aa2f5126d68c4e0ea01b152d28916737,1
0x6aca43b7f2e2d0534688313460d1f7cc6706cf62db7657d23b61059cfd7a93e4,1
0x6aca4811614d017e8c44c346344b82f514062119,46
0x6aca487511d1abcafad126dc7dbac7a9799100fc,1
0x6aca49fdb4d91cf934158de5c05f3ba7af29d304,41
0x6aca4d014de985af2337fce75dad87a8f1df4ee5,5
0x6aca4df30a42eb0b83b24182f410c512f6724c0e,50
0x6aca50c15410b61ea559925456d463fc58061a6e,79
0x6aca56e1a01ab806f28ff3609a365a458e273435,29
0x6aca586380596385955ca8ac617747b427f0da50,2
0x6aca5a13c09033b784ea85651ac80418f7b8ccc8,1
0x6aca5a744c3141494c9355645730c478bb84b015,43
0x6aca5d36a595fcf5a46f99f0b0f742fee7e8a325,1
0x6aca5d4890ccc8a2d153bf16a9a5b0c5560a62ff,149
0x6aca5dab0f602ba39cd6ee0ddb4f44db32f1eb9e,4
0x6aca5ebbd1531a2a444b116228320e9c186435b50a148d225f2bc1d746fb8d2,1
0x6aca5f9a4d77a23e65b7da4c4840b6c9999ba9b9460444c774ebfff23915921a,1
0x6aca661e3e85ad08432caf0363a46e2b753089d7,30
0x6aca67f1e651bbbe8c8ddb0d45c2dfd3d0b7dd38,128
0x6aca6a31fae0bfe7b91e75e2d5bc64e517d8ca6c,1
0x6aca6bb2fb1992cf05c6506d78f13b4b2d6ee7c4,15
0x6aca70086a389339822da5f973721d49436b5fc7,26
0x6aca702e0e5321a4adaf75fda8826c3210ce6619,15
0x6aca729576b8fc70c296308d9b628ffdc10759c34835bf4e4d836538fd2bc011,1
0x6aca75342ec182295821ce3abd550721d3bacb11,130
0x6aca75a9a3304b72b53de590ad3e226d2bff774d,1
0x6aca78176c8f753714fe957ce72e1a787144ad83,12
0x6aca789d3ca3266fa4b3a5bf56ff6f021ccfb932,37
0x6aca7d3c9514e74cfe2d176ffce1e2cffbb37870,1
0x6aca7dbf072f215f7c42064da80c2677e2d2362f,116
0x6aca7f74736d4f139964dd21c613cfc1b59347c0,8
0x6aca843dd19ae4bfa43b6c53fc2e0c3a0bf6a002,614
0x6aca8537ce1d7076d20eb082f1b22871e3ee31bd,29
0x6aca86a6afdacbdde12ff4ea86255affc62a5dfc,1
0x6aca87ea7c607e76f6ade3d06721c5914ef3e5ae,32
0x6aca89f6306680cc2baa85290069d26309dea8cba79b3024e37d30bfc32a3952,14
0x6aca8b00ae725fe464994a73316433cebff0843e,6
0x6aca8b4194a7a0e754e43390f1703ffaa0ec79df,116
0x6aca8c4134ab6537a72782c6357fb3c639074731,74
0x6aca90e224c869f4fb6ef7e61e6b889b2128894b,1
0x6aca923952d4d9a002ce1939c6a13b329a128304,50
0x6aca96223dc4ff4c9d582d71adc68bfb821ee7d3,6
0x6aca96b694d08f336d6f09991f38141ca8cfcb72,166
0x6aca9866aa139cc4e346f1c4581d9705c19f2304,36
0x6aca98b9f1f1a43d5aee1f083ce828cacb3bd1ca9f66e8c42d66a20f7d1ef233,2
0x6aca99cc52c029f4062f6fcd52ad327233fafb2d,2
0x6acaa29b5241bd03dca19fd1d7e37bb354843951,33
0x6acaa9db7b98a7d0b2b92f9cdba2e98baa26a94f,130
0x6acaac4bf70498a219758544ab42bd99ccb173a5,1
0x6acaacde23588ff5d59b70257a9955543dbebc50,23
0x6acab42d98635973b492217f3ba3e069d4cd83eed802151bade00787fec366e8,1
0x6acab87d5cd22100ec733c97d4c19775ff950833,17
0x6acabe23ac3d54906d54eb7c05fab95cfdf2526b,3
0x6acac19bd04ded870115cdd22b208f36b8203ccd,1
0x6acac44a0bae6ac08b557c69968c71eec5a39a09,87
0x6acacc905e5656c8622db275794290e6a7f90e14,2
0x6acacf9e47a6dfbd53bc1b076f2a6be0a09e6499,18
0x6acacfea797c2e18c677a7fa604457d90a4ad37b6c9d2d583aba25ea66eaaacc,1
0x6acad0ddef479cd11ede3934148d322f0373d1ec0e648bdd1990e7a5b49f9487,3
0x6acad394b8f1a9ad2a6bb89b24121bf673f84f323747c406f7884fde13088a60,2
0x6acadb2b438837533186488f01d277309b651c2f,60
0x6acadb571efa0771bc009882ab05920bc7e1493d,44
0x6acae3d1f4ca593aaeab23f45dd1a6ad47218bca,19
0x6acae5921ab897535d3989c7ba45c262d120dc16,1
0x6acae78200b60ad1a81cbdd38ff7edd5cc28606e,1
0x6acae7d7e8ccb36f06847c125a8cf78a7a3646c6,36
0x6acaea7e30ca9ffe2e323a4b359fd3266e440def,1
0x6acaedff230b5830f6f267b67e1518125499a462,31
0x6acaee27ec9d95f11b4aea509be4c874d0d6e21e,4
0x6acaefa4b02325d1ce9c2c3b870a67d17a94d87f1064ae9bd830fb785acc5cee,3
0x6acafa691aa2793ba8ca13c82a3472ab6bd46ed1,51
0x6acb006bd4f646e8b032ed0af81b980f943eb8cd1f73d68b3672f8be8ccb0c8,10
0x6acb028dd9764bb41f0ed64c01113b984755365f,1
0x6acb0351688aa0ba923b6e1ffa9e48f893b62673,5
0x6acb0f48d6abf0456bca2f25b9c23840705e7384ccc5002405d5f7c2ddc68531,1
0x6acb0fff452d336b3475f12587fe71c471911f72,1
0x6acb1100e9d623face7caf80b10cd999c1d9fa01,3
0x6acb1690dc13d15a06932fa1f909d4229dc2c868,50
0x6acb1b31f025cfebeeb01a01e95f763367f8b661,1
0x6acb1f6288b6ae0074cafd6cd40901d10ba8b942,12
0x6acb1f91238c79d9f2c7dd43e3eeec626cfd4100,1
0x6acb1fa365ffea3a2a692e4def002e06d7f3c175572f10d0d751a22e1936c597,2
0x6acb209c95112b4b643df67f3739eb651080c907,37
0x6acb232fea94d3107fe22d431325cf450ad10b31,28
0x6acb3319a1d6e6fdca08af9abe2e1c923cf8cd68,44
0x6acb34bd3f37d2b3a360d237f3737008343155b0,1
0x6acb358cc10dcbbf336905c4bc7031a971988fc4,2
0x6acb3635a14e897b7ed22bffbb26a1cd78de8d7a,16
0x6acb3715cb7098a46aee572af19235aa295d3f355727bff5f6843e65dc9141b6,1
0x6acb390cbca086cf831cef29e42cc4696c6b0ed4,42
0x6acb3a52433a0b6ab268bdf4097b091f420d1371,25
0x6acb3fb0cbeecdf29259efb7c7dba889b0f81bf4,4
0x6acb473991f53840afbc65b92a20df4bcc88044c,58
0x6acb4ae7cc3b872aa6214c9661f0a63b2e07bd35,5
0x6acb50443169953c294c2430da2b1c099ad4ce71,1
0x6acb5b923d5d595cbf2aa4cba2d41000861cc572,1
0x6acb61b821c55ff4c3d6c1b3b028502f3e5e9775,1
0x6acb6363ab48355bf1211d60cc993f0ab481cc28,18
0x6acb6626aa21759affc19292a95fe71260f871fa37694f52e5fbfccab302343,1
0x6acb689ce39563d338eb223a80e796ed85696b56,44
0x6acb692bd54c8fd5686f19c3210cda4983921677,28
0x6acb6a0883df7fbe36f4c27647975ce64649ef88,1
0x6acb6ecf735154d864cc66d2aa723aa0281596e8,84
0x6acb71ba01deaf05939242e941537fc65e08b869,1
0x6acb738d6ce79719ce6ef085d04616f2b1b3e264,37
0x6acb73b07dc16478e7f1f27d17da18b90f1b477b,28
0x6acb73d0021ae0cea723ffd48b155831147cb1ca,7
0x6acb74de50ad087d2ae13c448c85dc13fcb45091ba308f21db505fe64f027e2f,1
0x6acb753deed53cbfcd11caf2b2a3bd0038815062,59
0x6acb7aad70bd84d69a6328a4de4b34f765e0be96,2
0x6acb80816ec4e89955d52ea6d5d4044bee201bc5,4
0x6acb872f1eb512c9df43306e6e80f4ea5398a866,2
0x6acb8780abc612c3a52cbfba386dec4fca435189,27
0x6acb8b84226dbf8325e8873c675000ff37e8250c,82
0x6acb8cebc82158bcdf6bbf748f1d9e7709aa585e,1
0x6acb8db7684a2fcfb508c73e05bf915cf9312342,2
0x6acb9154ed21bd501d88b21933c5ad23fe851c5ce2602730f1b6981e6bdae24,1
0x6acb9446933e9fb282128ce36f9896d76eec3ce195e33f10e60798e06f34dbe6,1
0x6acb95a1d46ee0ed403f60e99f999abf8726ee84,27
0x6acba04de0ee888526faf8a0be6d680d70accc2b,1
0x6acba0c3d23346b699e319040bfcfc64d29643de,1
0x6acba0ddc37038a2cf8f240b9013686659359091,1
0x6acba239ff9c13ddf0ed97508950854aa21ebda0,1
0x6acba329575439884315d268b2cba71674ee1b19,43
0x6acba46ca4f8671144f0a94f3e303942d8e7d168,1
0x6acba63082641d3f9c421b98929cc9beede7d530,45
0x6acba68091b3e492e8061f7edc1fb20abff3b347a2bb7aeea7248d0fe148371b,2
0x6acbb2bf096110b9906c59f29a7e8f0f292ee1a1,1
0x6acbb3e4c34458037237674de983163b152ec15b,6
0x6acbb693f8fd39d60a24f68cd61853c3f554a24a,6
0x6acbb6eb6eb3a9c76c89d3124b02cd42fd33dbe7,63
0x6acbb82ebc1e79769309feb48be510da0324d356,31
0x6acbb9a944884c889b8bf61847c27d150beb177f,59
0x6acbbedc6a158a4b2985849c6329c559e1343228,2
0x6acbc0c146e03549eb5500d2a179227320fdbc10,1
0x6acbc42804aa0fb5feb7d4aa2b9987b0fae69159,3
0x6acbca85ddbecfbfc9480e01373de42f65972ac5,122
0x6acbcbdea0e4016a8216f132ee2834e06242e7936813da0266abbe2734e89007,2
0x6acbccdcffd551ca0c9348fc2861c714a4d37652,5
0x6acbd63393b1e185548ed4425784ec8b9d183203,139
0x6acbe13bfe7b9092d0fc3335bd4568a657e922ff,53
0x6acbe37db1e360b2ee4f79246d2b8cfd4b7d7942,6
0x6acbe64d027deab7947aa858797e41ee443c531a,12
0x6acbe704d05ea1f9d125ee8eaca6bc90c0fe1964fa0f6093e788f16019fb5edc,1
0x6acbe819cd298b1bdbd1c5f2e7313171f14cdcfb,48
0x6acbebf0a834daf9e64a525d5db0f9a57becb7c26d5840e294ac23537d35d40a,4
0x6acbed08680b43f17f7b16dd22cd481ea600fe73ae48da4232f131e6a19656c8,2
0x6acbf41384363e61a5d9bfee14119e30f7f963e5,74
0x6acbf4f6301548d8fddb2a604bc2fad842347f0d,9
0x6acbff7bb5eb174febc4c89be2b22f291950deaf,1
0x6acc018a5f8b6708cc78cc5cdd5d4c5731217da8,28
0x6acc030f033735e2fb7c4c829249cd934ba7d481,35
0x6acc07fa574751525a48a5e90762ee1382b42a02,1
0x6acc08a26bea100b2b8dbe764b415677627b12b6,1
0x6acc0bdf6af2e0146f88a33c62a7797e60c8508a,60
0x6acc0cfe444bf59a26df6b01f77dd46b6a0d8c05,13
0x6acc10199b2c4733cac67b39c8f1423cea9e09f5,45
0x6acc105095aa7f7b28af4e60ef1a486969d0a9cf,75
0x6acc10d7ae8ccc4858b06b9e51152072e37d464faef004c26f5c83a023986e1d,1
0x6acc118429fdd8f6c89071343b614eff206c0d0e57b2c1f9e5348af9c8e10901,1
0x6acc119277ea4eecdb814d60a677f7138f45227b,10
0x6acc123cc997876efe6889c09213308d34e0b38a,8
0x6acc128e8faaa49ff9078c1054ad6499aee0c535,2
0x6acc12af8bccc7a148d2e00065ec157d67da940b,1
0x6acc17fcd825806fac75a5206fb7a04754061e77,63
0x6acc19e6d6ec595ad85aba53ebc33f4f77555ed5,79
0x6acc1f67290e711912eddcc4511835c15c252828,40
0x6acc24407f68a3ec267e221fe0077040a2e1bf06,2
0x6acc274fb1c883254e86ced175f2023e638d2d41,10
0x6acc2a03cfc5ba7f06db2a1694cc4fde5b55ba77,19
0x6acc2ae35b33dd24bbfd9f8845a54e67f4cbd7a5,36
0x6acc2c4d079127cdec6d5210de0d38591b00e7de,1
0x6acc3259a51e4ed9cbc08aa343eba24815090a72,4
0x6acc35f446be1878efe1b93779b97cabf496cd7f,30
0x6acc3ecdf681d4b5c75b352e61a0951e85ade13b,2
0x6acc47057dab6d9f551991c841e627d680f29f65,1
0x6acc4c3b7571e9e3996a24aebec594087fbe7e97,20
0x6acc55d4266816188975eeb382895632fcd8035e,39
0x6acc5962cef3116928456556c16cc93d22dfcf1b,63
0x6acc5d455bab073c810f5a5f7411714f83cc172292ff890f4045317fe3906ce5,1
0x6acc5e88d45aabe822673675646907f5187120b2,1
0x6acc63f0a72e7578ab4fe85259385a957932c910,16
0x6acc68026982b05b705a71c47bfac99cc2ee9529,1
0x6acc6cfa9ef2764f4b1dcec87f4e70403e42f98d,33
0x6acc6f64a7378f4cbc18801837140015ca4bc330,3
0x6acc6f796120b7e7a7de5163a48745f1660c90ac,11
0x6acc71cb1722eadec674ed7f9c4667ca6d5f989a,2
0x6acc771a96c9c5dcdff74137257fa295ebd22d2f,3
0x6acc77b11332f309213ce9c3fcc5bfa084f172e3,1
0x6acc791afcf15bfd935f169952ea9a65b9ae67d0,51
0x6acc7cafff07333e90a144788f808afccb0d415d,52
0x6acc7df92eb668a1d0745cf4c082d89fc02f31a7,14
0x6acc81d618fb203aa96a3596e5923731f71d174b,29
0x6acc871827cee3d66a6572b065a707ea4f42e7f0,1
0x6acc8739ca22c1c1280dc3c09ff20fb44283ac31,49
0x6acc898569a19fe6cd544e334f5bf4003c1c55ea,36
0x6acc8b0b0deaef9261dff53a3eaac7bf58813a2e,1
0x6acc8eca1f53b43244b12d2bffd34c9e4555ce42,100
0x6acc8f30248f25779b48ffd1ed9a0a3c67059074,92
0x6acc90d35ea0f96cf9e9e17d4ef0c2d03834090f,1
0x6acc9227514b7c46db19e716a6f1d90cdd3e20dc,15
0x6acc9d35c3d74959241d862e63f32bfcc493c1e6,5
0x6acc9e86fb52547daca12687de3ff38d0eac07b0e720efe2781c7940ab0956f9,1
0x6acca2a9002d6a0fbac032c89b3a1fe7893f2d954c4b5bde0605b9199dbb5101,1
0x6acca562d3ea41e503293d90d83fbca0f2747aa4,30
0x6accac23f6e4329b3559e83daf5b4f2843457cf6,111
0x6accad33f375d9bd02f92bb3c4a1ae237fb34c133446d40c3154782bdbfad986,2
0x6accb39d1c605763cb988f32ed5d0c089d25b759638593647caf10d22391c158,1
0x6accb3eca94562416aaccad044241ba91de61b7f,10
0x6accb4e039d9de21a4e719b93e0c49afad925039,2
0x6accb574f50e040dbefa421854da11c9389345e7,2
0x6accb63c77d53dad0c7b2c73032e7b396ca59465,39
0x6accbbdda8a8157a97d06a2b89c0b5a75d1f3e83,1
0x6accbc65d00485bf4dff515d7088ddee6dd4eafa,1
0x6accbf5d3673e059e3798b12ae6c93022d7f0529,8
0x6accc4a9ef73a6cb604e72a1da66840b9b6c750c,102
0x6accc514186eea7d3f732a09478e6c7b2e8e97ec,10
0x6accc6777e34147f80094e4d2910dbce5c4a3b3d,39
0x6accc90e4c677463c7a410a23fb94b763f8b3cad,21
0x6acccb22351f69975fda8a19e0729db0e5c7c6f2,1
0x6accceedb564fc0e735a8d43d44b546e4132873b,4
0x6acccf5dd93070ee397e1a64d15e1c2023e0cf7e,22
0x6accd4de8c5f7c076b0d9b1cb47014dff7c36af9,14
0x6accd503189d3c851687237b30469c244c3c65af,59
0x6accd6fd12f0beae7633352d992dd8ee951712a9,17
0x6accd7fb30cf15cb6cbe111fb57158af0bc073ab,23
0x6accd8f48acf7daa38d91290db3ea60d4865ee0a,29
0x6accd9a886f20fedd26a4c93d778acf3b0f9259d,2
0x6accd9fa3363ef29bc0838ad2c3918b3fa2e7f8d,14
0x6accdaf970d47f54c814cfcfcfdb333f3289a5c5,105
0x6acce0b50aba3607f0d616125f812a8486eb9ea16fa8c2fc0c34353f8e867f16,1
0x6acce293911df9626f299818710b495dd18c3d90ec7abe932b7cfeb5961725e5,2
0x6acce30d67670f54427c041d3244a76f487ade8deca050ec8b6b0477284f9302,1
0x6accec5e4e3274926bd442a04acf2604f53b597b,23
0x6accf0c1068d36bb9572e56d7fb0aeab99c21099d6c9c19a88ae830f77993f08,2
0x6accfba19e00773ec4c8700096e5c0e84a40c2fa,6
0x6accfd4661a2c48ddbd85f69d4d0b98f8693b6f0,30
0x6accff1ad2cf1ac827369f5ecd574ed62a7435bf1cbb591673e611f498944190,1
0x6acd0151c78f166dcfd58e6cf96462d168e08f1261c37ecff799bafa48b0a1a1,1
0x6acd0231b6f0e8c6e849ae4550dac8c7d115a307,3
0x6acd04e54d130503cf0cd01984fbfc664a35093e,69
0x6acd0861e65c0bc72c57001fa0e3ec5955e235de,11
0x6acd08982b232ac69e6e99491baa33705e967ac2,29
0x6acd0a07e690ea542c29a49edddf5f088b2ce4fe,3
0x6acd0b892df2f520918f61fb06f083b71fb71d4f,83
0x6acd1263c2ec4a3ca1a34dbd5ae18d8b8db61e2e,2
0x6acd1300f82b2ce9222064cf084a8766a6ed9523,1
0x6acd1813e40e092d0cd1b4b9ea59298a4a5e8d76,1
0x6acd1bd88bd8ec95d83381182b48310364717f96,12
0x6acd1c63788c30ae3e14b81b66f9ea9e5c0bfd6f,52
0x6acd23033c70700c07839f7c2b802819f84599c7,1
0x6acd25d37c1f40931d203338f952b5f42519e8f4,61
0x6acd26ff5f8ca86798cd150a2fc758223b20d94a,1
0x6acd27dac990706e577dad3a006027f79f86481d,2
0x6acd2a2579121a08241385be7949301e3e9d1b66,37
0x6acd2ff576c0bd18ba9f116f140fdb5841567528,2
0x6acd3cc0608a00e393ee4a74189459ddd8d66c58,4
0x6acd3ea714a4ab73eb20f0239ecf1b3efc721043,54
0x6acd52b557c44f5c2c1b55a59114d782b5517772,1
0x6acd557df6c7c80453212322e2fa21e624585ec4,2
0x6acd5bca965dd6a4a1b6f0b5bf7e767a7d04f77d3b53756b628025f03cdf6c36,1
0x6acd5d8a8f4dddb9a0659e86da480ff2ee9630f9,3
0x6acd6470195018bf624130c1ce78da0005e5488a,10
0x6acd654cfc0b7b05cd54fa814866d7804173afca,2
0x6acd6af39117e8ebd2d52b35e5e1ea0208fbbc11,2
0x6acd7268bdded907b32748cc3eb325334be3a210267223e214450d6b92ada3de,1
0x6acd837f2e429775be117dce8be425030b11b468,1
0x6acd87def7502b5f78037202a2b8b53c68ae521a3993d1d3faa86f0843985654,1
0x6acd8868bf2a97a419644a4f74ba0b4a628f6a68,1
0x6acd8b050bb0e20010fe26e7af06105091baa03dec533a7ac986ece129579d8,1
0x6acd8bcdffb745bfcc2f858c2d16fed7a4c7b221,64
0x6acd8ea8829e8675b1a61014a0682d79f3c4bbf294f6b1883d2aacd0bf516de4,1
0x6acd8f1787f7eaa9eea2eee644aefa1eb5b98a4f,2
0x6acd914911227d623b9bf81c3c6e2417b7db8ee0,5
0x6acd928c29176060a7e576ba1406819d5f62493ff3847b9135613066a7d921af,1
0x6acd98b7f9d818699aceb70f5e87fe148ccbb988,1
0x6acd9908493dc7463e58dbe181528a7a31e61454,1
0x6acd9981db838807d247f48807f35093ed8fa481437cf59a092cbf056c7cc657,2
0x6acda4ced96c2441d5cf11ebf7f94025ea89ffe3318e6657109797822eca17b1,1
0x6acdb00f09190ee64dd2a848c698d2fca4a1061f,2
0x6acdb9d138e299965934bfb37e40d940a4656fa8be0db1fcd85133043e6ca112,1
0x6acdc038df5231c7453f3bbdf29433d0d20d54e5a4672dae40116c1eae081e0c,1
0x6acdc3bb7e7fa7ea7a558fa0a7895e58b6973e7d6ff8cf4383c5213c9cceec35,3
0x6acdc7b5d7ad5967f0789685e1481b6a6ebf2a96,1
0x6acdc8228a2ab14cf3afbbb18f8c280e0fe3d0b11a0583af40269c4b4c741738,10
0x6acdc85061f12176924a0d93faa92ac7ddcf4ac15aa6f11caf53a5c7b1a110f8,1
0x6acdc93be6cc364e49a53d889cd6cdb2e697ad194e89e2f777510356d1a9fb59,3
0x6acdcba7fdb2394db242dda1f43f55bdcd4109fc,25
0x6acdd1211a400ae7d8f1c508be253053e6fdc335ce7578d6778fd1873831cca5,6
0x6acdd1e8b42db8a91c0cbf393f750af6cc8a6df5,100
0x6acdd1f29c373e1a6a342a1c970270a77684d58c,1
0x6acdd3844054ba44b907b526a734d0b76de36061becb47b99ba13808784215ff,2
0x6acdd410912f0dc96148038db025f47a13d7e147,1
0x6acddc348f0906612c0bcf5b332f9e345e55fac0,2
0x6acde4cfad55e06a29af2384f85b9153e1aba651,14
0x6acdec5195486b659ae665d335879ddca0a5fe04,23
0x6acdf69968b9ec0ba49f8b3f12ad0945892580da,218
0x6acdf72736caf9782db03c66786d2d33054d85e6f7271925716a4c173a1dd562,2
0x6acdfa4864cbfc735b67e1b1c43aeba3d7520eca,25
0x6acdfae481b6af2ddae869875c7df64b680ddc49,39
0x6ace02af77da4c0cbdec3663fac8e3e02aed53ec,6
0x6ace0bfa3c11a6a61a6857b98e9959886fdcfd415ffd30953627a18f6ae7af0a,2
0x6ace0db0582a387300959e1369b81c2916efa191,52
0x6ace0ede51fa88a0471c413df9e2ecc384a43750272599ecd1b1877e05336729,1
0x6ace103bf2c148487de3ac676a10a3e67667dfa7,6
0x6ace11c8ceb9b3a551b319352ed9d1a938ed99eb933a828ec7270e57f677ee50,1
0x6ace127cefeb247275f26450bc6373d897adde04c3de43ec8e885951b4c3ce93,1
0x6ace13fbea5eec8ff3d6faa9e7e30f53ab2d293f,1
0x6ace18112ee31ecca8d81779eba81bf2a73c548f438cc19f7b92484ec25936f2,1
0x6ace1a0e3dc7d3a9f1f79ed1c8d39b41efbb8ca6,28
0x6ace206b3d969c8d17070f835518333f8a454fb4,2
0x6ace23101696dd2508de0f80d7086fefb90e2839,13
0x6ace234b9eeba19a965a02b824da358e342e8dd2,70
0x6ace24a58d54302daf59d39ea5a2faa194b4a048,1
0x6ace28d8c88af5046fc97ae23a733d799f26f921,46
0x6ace29696042cf7e04af13af281d891ce017f4eb,1
0x6ace29e655752b8f9964e5ff6d2656483568e997dbea740da7cceb660871427f,1
0x6ace2a4b9b03cf02dd50391a8b824dfaf538fd53,2
0x6ace307e935db47809a6419665640976d4d0f1f9b0a73831092bdb6fab3d16d5,1
0x6ace31e22390d367d73790b3d5d20de6b6f5daa6,28
0x6ace32e65b1f1cef74eb9ba28b20d9ada7742aaaceaeff1bf762eda61740278a,2
0x6ace3423b64bc26ed0381c8590db87e505cae5bb,1
0x6ace34c26684e1affdf3e717872ac1fb58bd207e,93
0x6ace35e811af002b26f0b1c15f0b9f3994ab41dd,13
0x6ace3884ff68ee698c7e5cbc7f593139a001d76b,15
0x6ace38acb332ae9a08e146c01b16c57fab6fbab7,1
0x6ace38cfbff9fba619511046ba39ecec74964d64,44
0x6ace39644a0f25f7f8274b859dbc34ad3b32e34e,14
0x6ace3bbcd2354f1ef15eb1346626b31df6234e3c,29
0x6ace3d3449495e3f58858ebd405b1f13da247202,63
0x6ace3dc51845eb478f5c5ad8431507a320987ac5,16
0x6ace43a6116ea26fe6508bed6bd0101fde381b4c,1
0x6ace4ac7ffb5f9cfd08d4c079d6ba0166e6cce93,17
0x6ace4c1b04f7cfe72c05398aa97d69593d385798,19
0x6ace535cafb627d9d899cd955bf7814d918fccff,1
0x6ace579245421f9225db750eb45a385ec674cda3,14
0x6ace592aa140091b3267e6b8a62e70bbd28d0272,30
0x6ace5c1c0af4d216bcc255a2bfd0c8c5d526282e,10
0x6ace5c975aec23e9d0006708dba7a490e99c0b3d,47
0x6ace5f37eaec0dbc11d970676be99c0fac7a9ddc956b0621457cb73196c3f481,1
0x6ace602f31b559f4fc90a135611e0c63d0c5574e,13
0x6ace6a549895e59a5b6c90f52f32d7bc3e7b153a,76
0x6ace6ebc7df2c4aeb127dd55af38cbb7b2f2e546,17
0x6ace7254dcbe0dc87dc02e56b1d5a9e9a92db8d1,27
0x6ace730df29bc3e76bfdee3d0034ab098efffc3a,1
0x6ace771dc1fa4b07ac1ea1ee1ba36ead78a8d13b,3
0x6ace77a10417d83eec13e2242b549f3aac86b2ca71c443994d6ff80f3a00ee61,1
0x6ace7ab85717b30d24871b0e910fda6e1d5e7413,6
0x6ace7b779dfb7d7d86383eb46fb82a2161b75815,1
0x6ace7e33ca657fb8302db4a733e94ee33f61b4a548ef7f3907b1394af59180b3,1
0x6ace7ef4756dd6411ea0b282cabfddea99cd2741,16
0x6ace7f9bf12f75c8ad35d6f3ce50ed040d509ec67b3eb7953a248f46ab4cd775,1
0x6ace80480463824612ef064558dd42affd389d5f8213475417836f60ced3b46e,1
0x6ace80f5b4614a238c05095512d75f772c3c16c3,25
0x6ace8322f46aeba792ae3ed7ce42d23de8022a95,1
0x6ace8526efc9700d7bd1893c6558260ba12ddd4b,1
0x6ace88736c37bc888aed41605cfb1d9f9f498527,1
0x6ace8c71be42dee215e7ab65116690ac28ca591c,11
0x6ace8ecc7362b87489b94c49bca5bfa3550edfb4,9
0x6ace925e1a4dd50e292677c624c5f39a99130084,68
0x6ace931e33812d17e15df0b418828681a0f08f18,1
0x6ace946b8ab1dc5219b356275baf2810c570a176,38
0x6ace9605ffccf386e10b4a5467822f4f274f4018,16
0x6ace9661d2915cab559af927dc74fa6d4756cbbb,1
0x6ace9b53de30dada515d1cb8cf6efa2c4bc8f189,1
0x6ace9e41ffc099fddd29571125ba0d5acdd793cc,13
0x6ace9ff99a33c5fa9eb17132170513db48d972a7,10
0x6acea0e7a20423ad249ad1e98a6be235b73969a6,6
0x6acea29448a4bad2709bd926e71875a783a8970d,2
0x6acea7ba91839859d41cebf51fe8a27b7b3f70ea7032a63e63d2c8f88db53fe7,1
0x6aceabbfb5c9b0230b42b18f0c794ad26c9ef1c4,2
0x6aceb0e63358944a2f94a70c50dc00008321c04c,65
0x6acebc629a00ca82170c4fbfb249d6d5a431a157fab61d62e71ebc272eefcc40,1
0x6acebdd12aee5f1244b9fc3171bb8cce3e15c90bb1e04a01d0b0be891aaebd2c,1
0x6acebf44adf31d26779cd55430fb911199591ece,31
0x6acec67b3914bff5b14e6b1345f1902f6e707344f2902218a4f0929cd3157c18,4
0x6acec842037fc2b929abbb92a5f86ca702708003794d2bfef49e80d8af48fc08,1
0x6acec92655eea4a1f035f1a3f5a26e58e48301ae,26
0x6acecefd04bd6d90d017344edc004a432de068c7,1
0x6aced2a33112a7e114a1083824fe8dfd49427f6a89cc33c6c58a0336e99caaae,3
0x6aceda46bcead0178ec56aa8c3c33a57173cff79,21
0x6acee1fe697d6cc358c8a2e454e6927d804754ab,1
0x6acee20166e99065190b7539191866d9adde2b34,26
0x6acee922a1f9e51cecb2f30643dcb49973128718,1
0x6aceec3db0adb67a5c42f4a8e042da4176f81af423b4f4ce26ec8f68c2160b68,5
0x6aceecf94bf7df3fa351aad0ee70a91a2e23b6f9,56
0x6aceee462756cd6b46023685a93a844e13d1607f,42
0x6aceef60bb94579e63692c4fdbdc34ad7e6b2707,18
0x6acef1cf2405f3f585674e1480eccde3ef5ba906,2
0x6acef755c2f1684a45fe9393c558fd235965db94,1
0x6acef87f51fcc86272f2c37273d6c821be06bae1,3
0x6acef9564fe0748fa19054da550e9122eaa14718,1
0x6acef961c5c51289efe191d5e9682e91ff48db8c,82
0x6acf00566eceb80dd497e8df5d879f1a398c5d41,114
0x6acf01823d6c22a1dc69aca3fa7e9c8ed82cb061,1
0x6acf05bc87e106b5a0316bee353e5e62d67f8f8a,1
0x6acf072a3c4973a4a921e2c644c7354cadb7bec9,84
0x6acf0d4b897c631cca3ca298d4027abfd09345f4,12
0x6acf18e65f1d620084ec56853566a8df894cd967,1
0x6acf1c751ca604264cbf59d447e5dfe874d8cccd,1
0x6acf1e23faeb7ca520ac0709c39f31b9fc79ee6c,158
0x6acf255f92e7322770eb6cb680976a09fe10337b,74
0x6acf25f80f3bc9e717151be55236f506bd3ef5ee,14
0x6acf263f4eeb850bb45212366fe33ae122d6372f,9
0x6acf27497bbc7cc5499f2403ed0102bdc6b8904a,2
0x6acf2c9a63e47ac56255d51306e1d2d3a111b444,2
0x6acf2f922abac4ad2cb34264235a0c90d3f00776,38
0x6acf308a5da5b769097423ab9a991ac8d743d218,32
0x6acf3107682d23b3507e7cb286a5cbcfb2e4d16a,6
0x6acf321db87ff5c5f72433f25553ecd7af1eab3b,6
0x6acf329e319cda8e9934fefacfd68bf1fdb2ff18,13
0x6acf3440b3e0e790eb97e790c4359bc970fd62f6,7
0x6acf35a2d93f59bd2bd86ff9169198ea77c8821f,27
0x6acf36ca5f23b9e162ce6a766587eeb37e8a2b563ab64b1ceb69d82d3c5241ed,1
0x6acf383311abc4b14f367d1fd31918887b57c774,13
0x6acf3d01326edfd6cdcb9a99c846b2483f5c989d,97
0x6acf44d3514025d8011d1314e062120fb81f0bd8,34
0x6acf485207209c22cdbca797fa1c7caca3611d84,1
0x6acf4911195306e90607028086c7e0028421a567,71
0x6acf4e070a85b154123e74cbc8d8640bc585759c,6
0x6acf50ef8ad08c8758e7221292d47f482de0e3d8,2
0x6acf5186ec3fc705678f9124cf2e0cfd8452cdde7434008b9ddac6ebb9017743,1
0x6acf52b482adc2da957f465ec70af48dc3d7e019,74
0x6acf5a39f5d70bc50676b72f99fcb4ddb5946e00,20
0x6acf5ac03ff60c52cc161aa497db9f6e22e3418ce8423819d4db55a3575d8e53,1
0x6acf5bda0db6dd20ab11fb8d2a3b536de32f6a15,1
0x6acf5fd4620633843b70152e7afd0a122bee8921d8605154f316adc00d1e50b8,1
0x6acf61b63cf4e1ce9ef13859772b4e97b3f48bce,1
0x6acf62ace587d94ed219297fa1fa0fbab332dbc5,15
0x6acf62b6881d6be74e1c81588874db840986e8b6,17
0x6acf6ae93304f520e1ad3cf205d799877690400f,57
0x6acf6cd640b0b2416eeb2e10002319c722cbae53,1
0x6acf6d24d5543029f106eaf57bf5b17009bc20c9,2
0x6acf6e4401a7ac7412156266f8ea61598fb4cfab,2
0x6acf7254d9718ae5fcff64e256c38f574a8921299707005780aeec6dd98ce3ea,4
0x6acf77b30ceb0c9b1a3c3f1a611c1491825be163,64
0x6acf77fa39cb28fc0864a38cadd9b422a72548c2,139
0x6acf7b120c173eef913a167fa7945a75066aeb48,10
0x6acf7b25c8050c6d1cfacd6b90d52ff91cf4d540,11
0x6acf7edee7b836ba3f5a7e0030a1eed736b65035,11
0x6acf801421a13c0a5ee01ed3f9e9bd4673e08e31,73
0x6acf80657aaef63225f14039936f962c148a6d8c,15
0x6acf816173281dbb250cc2a735823a5b6c3847cb,47
0x6acf8186de8fedf832c23448c2993edf37de147e,32
0x6acf83da349c9b608599c10c93d36175c497f138,1
0x6acf860cd5a3cd0cd47f1e46ca2dd11b1040af0f,34
0x6acf8bc1e599c99ed25c276a6f424f80fbedf903,89
0x6acf8ca3b0b07f511375a54c978f224f24f7d3bf,123
0x6acf8d8426403978177754d1426f0d74f2edf3f3,2
0x6acf8e5bda29f4d341a4faf61a65e83feda7dd10,1
0x6acf8ee17add3bc0adc13cdcd150d04900e5c1b1,14
0x6acf945a43535752dabff19445311b7f6353e785,2
0x6acf946d4de772eb3bbd357e49912ecbb17b457a,64
0x6acf9491e3237567f614454491ff382ebb83bae8,1
0x6acf94e3847a5860a9f084fb663520e9c4657fa2,3
0x6acf9626696d75542723c3e0644704c592214c3c,3
0x6acf984f5b432e4525923e5644bdd46e74fe68ea8d0e93b8a43797227705ba84,2
0x6acfae061b8da2e7c712294d198473724f36e3a2,24
0x6acfae538d44349375e18c930ef33ce7233e1513,48
0x6acfae9d2b8fc0b94e36bc772506d4323a6ec54c,13
0x6acfb1fe32dc04d1ec715146883d63d447bdf447,1
0x6acfb4e35e23489d9af7f08ec4cfbb8dfd63fbb3,64
0x6acfb792b177d4d0dbcb3640bb23a77ccbcff9a9,1
0x6acfbb67c3a76e3ca0a346bca31ea519594536b0,29
0x6acfbb803ca6c88c05d086284106f523d341d17f,5
0x6acfbbb86d5427b5dfd7f25ac800e98d354d86e5,5
0x6acfbda802c63b9f58d7ea8100cf633a3e48c707,16
0x6acfbde4c0aeed01cf93e6634730fc6c44aa7a70,30
0x6acfc2cd03d74e312c4acc11b377e9f7cf9479a5,50
0x6acfc333ac74af8db35b89cbe8462f3ab9728ed935e6fb60f94008de33ed78cd,1
0x6acfc8770a817b2bbf2fa75bf94b5b2d3d0ec074,4
0x6acfca1b8d8da4f94d8189422d972e0bc2cdf3f9,1
0x6acfca4e412dec26e662d1a16404143af1d6fe7f428eedfaeaae2739282cddf6,1
0x6acfcc1e5133a4a4e397efdc14b1cd0903cbe1cc,60
0x6acfd1e2474871e7d9457058a6ba50caf88d6fb9,1
0x6acfd4ab13edca0c1f09d5e0a473319130ed8ff4,22
0x6acfd9e504fbe7e3d9e75363c2b0c177f844c1ac,3
0x6acfe5be7a8aab4cf67b2d1446b9299c04436868,55
0x6acfe82a7b0e27112863cb9581e3ffc8af6d5a12,1
0x6acfe8f5972fb1c0648a88c62f8fc9208027779a,4
0x6acfe901939a890b8117cd1d7a881275c6ac0e66,4
0x6acfeb98cf02398a1ba72e8d8644a5638be0d87b68caa8e1ebae15add5690600,1
0x6acfecf9b083904dcd81910d6dfed64c8aa7dd62,12
0x6acfefce9df52b818b381a01681968896790015c,1
0x6acff58775db13969f1266e7a196298912ff2c4d,61
0x6acff893749dd73e4702c9d16bd4ee0866ee6f04,1
0x6acffcc248aca38b0eb37e9a325a936fdde3e1b3,38
0x6acffdfc37378ada13943c5e9f494621ecbcfd9a,18
0x6acffe52fbc49e39b75440e4ac587a18c1112f93,57
0x6acfffbf89a591a4a9d364521c30299cb3162107,1
0x6ad0014526757b058a7f5b25a8bd9aa035bbd3c7,10
0x6ad00853e09ec72b2c543d41013f5a0592884f16,12
0x6ad00ce6fabd1f4d5f265bd57bed93f605bcef0d,3
0x6ad00f3655acff73cd8939df20795394bdad218e,8
0x6ad013b29f025afdc3a134467746794507d30fd7,8
0x6ad018338cb9ff5367fc947ec55e6f2d29ddc2f5,4
0x6ad01bab9fb4d4a4d1a49c0ee3355dd6fb73934b,43
0x6ad022db7c57937f6f4a1a331f445fd074e5226962d380c5bfcb2e9b4fd24170,1
0x6ad025c2f492da6328420ec7a269e1a64105a491,1
0x6ad0291e20d73f078251b4b254823e1ed9b6eff8,1
0x6ad02c5149d7c8f8e7977ecf9d8f81cbb5a9d919,3
0x6ad0310bf372a72b607afd7604b5ef28c087fa60,1
0x6ad03377bfeb59374482f3ab4fe1a0ab8e926dd9,19
0x6ad036b626cf9a41898176b9caaee02d5e94c199,12
0x6ad037a246061ec6c25a7d1f1049f60c9f0d4bc7,39
0x6ad0397b924f09473180331cf4c7d89e61a7e715,4
0x6ad040c46150541ca2616d5b2bc6bca54ad7bce0240750081bc1cdb5dd8f0490,1
0x6ad0433ddc9c3e34b57f1cb49bb54be861ed81a0,3
0x6ad0437075bf050cc75f5388cf2f883338dd7791b82894c65386f40faba766f,1
0x6ad046dcfe6cf0db8844b1fbf98fbcebb3809069,32
0x6ad04997171a99c416fbf2f00d2bec09996f862f,6
0x6ad05283a6a6f332fa1d47b31c16ff416f7851f8,1
0x6ad054f59b6d5492210bed0d5cd080b26a60ee73a751f681e88791bf5c0d0646,1
0x6ad055f3f35e071bd7267b0a17d911b733860c33,20
0x6ad057ab8cd4569c68e94fd9f09b5956191461a5998639ee95a43fcabdd96e68,1
0x6ad0598f2b9ae5dfe8e489e1ea191086ae0585e5,1
0x6ad05c17a0781b1adaeb63feb5d38b26a7ede4c8,35
0x6ad05da07a501177fff1eb73052edbe48144418c,3
0x6ad05fa4ef014d50cd59ed5fb6e9353002038c4e,48
0x6ad060f9981e5a00f2abb666f62ecc3a05235d4f,153
0x6ad0613bfc8c70f4ebade14386018026d0caa868,157
0x6ad063aacbe19dcb8ad87ead54b9839743b451ea,118
0x6ad06469b59166c4106c4680b4f146d499596645,1
0x6ad0681fe9515fc119b0ed3109767e89dcb885d8,3
0x6ad068f4bb8d02a44039ec41ae3c130c2b6da0fd,10
0x6ad069120b8b53f5812ccf1a5f5b8b85461f22e2,57
0x6ad069bf06b32893d8f6f6c634f670044e03fa51,21
0x6ad069d2a4f72be6bec4f8be1a5e658e1cf078f2,21
0x6ad06b1ba187e69e8ae767b00773ad47c391f2ad,8
0x6ad06d37f5618722d93e8bb03572d11ecce95402,1
0x6ad06fe233a7ff452ae8945b374293547b6ff622,1
0x6ad0702fa7ab14b136ace9b628e546a4f7529a72,2
0x6ad0708780745a9323a97bb19629952f384f1e49,81
0x6ad073634c57118d0a988c690be6ddf7046e4e74,4
0x6ad077dc4fa43b5300920f26d1d0eb1d0f7e574f,2
0x6ad07c6aae03026fa5ec71af1c2ba00a7223cdaf,16
0x6ad08138c3121e70e531e190698f9861a391f2d0af1c6cafbe83b7000f2a5af0,6
0x6ad0876f28af2652482b844bd38457f4df554d48c0e33f9a210ce532abe969f0,1
0x6ad08d6fe4e65cb9426cc40811cfb558fb82f4ac,17
0x6ad091dde8217c0a9c3476bf621d14dc0f23cdeb,2
0x6ad09af6bd187fa706b4cb798cd01c3178dfbf88,1
0x6ad09b69ec78e9a85cce0808f86d6288ac19d7d5,22
0x6ad0a73ab22be2013d1b21db5d4d976ef5c2cdd0,1
0x6ad0a8202951c9024e908b1ea847d7da596487e3,10
0x6ad0a99e081323564a12f694f58843fd9f171d38,40
0x6ad0ab65d7d34514b25d44eaad9f30af637261bd,3
0x6ad0ad00604bfdecd2d9e96f2efbdb4d4e700968,1
0x6ad0adc6233b14bd49f6b0a26995694f472a82ea,11
0x6ad0b0630e040aa5c8f7910e7b11e5a41286908b,147
0x6ad0b5c3785b9deed66bf8a66301cb478b19af75,1
0x6ad0bf2cd48d7e03143067c76cbd96faa39b952a,52
0x6ad0c40d5048b04aa924660f35625cd7f70d07ce,53
0x6ad0c56632b760b2b4e247c97d4c4b21b4761b4b,5
0x6ad0c5f22ef2b0da510f2e113b8c4f7e62b06d49,26
0x6ad0c6323bc2b47b0cbf1064ff26dee4fdfba0916d708454896fd5d8203a412c,1
0x6ad0c8c418e270953b46e58a2c1ac766c26f6813,88
0x6ad0c9dcf49cca97d13291dc8c34373a6f7c4d16,4
0x6ad0caf63064836d562a9d7bf1c9cc45aac93053de56ea87f20f664c48d23cb5,1
0x6ad0ce82a501023757a3473c9d3b8a38738c814e,2
0x6ad0d65fdeed57c8a4c13187604de531a1cc1820,8
0x6ad0db6748a825ba06b5fa3c862db13469e893a7,1
0x6ad0db7c10209c9805cfcfdc127d6c4a033aa332,1
0x6ad0dbe1e333bde55bea2eeaebb08ccad690bcc7,62
0x6ad0dddc3c14100a9d02b283e3e3a6bc9b3f439e,80
0x6ad0dfa4058c27cc01d7200179a96758b0d61ca3,2
0x6ad0e9ea8d43213dbaaf18ec11d02c75b4f9322d,26
0x6ad0ec5d8141263422057d6725f9157905f98e40,32
0x6ad0eff61e0802116d2c5531d57678a9fbeb5c9d,1
0x6ad0f2326cff6f2abca4f6915240ac430a568b5f,1
0x6ad0f44591d63f2341bc789cba870aab7251cd77,2
0x6ad0f6658d58f3c904f9d1b626e5c720aa22cdd7,26
0x6ad0f66a240e6ee356510aca0fdf3a4f9f4041f1,1
0x6ad0f7e6f008fadcde9cf73b6819ed42359bbca7,305
0x6ad0f8551e716d71d6b5929d0b9ec9585dbbb952,4
0x6ad0facdf0f6b2d7254ae2c565225ca28c2ba845,6
0x6ad0fc16d3ff8be3e3c0e4081e884718260fe94094b94c6ebbd35880a2d3f816,2
0x6ad0fc5678a6f820b5e0733c06b04cdfe1f5a901,1
0x6ad0fd3a7676ec250ec271f58d6c1cd26dd326ae,1
0x6ad0fdef4ac4cecc0bedbe1f290d560657fe7cc0,1
0x6ad0fe0b6c7301b81d61bef26d27c2ae2cc4049a,1
0x6ad10112ebd67bba6b309dadae87fdc1279075bf,5
0x6ad1037c9313bcae69d83add4a71975e6df01b61,1
0x6ad105393b56db39a221962900885a2f5e68330e,1
0x6ad10a16a5ca872b05a47a210437c9c422cd5af0,1
0x6ad10e82bcba1eea0bd82a4bebf2b2152c3f8cde,8
0x6ad1101744280ff7e2cdc62c35251e31edc42a75251c68de677da04d6f7045ad,2
0x6ad116bc8b7d604f794bb24d7f3dcfb7b2288b24,8
0x6ad1206dc754978e5aa7dfa89a082545e0f03409,114
0x6ad120bb9d33e252f350d5f1f85a625c64a8f53c,1
0x6ad12f209f470ae700af2611851cd24f1cbb3c87,34
0x6ad132b520fb6daee68136801d5da88e20ffbc93,5
0x6ad134e0aec714b5c0fe0d90607006e2a4e893fb9b2ed9a02309c9980c052b20,1
0x6ad13939302e52239c493df2119f9e74629172db,3
0x6ad141214b19de2cb1978802da4400218477b5d1142ca522a2ffa00c6394ae,5
0x6ad1439c4354e30601d3388cb981665104ec9561,1
0x6ad149695aeb3d6616ce17300944f5d2d2de9d6bf3d5dbd3586fad76a9140223,2
0x6ad14b9db434490718217601de0db2a1ce71dff1,25
0x6ad14f23893c7e4e4020edd7eb430fafb859906e,72
0x6ad14f8b492d3f568bceda68b3e42e85ac46bdc4,1
0x6ad159cac5927e5229b1682d5b9a9b49eeda4ef2,1
0x6ad159e349a6f62157367dbe2fb0ca684201a8a4,62
0x6ad15cb4f04b789a945ef03506954a214a4ec3bc,1
0x6ad15de1461e2f8774fef4de03eb4fff61d998cc,67
0x6ad160e62aff5935f8c6ab04bac60688199c9020,3
0x6ad165185f78ae56e87b39e725c769e2829c2a2a,1
0x6ad1671ee29b33dacd3475fc44853ab3de4aa68e,16
0x6ad16be882bfe9331f8ef310f18e077f1add3dff,31
0x6ad1729a2070f74df93e39296ef838b1b054f668,8
0x6ad177ec3e70862fab001bb624ee26bb87258db7,8
0x6ad178abff92c2704c5db88bb37878634cc67e00,1
0x6ad17bdb9f25c319253288c3a6912a3dd4f56fe1,145
0x6ad18067f1a1e4f82ee634a3ec60a709edaa9d42,61
0x6ad181bd7d9cd01f52e43262855b79e51f28c5e9,57
0x6ad181d0174550aa18bce161ac2c01c0c7d9c2d3a50edee2b8b9000e39eb06a1,1
0x6ad1866d767b85fd7c1de03d326d782b7dc4613f,9
0x6ad187754831bf852addba5b3fd634213ce0cb7e,1
0x6ad18edd1a9351b39a2eec063196c3342387776b,37
0x6ad18ffd4199df7598b54bfcfbb26897e19647a9,6
0x6ad1968af7cce5d64563679e030341eee5598b18,2
0x6ad198a022d5e0f79275e69911991d26e4e47d9a,2
0x6ad1992a832ff7db47fbd4169a0dcaf3e0bbf1d1,4
0x6ad19b536cce1c304b2fda25948876331f552ca9,6
0x6ad19c911922b2555079cc88ec89e52542f43bb0,58
0x6ad19d3bd6dcb403aa9cb9cad978feb50638a546,1
0x6ad1a02f00c8c3d82db7009b4fcc9dff114d6845,131
0x6ad1a134d5030c9feab34fd69d34f26a3c870e47,6
0x6ad1a29426b0f91259769dd7abfa4ca9e561777b,1
0x6ad1a40c99a8fb593fbd7e689fd8d77bc24d353e,1
0x6ad1a41cf33db0e0ced1e38437c3fb1164a7f8e9,66
0x6ad1ad422cb55a8f41d10458e16cbba36b9012e2,1
0x6ad1b02b665865a5e59f55aa520394a793ec1691,22
0x6ad1b1b8714a59516c264c4916d411dd105c7ba1,8
0x6ad1b5fd6b1f39f62669d57738a353e7dd2af59f,22
0x6ad1b79357fe0c10f88228f665e2589ceb6c03294e6a41d8b3b3d0a6f28f36fd,1
0x6ad1b8ecbc5f4e5e60d3c12b8bf7cdbfcb921c10,2
0x6ad1b948f43eef4e205ea77f507fa90d79cd27a5,15
0x6ad1b9aed222841258c8481df7ef33179fd53469,1
0x6ad1ba6cdb60b3a070af12c05b3b89b54c0bf2b2,36
0x6ad1c05b276b0b45f25066e3e029a015d5a3f33b1c3414914e5d87e3b35dd545,6
0x6ad1c9ff3bca98417d25c91f6a39527cc87a87fe,34
0x6ad1ca369fed2f8a39bdad91e7bada0653874881,57
0x6ad1d0047df04307b88c442cf2e95fa16a0b6101,4
0x6ad1d31e7fadf0543600d7e2131994272f57bd80,113
0x6ad1d4e26ec4cd65bbdb34e77759ee1c9cddd832,66
0x6ad1d71c986b4ede9361d6632416ce3874618dda,1
0x6ad1d8d4d44092c35af2cada59b3c376a0cb53b6,8
0x6ad1d8f91b18d0ce9baf0e5441d0985b2f7f7f15b459235daaa47a88e1a7fbd4,1
0x6ad1da70b02d1725513b2e846fae5529e55ef70f,3
0x6ad1dd40fc93a091f32e24b0b1114536d894c2fa,1
0x6ad1de238b32dc2dd9a3104fe2e50163592a4981,4
0x6ad1de943844765a47c029268d6e8fbd4183b646,4
0x6ad1e27cba766b23dc54910e09a6cb9f771bd188da5c605876852094a98b86f5,3
0x6ad1e3c944d6fbed0fd47d21bf99bad689607454,11
0x6ad1e4301f9e602b628f6b11ddea67639d373fde78cfa1c7ea92b9f6b7ff0254,2
0x6ad1e757d74877e0bb7b7d48853b51147f57dbe8,3
0x6ad1e7ad9c7811e077b34c2e953b3ab94a0e049d,2
0x6ad1e7ccd14babb533f37eb5ee9233c4f54c019f,12
0x6ad1e95570fabe52237760c2784ab35b9e3deec0481c0a2ca5a554734e4bb312,3
0x6ad1ebecf139837b760af95df8ed2bacca94fbf2,1
0x6ad1eee5aaa05540932aa4f62f8e8b56b397a9a7,2
0x6ad1f6a03363ba57c43bfa1f8986bb879e36909c,2
0x6ad1f744f822d8968f28817a8e9acd8b0e2fb3b56225806180217272f9d960b0,3
0x6ad1f911e0ef7650522a3f27c1237c264171c49e,68
0x6ad1f9852a23917d2ce71162e509468842a0e2b5,66
0x6ad1f9bb84b359f5ed50b2928e3b95016bb7da56,1
0x6ad1fd54e385a676bddc9780a2c5433efb50d1f4,27
0x6ad1ff71df394c3d1396c805ab66dc7d8f2a2e67ce7326db23e4158a39c512dc,1
0x6ad2000317c1f1c079566de762098d5e26fa3cfc,1
0x6ad2041bc59905fac2fafb369e59c6a3da8789b6,1
0x6ad2069e37bae272165292f990e1e28fb5e9a798,51
0x6ad209e0c92a901aef9d3b9464c0b2287f2a5e68,45
0x6ad20b1e82abc4ee7d1a2fdc4891dd7d9722a2ac,3
0x6ad20c7554732c3cacbf8fd7829d22c3107b40f6,1
0x6ad211b409a569a6c022b41c5850219da87474a7,21
0x6ad214330f9d90aae6527e3c10bcb59fdfe10961,1
0x6ad214447fd250a411bb8b935bd1964321bc2a8e,244
0x6ad217b5a8c6ffe9a96913dda38b3e5d1b6cd32e,1
0x6ad21898324f7e05b31e42cfa932ce2dfd98e316,16
0x6ad21afc7ccfbbdfedc0dd84894e9de9b37ef0a25eeb630567f2b88bf8d6c3,1
0x6ad21d7319f88b468565a0c30fcc4d0332ff5481,2
0x6ad21ea3caf519f4e2fdffdafe81c215c6476c8f,12
0x6ad22419f44c1bffa2bf751c769f86050aaadade,22
0x6ad226392693782ac735b9d01dc463d880bbabe8,1
0x6ad22b12916d45b73d0f43fd55596460ab120f85,9
0x6ad22b9554ef7bcade9190ccb87acc3e56c5483b,22
0x6ad22cdd0ae91a1553a483f315d7f4a40961c36b,20
0x6ad234d0e10a181541fd8904dd21e88dbd2aa4f2,12
0x6ad2374ecbec63de5b266ea617a162da222e83de,40
0x6ad23ded823efbf45440f3edfa1ea84f9660e1df,1
0x6ad23e8a97046a389010375da4707486e14dcee9,2
0x6ad23fa82bc63b680f06823e36605dfe9d828fa6,4
0x6ad24149483c3c19a4f3a9b684160af619447a0f,2
0x6ad242ee4bb53b13c7639616565bf4b23870379cb3c0365e6f588e448e27dcad,1
0x6ad244466777fb941917deab621e922b1feadd85,2
0x6ad24cd7f87c0c73ac76a9325083ef5faf8f626c,79
0x6ad24f1fe195f158d1340dab1d696cecfc757367,1
0x6ad25a5f45bd7ba3da50a68ad61bb6b20602fb79,120
0x6ad25bbd4830d8cadbad1218a798e319f38dc646,31
0x6ad25dc106b10201f93752fdc34def1491847ff3,26
0x6ad260e32bc07eaff52eb8d57426ba0d94a7ebe6,9
0x6ad262adc208c647b455977561c5e8aecb94c156,1
0x6ad263d2e73fd125ebc834c1227e2ad531e615b5,1
0x6ad264df15a4590d04c07be30d8c521f4fe2ae82,6
0x6ad2696ba585b5c3fc6ae82a7aabedd4515a2441,1
0x6ad26db1e60a9a9bf0cc78e0990f1617889a624d,2
0x6ad270034bd9824ff274354eda30e5b6ca5b5047,2
0x6ad273cfcfed8377f724937bceb50f6df1dcce2c,20
0x6ad274180061eb4c33bf8fabac59f687dcd874bd,15
0x6ad274de43b6b3c55f91de1af3705539cac3dcf1d7c18ad529e3ead3c98fa344,1
0x6ad27522d5b0ae47daa4a1355634ac823d1c5d1a,2
0x6ad27a053157421fe553d26f6dadf7022a393a4c,116
0x6ad27d8c6c3a2adbc60ec7bd2a4a94c9b1d92c87,28
0x6ad27da72d7167ee0311aedc54cbfa685247f313,32
0x6ad27eef7bf407136e4b26b1d95717ff57b13bfc,214
0x6ad282d63d95759f5064385531c92a443d2f6987,23
0x6ad282e67123f8600cdf8e0d2ab6c768989e8795,4
0x6ad283ea772abc0d5edb3f4367583d1c34ea1ead,2
0x6ad284fed2fe49f4bfc11c814c3a04c4b82fa7fc,21
0x6ad287066184f33a7764760d6f8f7e374f13e10c,71
0x6ad28cfabc46cc056f4591d130dd5ef623eccf96,2
0x6ad28cfb274d8061d0bf28e59fe9b5c4c7a17627,144
0x6ad28f9c0956a0353593dadd70df511e34b59a66,1
0x6ad2929845ed0f45504330ebaf8bd3e6755a7125,1
0x6ad2981cfab831f1190f56cd05bc8f8891855d4e51aaa05f8dfd35c92abec07a,1
0x6ad2a3a1d73c03ed851a75b57848e47b45dca0a5,2
0x6ad2a41495498604e7dfc763f24daf7dc87b45f6,2
0x6ad2a5c4ab66c32e56d09f9a3c28d63c1072a494,1
0x6ad2a674e2b5ebdd548896a624475dd009e91e66,3
0x6ad2a9db7e27b1dfc53d76e1310271a4da2b5041,46
0x6ad2aad9ba54c74b70e2d02ac9c39b7d4dc5164f37a611bdabee39940400063b,3
0x6ad2b150846c5d3ba77e63b074e654ed75807240,38
0x6ad2b3f1fb6c632e8352a3a1b4bad58866d0348ffc895c3ca832f8a4bd26b0c9,1
0x6ad2b94f0adc59804e8611fa00ced0b68d1ed69f,2
0x6ad2bc37ee8b54a8d8daf01dab5531384356986a,19
0x6ad2bc9de1652ba51888faa6881f1b07c67bada1,13
0x6ad2c3c3f66b6b1d095e1dacfff99c124efefa8d,1
0x6ad2c9621d6694bd9d6ddc910a2bc1b232ae6c06,19
0x6ad2ce5fd3f6680bf25fa1ee31dc0e6c79e678b5,19
0x6ad2d07c7f795f97778b7ba40b534877bed371c5,1
0x6ad2d66f907b573a78010ec74f5d4bc8a8d9533a,2
0x6ad2d6709a14d9710e1df523dfff7a9e05e58283f46c9134cc7fa321ebf4515c,10
0x6ad2dbd2aaab0d20984638ee563e1959d560b934d0725c7547ab6692d0f24cf2,4
0x6ad2de484c2ce7d64f16b5b983e65fc1e81576e8e1da13745dd46a0501b89cf5,1
0x6ad2e04b9dd7a3bbfe04431de2b59da339c79f81a09385b6e5a67d9e102d51b5,1
0x6ad2e0f243e22b5f8ce30655ae78ffab34fdd5e2,38
0x6ad2e2d6486ee652a35c1fddfaf15c9ca836b8d7,5
0x6ad2e30141323b9b2f4161483306b5a4a31b58a7,26
0x6ad2e337e295266e0947dcf2b6f2bfa364495bd7,38
0x6ad2e3a1744a9b945faca482213fee284b8129a8,71
0x6ad2ed770330370c9fff721e9bd3fae871bf543c,25
0x6ad2f503ca82b6a33a8cd5dbc3f7d8816b8d3c2f,42
0x6ad2fa89870404d50fc8aa52dd9b1f3b87857086b396256367ccf8e59c98cdf4,1
0x6ad2fe172f43b572fa22f3b1a0487bbbb37f2c55e09a0ccd2625837982a2a105,2
0x6ad2fe555c292b69cbdcd1581fbd057a8f434d48,66
0x6ad2fef91f514cd980e99f73e0cc15e24a32229d,24
0x6ad300c6740e58258cc8171234f92326cf59842d,9
0x6ad3061e2b6b8d7c8c46640f9734b6c92f1847fe,47
0x6ad30817a9dbbec085451632ae1c5aff15cf9287,212
0x6ad30f12a56ffe3e589e4b0ab1156fcbdb06cdbe,1
0x6ad3110f7a9e4a76d08fd1fca5b8462bf1b0c73c,12
0x6ad314f03707613626227934fb34b59331e6eeb546349f1970d9462355e2a258,1
0x6ad3151b3a3981038d2d445d5b7e43ac96767efd,192
0x6ad3184bc1239b1ae7936d096077cdab315648c6,2
0x6ad319ad5eb88860dfeadc7736adc62df8e47e0a,1
0x6ad31b1c60b2739a5ff6a2323986afa0f38b012c,2
0x6ad31e2dc09fce91c6618c815fbab2adbc5a631d,1
0x6ad32118116da0992ffd5adeda08416193f72a754593009ad31841439f333419,5
0x6ad3222aefd064044035d5fcc8e361c3b8d144cf,32
0x6ad325daeb12e8bfef40ef5ec2c45e12489dbfdc,3
0x6ad32babe28ff75d94fcd24cac59c7b885cc757dca3d51fd94cbe61024a9b9ce,1
0x6ad3316753772ebea7876a4c31f8eb0d34e2269f,2
0x6ad33463e5fd3a1fb6980eb8c631c0a1f05207f3,6
0x6ad33579a68dc7b6c3bfa873ba7576aa19a356e1,1
0x6ad339eb466571d1b9a2fc5e14d4e3247f04d578,20
0x6ad33cd85ef9056c7ae5d06765357f374c7cbbe2,1
0x6ad34893fc601412d9c6166bdde27be927b218b9,82
0x6ad34a3aae55dfb5297ad0406b0e487d87eaea3f,9
0x6ad34d76df0fe310dd35932490c5e836a87495b5,2
0x6ad34fd36002f48a5acff35f96c22aa4362267f8,2
0x6ad358e7af5152b085cbe1f615a127a31c673f85,16
0x6ad359f0541582b61065aa0db7bbda1707b10c4d,36
0x6ad35a8ab9f0e9d741066617c191871d91167995,46
0x6ad35dbd369b1c721620ca73a02fddbcf50c0921,31
0x6ad3606c33d0d80a307131cbbd79dfac7982dff2,43
0x6ad362b484b8db0cd7d812126c0b7972e698c894,3
0x6ad363cc0d59c90abbcdb0a3348e21898b105b7a,3
0x6ad36549f8a369589e93ac4c02e73249373e0a7f,1
0x6ad36624e8d13d0642d8a58df04042ea55c45cce,16
0x6ad36a950314dd67e9ecdb97b13f18bfdd97dde3,1
0x6ad36d9c518fd6bde87be316fa34bfca9c0ba3f9,301
0x6ad36e3e381e4c0669be3606ed529d58b03121aa,1
0x6ad370e343d89a907850600913c1d4be93a2dbe5bcbab5ba22f3d71f62794bc4,2
0x6ad3735984ab22c41c490ee8321c670f3bf4e076,2
0x6ad376a2b4225cea041ecf9f912b29c0db0441f1,61
0x6ad3778ba9fab215050771a1636af7db917936972bbb0f084738f2c6ce40fb49,2
0x6ad37f1ef664e367ccefda1835c5d4153ae373a6,27
0x6ad382a288ad57a261716fc16a04c56c19c2302d,25
0x6ad387056bed5281315572cca526890dedfdb6de,2
0x6ad3879c52fa48740ba6382759a5d2d05b7215f9,2
0x6ad3894d5cd36bed5d7808ee6f72f12dc84019e9,4
0x6ad38a5517449e9c50068be1449efec5e43ce6683eefb5035fb6ba2625b94180,2
0x6ad38a9fa0c794a9fa02e3b714450997eedf26f7e7d4c696375d34008287703d,3
0x6ad38fca017a2453b472a1ca2f8b2745f80c6f38,8
0x6ad390145cf691c799fb5b9ccf8cb60a94e10e45,45
0x6ad391c1ca618bdfdb01b5de10a34decd2dc91fb,1
0x6ad3925399e3a908cccb9937758fe30ffa6b095d,37
0x6ad3927c4dae44da39e579301011870c15fc9dc2,11
0x6ad399eef5693c19d355db179ff519f6c9337215,4
0x6ad3b4b3b4496334a000b455b034f0d2750e4e13,40
0x6ad3b5da0341230d3817abc6d3f6be4bd2712ba8,19
0x6ad3b6aa869a3ce174ad28e5d75c1d1641241965,26
0x6ad3ba6b04bdd1a20ab2cb9c1b123c2c05793c03f587900a6bbb0603866a7667,5
0x6ad3bd7f54ccdde5b35cd55644a67717382fcc43,5
0x6ad3bfb0612d468758c04f767e728827ad454e7f,3
0x6ad3c189609b66bde482c80bf5a50909e465f7a1,2
0x6ad3c6ddcd9576e54201c22f96d382cdd9d9de4f,9
0x6ad3cc4be430cdf52e6eb115b4b6114b591d5639,2
0x6ad3ce731bf5f4457130bfd0aa2be1454599a9a47333efda304cc1fb3b1c799e,4
0x6ad3d0c7b5d2caadb5529d79ac0568b0cd14c142,1
0x6ad3d1cef67fda65e8adaef77b9c5f5c6418f989,67
0x6ad3d4e30328ebd0284374ee2dd21f4fcc0eb1a8,111
0x6ad3d8e38511b681e28667bc9e11da0c6ea35cf4,71
0x6ad3dbc0c984f55710b7fb2a0d6a8777cb5d7d55,87
0x6ad3dc58d5ec026da3dd23b722d8544ec610ce00,7
0x6ad3e7b7b0da5ee6af5be86c0d9b62835b97d022,45
0x6ad3ecd7474ce51535a05b6abce2847461f1c059,16
0x6ad3f27efd26e87eb18c0b91094e920916a45b35,1
0x6ad3f57f9be502435e77dbb97d354c8f01d03555,39
0x6ad3f88f2eb51435989632c768adc9386d043ca3633f27bcf1ec91dc5fc92e13,4
0x6ad3fe18815c0a37ac1172f41d6a3945a8a6c44d,57
0x6ad3fe748cd4969caeeeff27eb9479d577b55be5,2
0x6ad4008727f201cb473b988f0214568dc442d898a51378021c587966db89359c,36
0x6ad406dc21643d42bcf074fd3d0a349e88855035,40
0x6ad41d1ed2759ae441291ebe694af1ce0d655133,1
0x6ad41fbef4f3302c5078b9f1d2cef0c1879b7b10,1
0x6ad421a752b589fcc36db781a34b1ee132b9324b,24
0x6ad4233bad21dd3d0049ba38ecd64d768ee63510,45
0x6ad425045bbab8e48acdee86e65f2fc84d69e91e,1
0x6ad4292d14ecec885a25fee571763a10ef7bd5f2,6
0x6ad42e0ad3c1e4c4098a15033e4f293e865ac5b2,173
0x6ad42fcd81e752cd33e3e9e79a5a32be5d581766,283
0x6ad43842744bf467f84745c28214ab1bbf432bcf,17
0x6ad438bbcc9b16e1bc6061037c6773dea8f45536,1
0x6ad441845fe1ff7f3070c55e0b04d9166ae068e0,1
0x6ad441ee0fea63895b3d1dcae9e79955b5b3efe9,71
0x6ad44a552deb224db5a89c38349c5378c95cc890,44
0x6ad44c475630403defed66dadc05b8980ddbbdc3,2
0x6ad44d193158d78fec1636c2d3b4549e8bff4724,3
0x6ad453c28c619d51b68ae86f724d470ba32b045a,28
0x6ad45552ae0d01fca5e8591fbfc6faf8950e76fa,1
0x6ad457caf23261f2ef3365aa313c15822e3e84e00074ecba84c0859852f060bc,1
0x6ad4581759c4b80ac380cdfe0a339a397d5f8b5c,8
0x6ad4594e99cf77825c840c3c8c5e6dc6e172c058,2
0x6ad459d0700711a46a0a53b5e2736d383b595d39,6
0x6ad45d4384963550b809b09a818f5188d37765c5,5
0x6ad45e1add90b763dabd047c6928314afd959fbd,1
0x6ad4659831e733a3cec31ccc74a3ebbcf125e4f9,1
0x6ad46a3e777ce380452049af237ee5a2c9c1c935,7
0x6ad46c674172b58244286739f2980a985bc7c73f037231d1795465ae178ae0bd,3
0x6ad46fdb4f1dae1e710bbe5660c6f7b251402b30,2
0x6ad4723a49180e210dba64bd51b6b2c983f3a178,2
0x6ad47500f791918ae7df32dd32fcc609a8506c92,3
0x6ad4779c19c4ef4649e2774be07dd411eccd9a92,34
0x6ad47f567a3ade004f3abcca10d0fa0e5f2d911c,25
0x6ad47fab380bd4ac6c3bb60aeb8e67167c970953,1
0x6ad480ad3ef0bc54db22c22b4b72a200d315fabb,16
0x6ad4867279a19b4c19aaf389a2cb830f9b9c4f960a182721bdba81c7bfbb84a5,2
0x6ad486f4bd62967245686f2686757b8cd6ecad680c707c29cf129f33571e679b,1
0x6ad48c4955e39bfbbe0aaafa90cf8890603cc2d6,16
0x6ad48c6e5d29bf6f83d48242ade6f455daa67323,1
0x6ad491faf3437b80a8b4369d97a47e4dddf0bc04,1
0x6ad494a7386cea9d6cc5a6f5150898b992812132,25
0x6ad49ac2c355830e7f1ee716875023b9cdd2be7a,74
0x6ad49ad002f0a564434372e8a80efe21e5eefd4c,14
0x6ad49b02b11b9fde2545c56c2aabb390d9f8a0a7,1
0x6ad49b2452bca5afbdfd302f2346a67eb9e7d67a,1
0x6ad49c3948896a0394997205ccf0fbfcb680cce8,35
0x6ad49c5d015367ad341c4db32e9f4599aa48fc884336a69a86ca6ef30c6cd033,1
0x6ad49cf98a3e01ca3a94f616f0bddbf70604ba8b,9
0x6ad4a307b3c9c3ba40e003c97970aed66bc73562,116
0x6ad4a85eba1f4bb221f93ff0839536bbb69af67f,1
0x6ad4aa057840e6b4af3555261440dafe0322064e,26
0x6ad4aa534ee0f8d51530118524aa5b5f76e7a805,105
0x6ad4aaadd0c827a053f1ff81daa2680c076f1ef8,3
0x6ad4abb2b2658b10e8daaa462079408e28d231e665b944a627ae049027339976,4
0x6ad4acad3b31910a40d184f353114971eeb19ed7,1
0x6ad4adc4caf03e5260e5e2e54781949edf91bffe,1
0x6ad4b02ca215db2c5baf267b1b853bceb9e7a502,4
0x6ad4b4ed75c9bfb19b84ca6f490b7938baf297ad,3
0x6ad4b87335d5279f04903d6e09f7dc59f0fb65ad,94
0x6ad4ba8e58f9062f213f2228a812223df1227b2f,12
0x6ad4bd18871486c136804a2020723bf228dfad76,100
0x6ad4be8bdc641f1a3865553cb4bad14ae28f4a4a,1
0x6ad4c12758e7d0a65203650a42950604dd1d873a,78
0x6ad4c3f6dfd022427cc51a68e4f33faa4467e125,49
0x6ad4c777ee4a4f5caff23c3db752799b48015678,2
0x6ad4c913a8db40b7f396dc47f1615b3f16a43b90,1
0x6ad4cc21f829a045d32120ed333930e216850b81,3
0x6ad4ccc866a620a9eddb84e594b327f84a57f29133c78bb90e05a7d7723c040c,1
0x6ad4cd1b6808edf2b8a114906be341c69a434875,1
0x6ad4d2f2b610864702da43122ccb108b6d8003e6,4
0x6ad4d314f45ec23131c98df091584f830dec4fc8a22ec5e5ebb4a28e20af48d5,1
0x6ad4d3f8541fd5408e30862ba7a3d9847d871d97,44
0x6ad4dcc9d74752c53f919631a2dd1e99eaa950c7,2
0x6ad4e3ea10543721e08acaac43c16e67277f6f2a,1
0x6ad4e46ee3d46336879a020ce12267e22bd75c4e,1
0x6ad4eab2b45ff32c1dc1b6d7a4e06ab7e7c581ec,10
0x6ad4ecff47285062acaeec3eda0634105b9df0c2,33
0x6ad4edd9ef5727daf8bd079d5471f9df4183f4ec,9
0x6ad4edfac4dba1d6fc302c38db0af3ef3cd09183,2
0x6ad4f24515155e0f87b6563c848398924cd315f11decd63b5f270367a2cc0509,1
0x6ad4f8e604ef50c470c2fd3beda89ec8f6a60453,14
0x6ad4f921e090012539489d80a789d7d2125fa557,35
0x6ad4fa3d042e171d89abc7e660501cfb56064282,1
0x6ad4fde0dbdfcc04d60a3379a70d026c178357b5,21
0x6ad50251a49c5f1c5b9e1711823291c0a56d2040,2
0x6ad504060b1048120557b608ad3f8e4201e3989487c59686924cc151312557a7,1
0x6ad50481c508f481cafe926aeba4d31bc3c1f45a,6
0x6ad504bafdf71d96e353745d375f32cb44c156f2,102
0x6ad50ac05da1bcb8605830212e2bde0f54306ba5,39
0x6ad50b4b46bf76ed8d2baff4eaf6dd61382e4138,3
0x6ad50ea8f5c10852f66c590c3912cbbaa26bc525,1
0x6ad50f912154413f01db8aaf7648361eef678520,1
0x6ad5131ee842718fca5f9ddf32e91832a1d442fc,14
0x6ad5143d53bf38bc48797fb6e39ee324f5c95b2f,6
0x6ad51b1d72edce16f5ea21c2386c9d3bba77b920,1
0x6ad51e88d604666b741549cff7c373dec59e8c1a,34
0x6ad51f056d0989d27ac7b111cea3359ee022d599,57
0x6ad51fe7bc79001c796173b1371cb3c249459596,1
0x6ad521b5eb88191b9c71c123ed63bbdd77e5f983,18
0x6ad530c1efe9315c632ebcd29ef75b040f3cca12061f5500c5fe82f90e661f82,2
0x6ad533b2acd31bd41bf2f54f8739311678c3a82f,83
0x6ad53d5849834b9d2db050290ecdf5250b2629503229f2b7064231b5d406c2bf,2
0x6ad53e90adf89e9d1760e3491f4bda0111cecd99,101
0x6ad54160ff6e5f1edf47f500516a85b43e69db7b,32
0x6ad54181f8d869d796a3fdeaed81cf9d01acfbd9,33
0x6ad5455f2bf1faa606d67f9ff16f31900dd34f1181577b7f99c2ef9932583a56,1
0x6ad54ba1e210fdc817d8839030b19bf491d22a3b,6
0x6ad54bc1b8a090615f5332893ebbda64296bc8bcf6b8e9c7e325523d3ba14b21,4
0x6ad54bcb972c2838bf7af3c3910c76df0983c636,34
0x6ad551caf471f439e92c973fb50d4c2c9aeeff905dd372816f3e3aec1253e7df,6
0x6ad55463521d259e698b3069c2ead7012e7fd7a1b437b5ceede6f343abed2373,1
0x6ad5553b1e763d52eac6526a5a003f7bf0939383,1
0x6ad5558d058c3572671a6664ead6c5b7b3ec90fc,1
0x6ad555a5cdd21797cc1b211725d7a753729c39fd,1
0x6ad558df7d1d0811b125b383c5cca2abd6c1ec74,69
0x6ad55de782512c88c64c8cdb304b486437dc2f5b,1
0x6ad55f9380ccb1537f1cbe4c4e4e3e36466aafe5,1
0x6ad55fedf7102cdae1235891bd126622066e94bb4a5acb1fa151cde9d4a69f97,1
0x6ad55ffda74c54356619243623c36c5cd5bceec0,11
0x6ad561625c98c63b3b803d7a5eee469d79b1658d,1
0x6ad5630431396b87c80c5fb6c5b055f6d0d6cffb,43
0x6ad56395e9f7c466966259471551a10e68ee8c41,63
0x6ad56d5ef178ae6f0defb42201c149548bbb7d30,2
0x6ad56f589258e921f7d8653b91d74d413948e48b,52
0x6ad56fa9bbc23fb646c9c6e3a87badeb95061318,2
0x6ad570128d2b6ed8006a57e0b0b92d7bd6cc8ce9a799deacaa761cd3ccf4ecdc,1
0x6ad57991ac2aff55399dd06931efba496ce517dd,63
0x6ad579e2d3d0fc3e6c1730489c99c3e2c951d48e,115
0x6ad57a1c1e87f927ee1ad3fea5aa9bfcb8d0887d,4
0x6ad57af8c3872be2d5af26602393dc7c0416b290,1
0x6ad57fbf05ca39c5c1fa4c3686f8edf3c277b2d3,39
0x6ad5832ea2be0fa1d53c36e7720319c90b1848bc,1
0x6ad589aeec9b90b73052a5009f7da2a585ea8f54,8
0x6ad58a33b2fbe018d998c9ba223f4c50b04cd6b0,20
0x6ad58b65cabb77e330cadbfb9ebe6fff079a1659,1
0x6ad58e061591ef536bf92872dfc6c8e7871ac27f,23
0x6ad59ea36a67afe8863127e30b87fc2e20e39e52,1
0x6ad59f295f917db24821a4035c28511ef04cb337,4
0x6ad5a06f466d0afd01f7e38f80e602d820cae704,1
0x6ad5a4f22123e90b124491d42e035136faa15a4d94c0b5bc3f34ab3081d0d312,2
0x6ad5a5fb0d15c71dbcac760550073f345717b119,126
0x6ad5a9d69541481cb5972e5e6479ef293c67010b589433329d9f5514742bbb13,3
0x6ad5afab6840f2552e63dc14d8148c5d8229ab95,1
0x6ad5b011ae62bf7e6c1114560f2c1b3e870dd661,91
0x6ad5b3bf181e18a0cfb77ce4370a64777937b574,73
0x6ad5b9c00f5ff525c0c7ed00f309be3c5b5d53e6,7
0x6ad5bb7bebeb609e781310a3a371c45e35ea4a2d,21
0x6ad5c3c6d008ab8c354a6a1214287e0c6e1755fa,4
0x6ad5c4c842dddfeb79ca1ee04c6bef393f1a774f,2
0x6ad5d5abd609a18a74bbaf2787f8fa10f0565e2b,49
0x6ad5d931b49bfe83ed2171b7da84b733f0e985a3,1
0x6ad5dd88fc5a8e09ff5b6d443098afeabcadd6c9,58
0x6ad5e1028eecb3fd369287df0179111ed38841cad8ce412fa4596c7f67840383,2
0x6ad5e84a97e74a16a8d7a3d204481f0bd6f5d714,42
0x6ad5e954c46f8b7a077d8a5354e495ef5a7c25e7,27
0x6ad5ebcbe068283ee3d75c38f025660e1b2b87d5027515a646ee1711395f31ae,4
0x6ad5ec06d579d28af9c5a70ba60f913d774a4b5e,9
0x6ad5ec1797e3359756d70f46c7f239af02d23338101f97f1ea65f51f6928d2f9,1
0x6ad5ee86b6ff74c3e19536e25efc072e4071a64a,1
0x6ad5f5a2f29cb9a782c99ed35300890a907710b1,3
0x6ad5f60056af3990d2095f3e7bc41f651e87d9a7,1
0x6ad5f9b0e52b1186d6954f44133657ce52d09655,1
0x6ad5fe5825d7a3a797fba7e113dce08445d9e1e8,1
0x6ad5ff8e7b1c5674b2edf709119345fdce52529d,2
0x6ad600ac2d2203fbe89390f5d40330862d4b2c62,14
0x6ad60807fc5c6ea2085c68e6d099c70550c3c7ef9bb49fbdde70f862601d5f1,2
0x6ad60c4dbf1f1bef5df5d4202005b8d5cd2f71f441785f322a8e88738aba799e,1
0x6ad60f3f9428bbc35d0d5de93cf8e4850c43d417,100
0x6ad60facc7d678ff3458c89062de34d7f368706e,2
0x6ad6129e7289ebabc3936be78fd36d12c7d390bf,44
0x6ad6166dcf95b9fdaa7184b219acd4d4c8ebcfb0,84
0x6ad616d4bc9221b2c8907641af67f41357a9b682,21
0x6ad616e9015554b23ae6398ca5195f0cb35f0f5f,72
0x6ad6199a38b6fe6b0db09cc19553af0854dba8f1aea653f9544d9e468d1a9e9d,1
0x6ad6215696d3b596ae08c596e640c9566365de7d,3
0x6ad623a698947658351aeb9859f43efcf980d26e,116
0x6ad62ae286372b37916d69c5db42711a711e9063,7
0x6ad62b3fe117806a5b20ea390eb9fdbb8a7c12e9720114fe9360d3c9bd858625,1
0x6ad62c0d407aec1c36bc73e81dc4fc976143ac61,7
0x6ad6328e5776d91223598de6b7570e64d11e60d5,42
0x6ad63491fa812f799c505910c1e9f315603ad93b,1
0x6ad63aaaf0223b3e2984bba5dfbbcf297ef5ed78,11
0x6ad63d2daa8de4c365510e047dce3fef79cc6e92,24
0x6ad64108e803c21985bb96e226053af659fc301f,1
0x6ad642f1fefc26ff4e432c49cf11b63f1fdaae1a,20
0x6ad644c51b19e4cf6c332dd074ef4c34b1451733,2
0x6ad6485d2a1dbe1d4d80822640a3dea189a40080,55
0x6ad64e0a2c8fcb32b0af333b9c458180961fbadc,6
0x6ad64f29fbc2fffd128bc1a3488f016145737321c9081f1d18cbd8d093a32823,1
0x6ad654882d60f453e1240f491edcddb70ecde8a0,26
0x6ad65a90dc0ede130c2c9a2816280dbd208b504f,2
0x6ad66575247d53cf8aecc4a2f3ac8f062ca2bfec,15
0x6ad6664fb7c8060c39d1a7d5e312440cf79be9fd,38
0x6ad668378839dba27816b053423a18f7c04642a9,63
0x6ad66af7934e3dc5c24be5c451fb2a94955c7838,63
0x6ad66e87e02f75966317c38abec781f0cbb79824,10
0x6ad66f40d446d061eaf6c867259158a96de0ad13,5
0x6ad67046473b20b4fc116f467b4c63da0ba6abff,16
0x6ad671071a0e04475204596604f812a3c59ec43c,7
0x6ad67124f9c2d6946f092c8ce28b38527b5c86e3,16
0x6ad67266d948e8d02b76b57db47fff03b79a894deded59134da2f95af62d776c,6
0x6ad67319d57b539b0087bc435f631d4ec9950890,27
0x6ad674b4984670c37a8d38c9dc875887e61ef2ba,3
0x6ad6759af37ad7a620633f5b08c15a3cb6aaf3cc,1
0x6ad676be89feb54692420e5875838e64d1d63b93,20
0x6ad67775fffe132d0abe38ade7a2dab395b70a9e85d50bc63cdd4a8337856d58,1
0x6ad67c29a43f1e89599fb4d8ff3c8db2b95c6737,37
0x6ad67ea6d6b2f2f9ece441e83659dce2cadb92c6,58
0x6ad67ef52e4121c77c44fa9db090187f7770e8c9,40
0x6ad6897ca243ce52eb786f69c294468da4478b8c,24
0x6ad68a9d5f3b84e089129fd97ff7c23c78321d49,22
0x6ad6926fa60c2b1910f31f957a23517822fd8161,58
0x6ad6937b269b6c64cfd3d6ef796e1cd449731063,30
0x6ad693b830f8d710260d49ed1e1d992dea264c59,11
0x6ad69595477d6dc614554af585ab08816ca2dbdc,133
0x6ad69a538a8db55dba3a2fac96a1764426b1dcac,31
0x6ad69ff79071555524812a1de729035eadd26d81,22
0x6ad6a21294c7a11b0bfba33471529db566ec702b,11
0x6ad6a91de52f0d81bf91ee7b9f6b34078a182b8b,88
0x6ad6aafd840b62ec6e78d0861793a5b02b07568e,105
0x6ad6ad05956e4833dd4b9110cf846c28e235af72,156
0x6ad6afee1c3b37fc6f52cfe4109a4b58b05bf9ad6a846a3e7e3be5efaec6eb20,30
0x6ad6b3dc2bd0c789bcdd2a4687402992f2a4b58f,2
0x6ad6b9a3a1ee8ac1451cb1c631e654d59e2b5f73,44
0x6ad6bc7c82a54f95f6b7ab30935d2f89aa4765c1,2
0x6ad6bd33dc7c53661d4445e1a27792784e0fabd4,1
0x6ad6c1faa5ce5747d2df89fd51c324c608b6b69610317b94b792f93bc675a8e6,1
0x6ad6c9e012894e13ab0b63201effaffb5c5a9fadd8ae5272631f413d8103b7ea,1
0x6ad6cc831ca330b77d0928e588c22f6f8e306e47,26
0x6ad6cd0e80b8184ab5db8c5adf43eb2941224915,1
0x6ad6ce71f459a9c66195d68ee783b3ffa5ee4f2d,706
0x6ad6ce9246a38bf2c7a6d07189de7e822ef30746,1
0x6ad6cefd0832811c5c2fc01c3f6637d38b82faeb,81
0x6ad6cfb8cb37e8c1fc25329d4c36dcb4e9890e31,76
0x6ad6d07509bd76265a4dbeeb5d50aadf63cc36a1,74
0x6ad6d4dad3890253bd01fa4b1fbae2f7aeb9b2f8db687d1153be6f751255a907,16
0x6ad6d5035535cb13bd773b8c7b64b16c7f145811,5
0x6ad6d66ff834795a44e517a9404c86d74bedb968,21
0x6ad6d83942da1aa6c1fb13d76476401dd712096f,26
0x6ad6da855ad316d8ab7cef36022b2550a2d99955,209
0x6ad6daf2ac42b19e472322a7154528aa68c4e0e3,1
0x6ad6dc55ed8805da83dc92ae0707cd2a63ab61fa0fc1d6582ba8b4559d36f7f7,1
0x6ad6de277eaa1623d801472f3443cae66a7713ea,1
0x6ad6e46e0ac2d357acf4d536b509c90f796f664c,51
0x6ad6e5041eab435f44ffe15ab22f7799b9d26447e9dabf5a9d147bc6935b219f,3
0x6ad6e5122adc93cfc2f92c04539a78272417ce52,25
0x6ad6e773e51dbb76157b71ebc86347cafde9666d,1
0x6ad6e7a0c113e1091ada8cc365cd6d337fdaf1c6,9
0x6ad6e845cf2280312e50419a0c8bdc0d24bc9a186f1bf2efc0fa8a4a1a0a5af,1
0x6ad6efd93fc159aa4cada74caf12dc6a3e288678,9
0x6ad6f00884c9a03588f38f2f0a553496f7964d44,33
0x6ad6ffd378f714ccda0bf75c3f13e1dee41d085d,3
0x6ad7021b1a32a5fed1483c5529efd64596cdfdd5,1
0x6ad703639d482cec2e6a33aa31591f8c391dbdf1,1
0x6ad70907d3f1e8e0c9f9ad417865b9142b27b105,1
0x6ad70b91d54d60d8bf3f475b91104994610fc2df,139
0x6ad7167bad22b4ab4ce2053a8ec64fb1a914bd5d,49
0x6ad7195b14155a2de252be4cfbbe43fbee8ed5ce,2
0x6ad71ce4f52fa42af9f50520905daeccbf2a16d6,25
0x6ad71d82777c99fa55e5151027304f9260df9b12839b20e9d7eabe37d903bed2,1
0x6ad71ea129b46cbe459a1b6a34c29b3a5a623fb117b9b6859389841a44e48b4a,15
0x6ad7214f46472838071d2b1f684060efbf523dac,1
0x6ad7218838da103f21eef9946e5a611cee8d3634,1
0x6ad7274b50f2ee619e68e6e22fa1fdc43f0cd9b8d4121ebf29b663f8b1447762,3
0x6ad728afecf9e08a6d383e3422f58dc72d9ec2db,18
0x6ad72e6cec12096542e1c0fa0e5e295123741c55,4
0x6ad731d3d12bdb0fa1dd194bc01ac9055d02a40e,3
0x6ad735c2eb31ee83993252d8e3252a88eaf541bf2e11008987185226c42793ce,2
0x6ad73975831615023aa03c71c893c2d4c28549e7,3
0x6ad73d1b1fcf60808f3215ca51ae0a3e4266560ac2948e02b25fd13af84a06de,1
0x6ad742e35a070a96a20b432d6157a76d9051e931,28
0x6ad7435dba7e4189c6fb3d9aec43ef39dc047e6e,1
0x6ad74e2933dc15ea965684e02ccbe02d629902ab,1
0x6ad74e92395330f87e91a604252455de2384c87b,37
0x6ad751f0e8353fdeda903ad241e2102efd594ffc,38
0x6ad75296d623dfc025ac8d4fdbd0fe02124c9461,13
0x6ad754a90ceafa2d5585b98f77098de222e5963e,75
0x6ad755be12464f87c7ad1b10bdba9027f1519f75,15
0x6ad7569370aa8b68bbe7660654d982cb7101df03,2
0x6ad7577fadf5e27cd309f1aea6f024fff5dc2a5a,1
0x6ad75a8735892a74ea9a3f05dfbf0732ae18f253058323e62e2386bc21a93956,1
0x6ad75c5c7015dd94f45c5ec73d5475d76effda158889444e469299a15f1e7790,1
0x6ad761095946a352085b714347ab1c7cc51e5eda,20
0x6ad7680ad7e098fb4e37f77db9d428105359048e,5
0x6ad76855c88ed152d986f9973c890a1f7fdfbb18,1
0x6ad768afba765546d60ecccc2e81c042ad2b6425,2
0x6ad76db17e9a5b7c3f70016a83e833cb52200a90,17
0x6ad76fdc2ef1724d5d301223712fac08612c2b15,1
0x6ad7723e791dcfa199022650d26e462db3b6a2a8d04351e131ca0ff421275651,13
0x6ad77386c3a8e6caa0c72f5c8777dbe5a2b05915,72
0x6ad779336cab926e11e92f6aab3145c368cc41cf,17
0x6ad782d0dcc21f291dec970828469afd27810ddf,1
0x6ad7858d87fd316a512f234855d2687e6226065d78d0a438f9b10934df063d58,1
0x6ad7875c25c3581d749754ea056d7c2fe8ce69a4,5
0x6ad787a4770c30dc6be406a973c9efec5c6461b4,47
0x6ad78fb01900cd4f4880afd9c5dd93173c2dc6c8,7
0x6ad7911d6c37b8f5015d5cc8e6797661fba2b3e7,86
0x6ad7915aec4d73b231357a851ff7786043d72bd5,36
0x6ad79700032fe3d502f0bcea0a32e8de8f152ac0,7
0x6ad799f77f78dd3f1ebe78964b018df5e7155ef7,49
0x6ad7a105521bc70d3d38242823f1c51a0125468b,1
0x6ad7a15be09d2fff768547a6f327d1b45093f271,61
0x6ad7a5eb0d2f9543dca058b7e03c1310c3517e5b,3
0x6ad7a7bb6c9284b021a53bd106d2e06af34a7afac2e6cb3d4251f4c5deab09d9,1
0x6ad7abfdd975096adce884d2ed083bb6ba6024269cf56048ddf79f8aabb1e392,1
0x6ad7acd10a94c01074b12b3ce9062a70ad7b6b82,5
0x6ad7aecee74a001870582869409be4403eab532b,54
0x6ad7b047c61c8229ad43252d158cc958aadf08e8,13
0x6ad7b5e30f0f5ba91f60f68cb73ad97379e25ead,50
0x6ad7bef442df0cdf29789712f10e13ff9fe56c68,1
0x6ad7c149a8bdac767628e2b9991a746ac84ba31d,1
0x6ad7c60281d995d865ea6459d7cc7c3d05e6c0de,2
0x6ad7c99679b1fac923ad17fbe4f69a5e53c1072f,4
0x6ad7cb8e0139fd4eec25c3303c7c4c0b1964264f,4
0x6ad7cda8306ec73f594bd95560271a281903fa60,50
0x6ad7cefca0bcde9031da22c67e9766518c79b318,73
0x6ad7cf34c42b4b34b53b5addfb49e598531949c6,3
0x6ad7d457b23f5ef4264a8ed1c076116f573c5175,105
0x6ad7d57ba613b72332e7d05aa460e48006ae8721,10
0x6ad7d65b13029aa71d33e57b8e878807479617c9,24
0x6ad7d94ecfd2fd6ab08d82b020e8fab252e45372,1
0x6ad7dd3000b313d006eec03a5666f89b5edc9ab6,32
0x6ad7df018a14318ab7a214d005b1a78a044f3c4f,1
0x6ad7dfaf365bd2417c7057a9dd409a2688197dc6bb52e38577c945f752f262a6,1
0x6ad7e20ba0495ad3dbfafd3b3d4f536b64905083,1
0x6ad7e9c0971f868012d889eee47e669eaeb0f1de,40
0x6ad7ed7dd34113660950f4b9751b6e5e8ef2ffd6,3
0x6ad7ee87e259ebdbb21975fb9a56b2785fad3eb4,41
0x6ad7f1f9a8388f450e4d721b06ad4eb8417eee61a1bcaeea053d90f1f74fec55,1
0x6ad7f5e5bb2d8d277432de9b5d8f95118d43a255,1
0x6ad7f75656bc943bcfd7db6c96b7497f66d1e5ce,74
0x6ad7f7e06d62815805ee1761ef91722ad185ff00,1
0x6ad7fa7e62e74df4733daa54f676350163cdfd31fa1e28380f5bb1dc1a37492f,1
0x6ad7fb861b835f406c445bebffbfc1dc691afd01,32
0x6ad7fe3e8bd2965a5e378d36dd7a3d39dde359e6,1
0x6ad7feadb35a9675fc616b8cbc4e7225fc5c15ea34abc8ed629a679f92a39976,3
0x6ad7fffc84cd5c97b872782a9eeb626aa66779e7,19
0x6ad800f7304963c5e83542e447be43a874c7e131,115
0x6ad803555691df2b38d92630c135a8ef9ae96964040c80aa5225e1cd27842450,1
0x6ad8036928d74fb8b22c05a007dea4e65278e171,31
0x6ad805abae546a4932dc5d4b93b698e26fbed092,2
0x6ad808a561412d634d3cf18ea28a84faaa7ccad1,2
0x6ad8092e4c4ae6a8b9980671a203718ac8bb2ae4,35
0x6ad80993af0764035153e0517e7261943e92d290,58
0x6ad8133ce93496fe74d60ff0ef0d256dfc5c6da3,1
0x6ad8161c3564fd45676eb2666d27c91aa2190323,1
0x6ad817360f9ecab37376bb559aaac7b41d8dd171,26
0x6ad8178693036e6138b75e22edccd20701384a67,67
0x6ad817d369763e4eafb7b8d44ee7213521f01f6a,78
0x6ad818e6cfdc53f9448bfd28509969571f830f3a,1
0x6ad82651305c43bb0af544c3dd1679e06651acb0,30
0x6ad828276e063d8bd44ffc584e06daac18442543,1
0x6ad828f8857258d59b89b45cb7bbc96fd782e325,59
0x6ad82b7522be3e93c3acf41d8a77bc553e56d18b,38
0x6ad82ee5ed1b09191bf4b8a311e5ca92cec0fa7d,102
0x6ad83099cb7be3fe033b9784e924476402ba68cd,93
0x6ad835212c351b35c75d1b652e9f4d02e3ce7d779e036cbf1291cbf82af10535,1
0x6ad835a69171f0d48da8563b7ac4659ece571442,1
0x6ad83610fef855e9bab5c55e0357afb0677869df,1
0x6ad83b028488c7af5d53f55faee7fef1dac0fa25,1
0x6ad83b9b20fe2125b9cd73621053c9ccbe7adaf7,3
0x6ad83cb579a4096aa28d58709d4c4d56da023375,3
0x6ad8446fd5d66f005b01d09610af7cfa6725894d154dbeb068f82e13c7ea3cf1,1
0x6ad84718853d6c68bc15f1992045383ba989c35e,40
0x6ad84bb61826b6007bd0a36df820fe6074146b947abb29ef9fbdb96c71d3dda1,2
0x6ad84f54ce50e8f4622b8c519d06e5ff7dc4e837,30
0x6ad8501d9f1ab7d26057983808ab436fc84afa471e7f86158685ab2b573e6ee4,1
0x6ad8507237a29317bd0d4ade2e264fa0b6932e1c,10
0x6ad853a076966cf77ce8ff50cc72b7b37268c8105f9c2a234cc4e52a5c41e10d,1
0x6ad853cd2725b905e68a71eb280358272ca09031,20
0x6ad856c1bebb66c91cecc12f4ded95abaf917b6c,71
0x6ad8587ce82a6a1ebb3cdf6f5aa385c2de668cf3,2
0x6ad85b8050480f96f181fd3db0b4a123da1352f4,1
0x6ad862d667d9384ceaf00832063ae846d46640a6,25
0x6ad866c8ef04f47ee0ca1ae3a867c6e582b79b5f,3
0x6ad86dd5d02843619e91b250630584033f24a3a1,30
0x6ad86f3f3ee89256c79c5daba6b4304fec24cdcc,39
0x6ad870d1dd2fac9b21b0110330e55414324c03aa,1
0x6ad8726cd7c3379f98a20e81080d14c6867e968e4e0ba741b772f01cafe6acde,1
0x6ad87503a884071e98950e71d72506b109b54f93,80
0x6ad8777129af94a535e1c802cb76a8e682b76134,92
0x6ad877fbf888e9acc1f025e79f04de0ccbf30ae4,3
0x6ad87ab20934cb3601bfeb64fc962f57768e26c8,24
0x6ad87b3719e2870f1b58ddcf21d265be626cc5eb,1
0x6ad880b8f71dfc6c39d8810aad037fe3ca591f89,34
0x6ad8824011f4c4fd13c64b2b7a3f08ab3b97dc23fa7598338bec24928cdf1d5,1
0x6ad882a1cc4bbe77cfc0b46d05623c0b91cbf653de6d98c427c781ac9b559190,2
0x6ad884ed44c393563c2624da890d2d9ae388715c,3
0x6ad886e264f46d02f954f56e6c48b8bc843e3793,30
0x6ad88c43c541441016982b502f6ef24343ef50ed3e759a51e6da610789cf993b,1
0x6ad88e378e57918c19ac13cdc1bdc7b7faa17839,414
0x6ad8915c39f9c918207e2cc945696b96872a9ad2,1
0x6ad8946a39864a60790f12ea13896d21fec333f6bf4176806a07a4ace5ccb097,3
0x6ad8991abe7fe849b58a632be3dabda4b30efa635fefa7d77542fa089eedd57a,2
0x6ad899aea96f21c226d63e3c69ac27c25a360876,97
0x6ad89b307c655d3447888a44349bdbc7a84afc43,59
0x6ad8a3b4bac46e37ac5bf77348b5baac9745c743,28
0x6ad8a3ed2854cad993ff79d0edf7f3597e9af981,2
0x6ad8a40b7fc18b6e148cd9fc97040af03e9cf453,1
0x6ad8a439f1b0d7d651220694b4103e7415567eb0,62
0x6ad8a643e511334ac20011727ee6070b84f4e847,1
0x6ad8a7131fd0057f55d5beaac659025d757b5835659ad5b7304fa832c5ff1b89,1
0x6ad8a7d3acef598cfdddd967acd441512ec5eb3d,80
0x6ad8aa05e6e7f2fce603afd0f8bfc896d1f5c41a,2
0x6ad8ad021c97e0fdb5b5832a6d5b735e6fd4af95,2
0x6ad8addae66110795e3b8578c5c7f1eceedae9d4b7c83f365cf8481d36d05ad,2
0x6ad8af0fe1dba3a0d78db7228327022d927799dc,85
0x6ad8af8c9fd3c083a93f4dd0a91f6b50ac0e26af,1
0x6ad8b1c0920a69b050f4c62d0aa3a324b063e553,77
0x6ad8b6a1a4334f29d809b56b2dec1545eb96ea6f,9
0x6ad8bba4be3ca7d30c0af642d7d76685d4d2d0d9,1
0x6ad8bd0924486af6111cfa3560ee2796c951bfae339d765e8595210321d81d85,2
0x6ad8bf00cfc6fc9a85dcb08cdc4f75dbaa605a7f,2
0x6ad8bfd110ba2f9dcdb985dfbe1b71cab7e03509,15
0x6ad8c111450b6e20be9cbdb05632940f4ddf5074,34
0x6ad8c29b4681f49ba982199c440af97cd63b7d62,1
0x6ad8c2fe3ef615d4288bd6d3cfa86bb50fda4925,13
0x6ad8cde48f1b8acda8232be051f4f2f8e8788678,6
0x6ad8ce6aaab974ced7341392fef3f7652b01e0b8,29
0x6ad8d134c84af61516edacecb3709a61270928fd,1
0x6ad8d147b0ba2f5952a9f65ab0fbb6f3cf3da16f,63
0x6ad8d40848972b0b64b5aadb8ec46a5f19b0baf4,22
0x6ad8d4411b6c60ce2817d785bad6bb0f3e82d181,4
0x6ad8d5faad81fec86cdeaa581a2f60c06fd8f083,6
0x6ad8da127fe729ce00abe6e66a7980cc23f0e398,8
0x6ad8dbbce0e25d31a8e02a8d086be3538226dd5a89b7a0c02efde9c929d40a2b,1
0x6ad8dc43656a759de1d602999a282c1edca6afe8,3
0x6ad8dc54361bb9fd998ac90970c5f769e5fd756b,2
0x6ad8de6a122f563146e72d12c5b38aeae9598c3e45f72833f89d916a69ab91f3,2
0x6ad8dfeab0246748d62a91959f0318a3a4bc0fcc,28
0x6ad8e25d78309b4f823005fca6c6c3cd09e8c355,66
0x6ad8e2a11fc90c8a7f8ddf477c9b90c9828dc7d4,67
0x6ad8e5b5990d09da83d91cfa32cc9a7009751991,32
0x6ad8e6b8a3bb3b32079fc967c779681aecb3ebad,5
0x6ad8e7467763031856336a3c9f0fd793e07615d7,7
0x6ad8e89cec0164b6733a2a1f57dc174b47c119b6,17
0x6ad8ed3a158e71c02a702d32141c5050fb945e17,20
0x6ad8eeacfa09d8396856555a981bf6847a730c8a,3
0x6ad8f01d9d80f327fa67e9da3e60145874258f59,1
0x6ad8f45f8d5643860f4131208da46f46beae9f35,49
0x6ad8fb10f6d42101c1422c3c14e5501176955536,18
0x6ad8fc19713f01bde14f1c7be604f0244b164186,41
0x6ad8fcd3fafa85c1181461066bf853b68502c25b,49
0x6ad900b5e6480933586c1438d42b7180a6201325,1
0x6ad9065c8b87e754de30f2c8352ab81aab0e7a55,5
0x6ad90dc8d5df7a6b001ddd775942d1736ffee4ff3345f4a1b4f57f9e9adcef7d,1
0x6ad910309f86ac2b86e691356180e407c10ce36f,1
0x6ad91048b824c600d97b5ec7847ae1d950042fb9,4
0x6ad914c7ff1a1b0ae0c088823e23e4d92dffd5f2,1
0x6ad91562f8e9e6c264576d7a028c7b93e15c2cbe,1
0x6ad91a835d7fcc4b2d0efd1321bb0138db6e2595,25
0x6ad91f9e4b9f81c51de689677ce323749e3c8a30,1
0x6ad92060d11dfdb9d99a389198f5f4a34e172147,14
0x6ad9315a777fd3cc20cc6aa3da3da830cda4d3e7,1
0x6ad9339f38a18d6ee55b35aa8d754c752d5d45a2,4
0x6ad939e09e5392f22650e92aedd03841602e5675,27
0x6ad93fee7faa0f1ba4e396706a9447db426cd353,1
0x6ad940073595985a10a3827d12e817a7cd2bb974,63
0x6ad940a4cb97808b903acb252020c47131285695,1
0x6ad941e874aa4e1e7cd2df56ebc72875d14d1e56,1
0x6ad942b5b75ec72ae4fd7000ac30b147ddf8f860,10
0x6ad94395afa6cff02c5a81f23d1772b47e59f65b,9
0x6ad943d22d2c2638da34d7afc7d3efdea66bf2fe,37
0x6ad943f8e55415a76b08172e590a208946344710fa15a87fd20a0c4c1976135b,10
0x6ad94505b99392e2741dbe2d07398b68f41dedee,30
0x6ad94557e283c84b23a72e43be1f27b391370351,1
0x6ad946b471eb32893e784183b195be5fead23acb,12
0x6ad94969dc78a33f260cbc2d66f435b3140ac65d,1
0x6ad94a54cdcbbb21b0b0f7985ad7630c35aa3381,3
0x6ad94a855fc430234c3a37af3e0ad67bbdd82cce,70
0x6ad94bc7059b1250904028a6776db163a698dcfe,1
0x6ad94dc5b9f6975a9bcb58d12394c42040705d1d,33
0x6ad94eb58b003999176163778d715cf9dd43ed60,32
0x6ad950dc9a366ae858b38742804ed313c193cf71,1
0x6ad956c94614532d5afbcd98a3ec851f16db0b459e1dd30cc06f7d44c5f14f5a,2
0x6ad9599ca5c31636f91a318190ef0132b0ed6ca7,3
0x6ad95a0c6176d8a1efddc5c131435919a9bdb58d69a49d7bf7839cca9e66ba05,1
0x6ad95ccfcf32cf798a46e1969c5352f31028a14c,1
0x6ad962a38ba3019acdb3f32d8ffb7f2f3bb09866,1
0x6ad963c2f4f40cda49be4630b2952dbe3ee5a220,2
0x6ad96b8e4f8fdb468da326936f6d2232c5754363,55
0x6ad96bf90569510bb95b758261bdecf314152ff3,1
0x6ad9721dbbd66266895e2e652756d70709718bbc,13
0x6ad976b6e1697c5333d0117c0fd4f6687387117c,1
0x6ad977712fc9bd8a7ccd57a340b87ebca2f4049a,1
0x6ad978055e7ddca6240e16fc960392fb10a13f58,1
0x6ad979e615e90337911b74e6d167e1ba6a67eb775712ffcc8ba5c0aac286b375,3
0x6ad97a811608f21a7f7125c3aa8aab4ae88c6241,1
0x6ad97e2ede4a79b6a01dca2d87cb8bdd75f4e156,1
0x6ad97f2d94c7ab0ac6b1af22edf89232227e4ef8,3
0x6ad988c74a444439a756789d2d03fe8a92516251,25
0x6ad9897e2116827a332e0c36d73dfd8b76017b94,11
0x6ad9925d8837e94c55a7d199cc645f7f7f594196,89
0x6ad9943ffd764d6b8963d838b0fd0f0d06a52778433357e8597e7dc532ca9d01,1
0x6ad9947eefb203b37bc0666c9937c06caa8d12ebb62feed014480baa93be1a6a,5
0x6ad9970e111a6babd1e17bb913afc4c6335b339c,158
0x6ad998f2649e0b9c3db8aa449e5109b33213c35e,28
0x6ad999cb71d9a5b2e0ab9d587466cd3629d5cf6a,14
0x6ad99cbbf2e466e0c7d607f985ee640245048fa6920cb7619f1e60596048842a,1
0x6ad9a00324c5b64073f230e71fe5b85ae812e6e6,9
0x6ad9a833af0e486c4bde4d6de6eb291c1944b44c,1
0x6ad9a8b10f8e8e3883acabbbf3d808b156e33ec7,6
0x6ad9ad38cafbd69fed0eef410830d813d8ac4e55,98
0x6ad9aef6d19f216a6a230b836b631fad52f037af,62
0x6ad9afb382a21b4f2199ced9340855cb909979b7,88
0x6ad9b3b1530a1fb26f22a2682d6b6e0e8931ca66,40
0x6ad9b70fa6925be412fc315db2be258c2ee07e5a,34
0x6ad9bd32aac24407d9cd39c2b12ab02b8724186f,27
0x6ad9bff7bb872bc5c4864b5b3e22696c1be52a8a,13
0x6ad9c1b011dbbb1fda6939744204966cc4c95139817d16b70f67964d240c958,3
0x6ad9c244b88f4133a99dd950c2ba02b926ba86ce,26
0x6ad9c246a83453fe433fa6055aa3229ac8c5dc89,113
0x6ad9caf0bd895f1bc663441e8a0bb1cd1c313d63,46
0x6ad9cc6cbc684b5f055526357ac64900b17d8257,1
0x6ad9ccb6523f2ec763c90a3654cd6ce668800776,8
0x6ad9ce7940c6634838fa81e441aa7d12f854b8b5,1
0x6ad9cf26b3f247efa8c2b0ad5f3f6d5b3baea8725b4fbe9d778ee17e370d0d26,1
0x6ad9d04b2e1896691ba0741f531f2a490a776c0e,13
0x6ad9d4c85cbafeb831139955822fcdfcf5e257b9,1
0x6ad9d54798ffa507c9fe25237244228ac01860f3,13
0x6ad9d56c1c391b56433a9eb449d32c70b404adc1,14
0x6ad9d5fffb210740d589e4078b540e2ee2d59ecc,1
0x6ad9d9ee50c4d8991c98e8c01d7d7941fb867de076a972760e3bb6ade3351750,1
0x6ad9db1381baa5e9057257c211170f8a4cc1337a,22
0x6ad9dd9cb11ca15fff9979b1781111a4235077ee,9
0x6ad9e2c9484f29224247e73fcc67ea7d1f93c668,18
0x6ad9e8c479aa2de6a8b24ff166a9c529051564e1,28
0x6ad9e900a740d629d3613f1ec88d3d563f79cf88e1b7cf181d68f0615bb6d7c5,1
0x6ad9e91183f730d89d260045a6df498ebd495915,1
0x6ad9ea66689d6aa5b4835d7b4719c819fbf7cfb6,51
0x6ad9ec031a0b79c186815db186ec2519e62b0a99,2
0x6ad9ee76608b7a031a85cd47577b1a1b647b8020,31
0x6ad9f3ee2666a102079609537e78138410b6e434,11
0x6ad9f8ed020c5ecddf83c5a94934812e16417a4e,16
0x6ad9fa2f3ddce27edd1bc3ade6afe5581905278b,229
0x6ad9fcd36853d105479bdfe0474a9786021e99c4d7d8261b531a8e5cd3d789c,3
0x6ad9fdc0eeaecaf47a1c8227b8614ff324787701,2
0x6ada01853fe428be7efd19cc222fe63ad6dc7e3d82fab348d0ed9c4192b8ecc,2
0x6ada02c04549d61df4273283683d50631c65ec0e,4
0x6ada06861f98cd8f7c48c5be4f696cae455cfe0a,23
0x6ada0a05245f8bd59ba1720d61590d0ea55cacdf,28
0x6ada0ac0784d63a837c93d5a4713d7b7b55260d7,1
0x6ada0bd3e5de4f2f0b2615e70e20aec536a10d60,15
0x6ada0cde6fd736d4d00665c85ef3ab79471f9e77,1
0x6ada1274d9c79833e5e5cf9a5bd3c7d46d30b4ed,1
0x6ada16dc335a74682d050aee454ba0c1d68fe67e,1
0x6ada1b0f4fd389c33f05ad966cb596a26c8520cf,2
0x6ada1ecd83e54a243cb599e995a6b9c175f174e4,36
0x6ada1ffc1a51447b533728d17078b2eb041ad650,68
0x6ada223538cf3edc70bff49dea733678eed102ba,2
0x6ada2e1144fe8294b69a4ba1200516b7cc1e58a0,31
0x6ada2f3a707b7d0abdece86fc9a31bf50ba59833,47
0x6ada3386f4a93938cc1cc05418a5199a1b9cf4a1,124
0x6ada36314a98310bfb2835251fa7bef5d5453c99,7
0x6ada3cadee6aec15d15a8623585ce93bd9359d45db483d22c74c023e8d3f4f2e,1
0x6ada3e9b01cd5ffe21e5b049a91a44456a116f30022abcf259e63b201f284a93,2
0x6ada40649fae032a52ee5bd81116e2ef140b9e7d,38
0x6ada47329fc977efe6d1beffff42982c7fc46414,62
0x6ada48f45ce23e0ad4e1556afa66dcda49496f22,43
0x6ada4caf6c937ec4e4c118f82173be0175180662,2
0x6ada4d59db16036a3e19e6b6603a5a4fc3e49ba158f88415994908f16840d445,4
0x6ada4e9be1068a9c38d130fb98f6b973b2c66c097767949ecd2aa999d9cb5b8a,1
0x6ada51f2e4b6f428065e62ae36a7af725e6310a2,15
0x6ada5487c2c38cccbd62bcd863d7034ff237f570,38
0x6ada57bd6c99177fa26c86591bf1193cf86f43a2,3
0x6ada58928680d9af90671a8691069123a7378428,2
0x6ada601e1f44933b8c545cc102466eea799263ea,91
0x6ada60bf4661fe72b10f7d80e1c668b36e336991,61
0x6ada60e5c01aabf7680f2b046fe4313656253a51,3
0x6ada6454cd458e230c26e8cba2ba18b0b41f041f,75
0x6ada688059f9a724f2a863604c08ee9d5f000a26cd06a8796e21afca567654cb,12
0x6ada6890e04a3159876a57668a935dc16ac83cd4,2
0x6ada6a1d5ee4e35342de01871ef32f8c4b05c34f,51
0x6ada6ab68261daa515131ba4a77f3e0b07931d47,51
0x6ada6b37631aebd41f267e3ea633b42ab6674f73,3
0x6ada6c14a19cc52b56494506af63d4b0ef36f60b,1
0x6ada6c460f59e2d86c0dce0996e5e7c991fff246,1
0x6ada725871749e61a181fd1baea7ca3d8371d38e,91
0x6ada75ea86bafdf1af30e6495d9dbcdc6377dad3,1
0x6ada7a7de83ddd9f39a8a9f4453b1241ea316de2cffb99f1854163afd1828a19,7
0x6ada7dbc724146e6d34f499fe5754ef4c3690c9b,5
0x6ada7f723653a26d90fbdfa243bd3b504d282fba,4
0x6ada80622a88735f410da6f31dfb90cf767274db,40
0x6ada83a4acb43a1bb4dbb1e91aae3990d094564f,62
0x6ada861ec394f24bd715e209002d56199a8f6af1,1
0x6ada87f39d5cf908b9af2ddc3fac3f7842cd313fb91cc0ebf126498c85f6f1a1,1
0x6ada8800f2c843e7c5347360ee298dd3e67657b4,51
0x6ada88b55ce58f9d3d0c2a0a44b30eb66289cb28,4
0x6ada88c54f918bd3a64615882b6270f2b17af6a2,1
0x6ada890dcdb2f7e0bb8e2e93a0c0ef8f48f66fcf,2
0x6ada8c76eb85419b69ac3ebb749457df85fc6190,1
0x6ada91c2acb50c21c7e4373c3782274ecaf76711,34
0x6ada92cef443f28d06a6f43c3885490682917796,44
0x6ada9e6a1ac3b99925d19e9644880b680a3fc520,5
0x6adaa0b5bb373c156c64cd2c8d9fb25ac0889ac8,1
0x6adaa175747d6e3899c66b313dfcce8a540e7ccf,5
0x6adaa5e01b385fb67a78332b654287106ddc857d,51
0x6adaa85ec93a778ca4cfe48a30bd35c06484f9f8,41
0x6adab465ddd85a3aa7ce7b56b17623527b8c8318,1
0x6adab63db91e893c0ecdee84d2c6e60765680580,27
0x6adab878a77b226ddc87addfc4366811aefae486,13
0x6adab91c2778c70b80693dfed0420d2a6dc62bdb,1
0x6adabc8287a814b21a67e2b5811ed19ae708872f,1
0x6adabf2f1e1b5c77c398ce851cf01c89bc36f7cf,11
0x6adabf87c5a70c57068c830b0a5ea788a4da50e1,34
0x6adac191ad19e037585a96ed98ee86a80fd354b6,10
0x6adac55e197c09001a605e54042670f5adced052,84
0x6adacb7b161cc518b47755a12d0eb8e253411d0d,44
0x6adacf10199d923bdcf614118fd8e1fde88a0401,15
0x6adad2bae9f0f0cd752dbb66580dccb4f9240066,3
0x6adad628aed2076c59a83221356e4491a62fe162,55
0x6adad8f5570fb8f0ef7980c9c147bc4e144fa473,2
0x6adadd07bc925e5b1ee66ab7882cd9123659b307,138
0x6adaddc6d4cc1448690048fcaddd44c1f6d3414f,118
0x6adae0e5cf4489e9406bcfdb52e116f831e087f6,5
0x6adae16e2e10906a4c53082a6120e019a152c797,58
0x6adae1cda296b60a8e6f80693a59c81b2706049d,1
0x6adae3b169cc2fba60cecee9bd9925500b57c525,1
0x6adae787399cf1eeb7359554c498c1ff763dfc53,1
0x6adaea93984290dd1d89add29575b68dee6c9027,13
0x6adaef321de61dc2bee2d125462f31e9d19011f1,45
0x6adaf05ed66aaf111d01484a0596c0ced845af27,16
0x6adaf4daf19ce84f3cb8d2d23d0b323a577d5103,55
0x6adaf6e385d8122e2067d6d24d231e1136c6f186,17
0x6adaf9ebf5b67465ae887b39a77a98e079cee05fcc19cae0fb294f19aaec855e,1
0x6adb03a26857e10353f69c4f6957293a5393188d,3
0x6adb04151a4ae2463946da5cd7cd96aeb2d9d82f,35
0x6adb12fc6002cee6d484d7530597f6cdb94b3b8c,1
0x6adb155ceeea76ba914865ce03db0116106f3d7f,1
0x6adb157f227fb5f83b237835c939270eb319adfc,1
0x6adb26e80995b87286790e713c68b2aa6b10713e,6
0x6adb29e85af0a4a614a65fdd81b7ee78b4c3ffa9,22
0x6adb3000c1502a4a757c2857ee023227d72082ad,31
0x6adb31073a800cd6f968e44699e349468432053e,26
0x6adb3acbe923580aba09aebbf87b5b5f2ca35348,9
0x6adb3fef8b6edf78d6933d8bb9951e823460ff69,1
0x6adb440aa70ad365cccff04fb4d0ee2ef0f40b6c945db8f1546d97073236dc52,1
0x6adb44aa1380bbc10627c98d73d9618c18a477fe,98
0x6adb45e9c30b655e201079241f4fbbb9f045c236,9
0x6adb49cc60f91844d30997f924ba53be16d7ba7fdb785c4e670f0b03fe6aed32,2
0x6adb4a533802bd0ce7fb02e334fa6fd76a171059e6e0b158264660dbc3f9bb9f,2
0x6adb4cd376d2b89fcde22146063ae469655861bb,56
0x6adb4ee5353c0ecd954314d62364bf58f95127bf,60
0x6adb5716eebe7bf14d07f9fd03a388b1fa3f0190,1
0x6adb5968ac269399e00798bf631cf948297cf1fe,22
0x6adb5b1f00391738d57b04392a0512746ecc7dc8b3dc64f27df80e034983b2a6,2
0x6adb5bf19679c885491554b70a55e40404f5c0de,12
0x6adb5ed94a643c3f1b0637814ed6fa53e4c5b513,1
0x6adb5efce02895c94f914dba684c1d6b691d6e15,1
0x6adb5f60b95796bb9b8f517815f002ca51c134b5,1
0x6adb6057c629e1deb3886eb36f5b586be1db690b,1
0x6adb606d73bfc0883fbdbf9668f954a4da8b8bd3,139
0x6adb63446490332a20e7f22ba72c138405530e15,38
0x6adb65da7279e2ee4082601287a019af4b12c564,1
0x6adb680627c38742891c3bf8d8ae8d904fb993b7,1
0x6adb6d372d9a54cedfcb53e509e42dfff82db3bc,4
0x6adb6f0f529cd3bbb983370b80381bf5501fe85c,1
0x6adb70f4929ba011893a857ea54255e1430b654c,40
0x6adb71405d1e800b4e96def24aeebfed590fcce0,6
0x6adb7203427aa60f7b449c6d3f99dcf662a11c45,14
0x6adb7688b8b495da7538a44deddff46020c3d6c2ddfcc306bfc54fb636399dc6,2
0x6adb7c7dcadfc62d4d55b8c1938567ef20a1dc48,33
0x6adb816f517104bcd0adcabcd1cd91144cb39452,12
0x6adb83e1bee26c5b939439fd2fcb38c5b7d5a1b3,2
0x6adb8526c529732ac837e0d8c85404b03047e3e4,2
0x6adb8549939d89e80f11f74f1e04e098b1ec4cd7,1
0x6adb858d7b9ec4868ca029a61f3be354f0c74254b0f76cc7adfb9121a59ad2e1,1
0x6adb881e5427374fed3a6dccbf0924e6b098e5dd,6
0x6adb8e550d9b136da1121806130587de601cdf5d,1
0x6adb9072fbee2b68a67863a336454bea1f19e7b8,1
0x6adb9379ef2a077d46926b35d3f96c7ac5166d34,1
0x6adb94c28171e015e5ff882d3a480e738ee90017,35
0x6adb9fba09c11fc185b39cb76911bbd0244380fa,1
0x6adba1255d4902a36333041f041b11d09cb80eca,103
0x6adba3d84c2c4b0b9a766fa38c583ad541dc0c89,2
0x6adba6254194d2f757dff1368c9aeebf7bc6ae1b,1
0x6adba806b8709a54f471e1653778d1af56da88d4,54
0x6adba95a7dd425e02e9817d3d00201745d67046c,1
0x6adba96c99add2a99734f8b195f35351a9ba1ebf,105
0x6adbafdf98350f979affeea425410d909c93d7dc,19
0x6adbb5e83c3b62f5b87e0cd912762bfc907d9c89,95
0x6adbb8efeaab0a4349c71952071bca3a2c6613f9,5
0x6adbbbe204bfa1eb2e63c7d045bf92440ac81c41,2
0x6adbbd8dfb9b14f47afa9bbf92b4c95ba2696b3c,8
0x6adbbe3645ed238a7b2e5cd793bed08f2c6efcf2,3
0x6adbc01537e2e482adb81caf9da0c4b299827aa4,5
0x6adbc28b3c3ac2a168c5d5bf7669629d214b6178,7
0x6adbc2a371ea2de9523f41627cbe2550c1c6af64,31
0x6adbc507b13450a4185acf4d906cfb65fea17a37,13
0x6adbcdad8d4af24643b9fae1973e7e9161a11bcb7d3fba7f53012733a8648052,1
0x6adbd156003891e569ed20f300e87db73248f5c5,53
0x6adbd3afe58f4e9fc4b4df4aab6214ab304b8ccf,45
0x6adbd726bce869f4b99eb9df8e9689789560cc3b,43
0x6adbda5ce6026ee01853d35e757e43481c374459,1
0x6adbdb43a9c0a6a574a7570aa046a6675f14a162,28
0x6adbdd7cd05440be3ffd18aec3c8ed4e087297be,40
0x6adbddcf2f4c0e8a34d3ae80362a54ed27b50194,40
0x6adbe0e9fa7a2e6963ffa3e72854cc5a552d6c7c,7
0x6adbe19ddc3901e3fbf5d6307b99316fd12f38884757e7228dc847f0f6463c1f,1
0x6adbe459cf9e99aee0c0215c93f32161fea8e9f3391458e090051c3f48d6b6cf,3
0x6adbe6c48bd797b39c713af172a1c63853c5103c,1
0x6adbe7a70b0767b034d21dd65d02c75a753597a0,1
0x6adbeac20dd1421ee6d558f677fcbfe11edcc0b6,1
0x6adbeae76b9e14b3c4cb1e56aff95da967dc34b85e9dd42f54ba46a7180af84,2
0x6adbeb3fe2dc1f32316355aff86617315b366ce5,62
0x6adbed4f9416d36c3165da1a29a09ba07788939f,34
0x6adbedd0fc445bf702d8fa92e45d6df1bd217887,37
0x6adbee0ad006b4051e204a7cfd7774da890bef38,4
0x6adbf111cdc6c04410c86b0159a4431ca8192f9a,3
0x6adbf4a8616332ee5290949471c9e0d2f228ad4b,3
0x6adbf81a803be5cc2f0db2f1c812df4d3b0fe5c4,1
0x6adbfcd0388628d80946fbed3bd3a243cc06e5d668b3182dac715013c27db080,1
0x6adbfe7409f77721666064f846d258008cdf63eb,1
0x6adc00190df5d36eaca099e155d8fac109aec13c,1
0x6adc08a7f6574007e03e2949bac53a7f808999d5,1
0x6adc08b83f95843737e6fe1d28be41400910ea1d,49
0x6adc0aa765857334280c6cf2aaabf251e34f2b06,31
0x6adc10c57921ed633e7ef0209cd6ab90639b142b7a8ccfb6d9049d5ce8f88b03,4
0x6adc11eef8bbbb744b1b868c43689ad2d620fd3a5b2d835d5f0d8cee18fb2270,1
0x6adc120cae0a96b7a36d4324a478a595f1b870f5,38
0x6adc1236fa81858e83de29516a7488f797c0fb7e,1
0x6adc1241db42ef5ceee546e54f7d7fbbead27116,1
0x6adc13908baf215251ab5e9efeab1bc4b0117c16,4
0x6adc1e39575bd8d80bb74f7f42347e6841b8d93f76c3749f68d037d1c0a0e8e4,3
0x6adc20e250ceaf0da016331b409bfcfd322b9f6f,1
0x6adc2198f5866659cda2789728581744047ee835,1
0x6adc29e7e7917cc86e1700a4c88e265199403fa5,54
0x6adc30e77142102a92e00061e3c22276b98c0a9a,1
0x6adc312031d9a292ad99410e35f89f96fa3235ba,1
0x6adc31ef1618f3f74d92812b7c9f92c523a1b832,4
0x6adc324a47174550002e1f82aa0c8c3af5a9819a,1
0x6adc3448c57fded1c705282afe4fd78b63590a22,1
0x6adc38e07993d14af555e61aab7054c1fa83205c,42
0x6adc3a1bc31b3e290d0c43d8a65ba32dc988eb5e,1
0x6adc3c2cff728b397e41c6b44600d57287ff1a67,67
0x6adc41c5c7cdde9517cd7c8fb7d3752e7ee27a92,33
0x6adc464ef83647df9cd03081927383e6affb958a,19
0x6adc4e796f8c1a083b193f86215f7ef8435d77d1,23
0x6adc5004e7101b0f17e32add56ebf46a92440e69,86
0x6adc50459ab1eda889b92fffcb410ba4a49539fc,25
0x6adc5e0a6c920a1226865e532e78a536a2b440cc,42
0x6adc6084b9765e0130a3cbff02af6f11edb0072d,12
0x6adc63e766e6b4ee1baede3a9b612219cf7eaf16,9
0x6adc6430873c4e969b1df43500ae2d32f43ccfc0,27
0x6adc6dd12066f544a32a52cb28c0b35ca5b80836785b8b02b8b9bc5684f29190,1
0x6adc6e63f90aea31b2b1e0bfedf349aa67fb5da0,1
0x6adc7465133bc4d9a4d56d44cc5a2df83c639f3a,13
0x6adc74ea728c483dc289bfc88903dae317f78a918fa9b10ef02401d31c535e74,2
0x6adc77a7e15137a0cd98cf38e67504e9e4355953,134
0x6adc7f2c8d7cba05259a52e8f3cdd11f7cc8745d,1
0x6adc8008f0b6e50c4c6d5d93aaf286a0db1b8771,13
0x6adc80d1637342341120a7e8ad2349d30ecb9da23350afa4710dbf86809d9989,1
0x6adc80f8e89dffc607c9a1168b0221af6069f553,15
0x6adc891542d9f0f908e895851211821c4ab71f23,39
0x6adc8f78d4886a3657e89e81ff422f6b71767aa2,20
0x6adc9075b5647d9b2a3ed6003f55bff3cd8e6c166904d199b63f3ed316f81599,1
0x6adc90ecfbad1fe33b01cba830ac21bb17f2470a,21
0x6adc917207e7445f77282edacbdc7414f1a3d22bad12d8a65162a8d6b2a5b360,2
0x6adc925bb48eb5d22fcc112c313764f521c24427,2
0x6adc93e28c2cba324a979762b0476cab042a58ab,23
0x6adc95341203f9117d6fc2ec5e56e83b8e45aefb,1
0x6adc95b4859f73b9d2f3430bfd6e7b47b4bd2569,1
0x6adc95c9dde38c460a8be4e26e03db913364ebe4,118
0x6adc97079239def133e0ae93a07f27ae5415338c,55
0x6adca666ae3cb091c33b47fbc0ff4eea8287b8b527072c388c686f912daa8d7c,1
0x6adca7287b596e697a436247508b61d351be3e4e45bd77251a8fffc1f7439ebf,1
0x6adcac5f87f88639441ea990c8939b4c59f8a38a3c9b2483ca036a39775bc697,16
0x6adcacaa9a1f538b5d45dea15a7a8ff5285c6115,75
0x6adcacead7047921f3f09255626932a30f0211b7,18
0x6adcaeb8a7f2a65eb658c8839816c98ff51cd40b,1
0x6adcafd4b3ec49eaa662d9d1c8f8c85cdfaab8d396f6f68e04a7909a244255d1,2
0x6adcb38f5384177293bc3b72a91275d7a6f160c9,7
0x6adcb3ca4e1932a74691bc563b427dc3fddc3fac,3
0x6adcb496a1165263d34b9827810a96ea02ef3a9f,54
0x6adcb4ee7d5e84ff6be6f9dfbc58c0045558381f,55
0x6adcb522346bb7fb4fbf65d16ba686c24e49107e6e64af22423a917881dfa5b7,1
0x6adcb830b26992befa30a8662b962fe78ba917df,1
0x6adcb94339dd4b45c308d721929e40267ea83d9c,1
0x6adcb980aed976556a9c5b642956b943a4d96f1db4cc84bca74e2c6973d56595,4
0x6adcbd5930f619896038bfcf12e27de295887322,4
0x6adcbf5ff76a64b08d3b8eb192ebafd0fed806e1,15
0x6adcc3d2bfeb74d8e08c2e5d21dd784c908e5c51c126f7612e6175989c626896,2
0x6adcc5c7d53765e4d2456a95015ea384924bef4a,1
0x6adcc7d5e1f546e1e2960d522e3c3209fe0eeada,7
0x6adccc9bb4ba0f60f586d9a96ea4e1375305de7e,1
0x6adccdc18067a47ffe6edb0b3b76e791eb6a3e5d,110
0x6adcd094d287adc0159dc4ff7d6e8339757c6011,39
0x6adcd25ee24367fd84180bc6ae6a8d8c414ebebd216c588d6741a9bcc945bee0,3
0x6adcd6beb04e5cbc31a70009297290ee5fb78d52,10
0x6adcd6f77a7c1bfaf089d8b7b008e9c1530b25f0,60
0x6adcd97eba65cc68f8b1f9c722f57855837f664f,1
0x6adcdc1ebf3ca5a145d0da40b029eaabb11ea8a6,17
0x6adce8884bc94a2c49cf17b8e3e6709ff7d49198,1
0x6adce92f78c3f845b8594250092d1033915a57d6a1b65f131974c28ab3357bf8,1
0x6adceaa3a9063d28f8ac272f523f6f3219d782f1,31
0x6adceb5c90f2b9d71b84898439cb9320cf3f5b4bc21f1cb3e5701ac62a3e1ca4,8
0x6adcecf5716b1ab19012ea21510b2f43585b1f4e,12
0x6adcf06535f0127410d193e24a307a6964435046,2
0x6adcf08deaaf5913079707f923279ef4c6d5225e,15
0x6adcf4bfd580eb11675bf4594259987715218822,43
0x6adcf639439193c123efe49190f33bd1ad792c0e,6
0x6adcfd3625e8781139ac868b8b00661dae08a21f,1
0x6adcfd8bb53f75761d09455e4ed70117e7dd5b3f,42
0x6add01794df918041ac6d9336dc82dc74f025f08,12
0x6add0184a8968fd05e4909873b95ae935ffdc53f16e64c4ba2752cc62e4a98a2,1
0x6add0b4408b73872d7d6018852407cfac7741186,1
0x6add0dbd735b43e500d2bdf3e0c21873bd55cc98,27
0x6add100dcc6316d7da7f8587b4b17d9439ad69e2,1
0x6add105ca15cd52faf37953f17817892fe6a559d,3
0x6add196e159a6bd07d0a418dabba19bbcfb9729e,1
0x6add1bedaa828c2b6cbb72127c1e669bd1d98d9d,1
0x6add28e5bb5ef2890da0565ddc8207d54f1d6a2bffc23810c5589403d7b24ae8,1
0x6add29dd20c8fba0a5479aee16158d7c3d11f191,82
0x6add2b876cbadc141f404fea2ed6fd105c340ee56a0f44587556b569359f809b,2
0x6add336a12fd04b1da81756d5a6b27de7e4b87621c74c60387022f6e7c7625b0,2
0x6add33deb1fb6036942d7b2d5e419e4902ba29f6290362be75bebd73023d406f,1
0x6add34e543a4f2a481bf8163259ff7aa04295e6b,6
0x6add443e28fd0568e89c6a80cfeaa251df77f6ac,1
0x6add454bbbcafa508048cd2fb37cfe16ec76dbfb,21
0x6add4892ed0c38a1f1da97febf772410e4b8b80c07276d2e7bb8b5fff5117060,1
0x6add4c386c474055570238600d4a20b1ab4d3e7f,1
0x6add4c406e298c5588c4c9183fd7a873b491c468,1
0x6add4e8509951ab9dad41709fcf653a35bd6c717,28
0x6add4e9ea504d27f1f8e67ec06788b961b586e05,1
0x6add57a60a776d29ff0b0dac1937f86d31dbeb6b,35
0x6add57de244bbbb607a9d1ae274a06559c252877,127
0x6add5897335eebc14e836eeeabb65cbdc7ca2169385f58fa341d69717ef876f9,1
0x6add5f10273d18141377d4962c3d36631053ce50,105
0x6add5f5567f2e60aa881395860284033f702540cab6d48b7aa651a4b4bb907a2,1
0x6add60d7d2667cbf9663272624cc4a6ea2e789e9,1
0x6add6746b4cb1e308d76e3deb80597c1393ad92a,1
0x6add6806c1b618a348f6f657d71b361af561ae2c,5
0x6add68583a6caf3cdaa164739d1b3ce71a8faadc,1
0x6add68e589b1f4d9e84b79fbbf3e2d324b1a7f77,39
0x6add69669fcf427de03d212caf62b9cc095089b6,1
0x6add6a3a49c1583a3ecb62b3de1dbae9604b1dff,212
0x6add6c9771ff9ed7d8abeb2c355d3c075bc8898b,3
0x6add6e88d4cfd1e4159e02527849f57f0aa6c4ca,1
0x6add70a530d7c969772d45ac937223e4f00e3917,73
0x6add7583ecb696c78a318b61a098d029102b41f1,36
0x6add7dc43e2308d3d723a2a0fa8685353f4d2031,1
0x6add7f083920879f15368a2826f3cd8cb05ee4b0,25
0x6add831ede22caed43e6eed2259600ba616556c7,29
0x6add837c3ae5e86762156784bdfc0a65046668e0,21
0x6add89064dcc913a8a92601a7f11db08fa8c3fc3,32
0x6add8d9e969d1a55bee7ec0a9a5d11cee19c20f5,5
0x6add8e6bb6fba8c2082d4c46c68d7c481a9269d5,17
0x6add8e7a72ebbbcb307d3b6f18703a16001b6ebc,33
0x6add8e9e5a6039095ea92e8d215b4c8f395f7afc,1
0x6add945ac954eecf0e25afc611a192a1423f34dd,8
0x6add9bf72586151af974a256f6f974ef6aea94a5,1
0x6add9c0aa5c462b940765526ecfcb2c57b0157ec,20
0x6add9c83d02862ce386c9306212fba828f4b84ae,2
0x6add9dc45fafdf4cde453006d89e1aa1cd676773,4
0x6adda29c588d3a2eaef51bee4cf1936b335befee,2
0x6adda56431995266f7cf8ce3868008369c101ca6ef77ee336bb67923308ca768,1
0x6addaa208ea7c6e413f0c514dc1ba7510390c500,59
0x6addabf896fd9a622f3a6bd4d1f10d68393f8597,13
0x6addad326f25ebebd9e2dcc7a809c1d9aa9dc0ac95aae796a7eea696da6f5f05,2
0x6addaf8e5185f4c53f6afe4b3b1fb020f3056cf7,2
0x6addafbe45cd9f199f526517b2ed3c39519e6e19,93
0x6addb09d0a260d56aa079fdc434b7257a7839f45,3
0x6addb71160a9fb929c7cdf44b41f1e22f91499f9,2
0x6addba5b30545b52578b80ec39f85a8f51671259,17
0x6addc3bb18da715c339e55f638e12aaec913ffa2,2
0x6addc6dd36f2f9a2a688ea2c4a5a49820444671c,31
0x6addc7588f5773925e853a340890c3cbe690db77,27
0x6addc788c3a043c1561a6aa8e87391d348d014bd,197
0x6addca88f3674279d63301b5622ba0bfb8651dd1,10
0x6addcb7c42666d126d4cb9f7d11df0412d28087f,58
0x6addd023f450725c1b8814efa71167a9f1e7fad0,1
0x6adddb4b2eb7a7e4b3c6648922fc6e6da7a379b5,12
0x6adddb9990d258caa7ed226599bab53016ff7c5311ad6f7a6db554a919c5fff8,2
0x6addded4ec21d7953de6b28e7618298beee5d85c,2
0x6adddee1ae1283dbe7b32f47dd3aa20f2ac16add,27
0x6adde2939e6672a53964f4d7d73d6474a801fcef,6
0x6adde386b3d42a49fb1291e8e73a8d93d42744e2,57
0x6addef2a0a7962d2be76a3dfc1dbce145b727a45,50
0x6addf3dff5706b83f7b1882cd72b8910c092ac9b,1
0x6addf4a7f11f9b9f54df23c300ef8375748738b8,57
0x6addf9aaf08d0953d040c1467e9ea4e3302c171e,4
0x6addfb7962bfad71528d4e98a27716435fcfa35b,1
0x6addfd0faef70d89b4e0b5c1add33a899271bdf6,97
0x6addffdaa4c30284861cfe5b6adde9782193e768,73
0x6ade000d3152f85a3c7d6646c1c22e51d4d2dcdb,11
0x6ade03f9f13f7b3bbd38125f9eee9ae72cb1477e,128
0x6ade087aa8f4d9023dd342c0c509dc09a0a889ce4abb6ea9bd6822f46c642a17,1
0x6ade0942bae3e609490f5fafc91739f312c0ec74,3
0x6ade0af9339c5bd66d3b069b48ba610745f64411,5
0x6ade0de73e751e83ff6e9c22af2977179abf5c52,3
0x6ade0f70ca83d07728f9101a5c88ade30f2ab973,109
0x6ade13f35b9c124ed1f6617c28d3506d5456a18aa5cfc0259d56dec86d69248,1
0x6ade170b672e1a96b6244c735d59fbae18bb567d,1
0x6ade18093f9d9ccbcf0069e54ed53ea1612f3067,2
0x6ade189265ce58a168079f09da33fb2ef069fa42,50
0x6ade1be44089ce527da421283e9802b4c29127f3,2
0x6ade1e71fcc013caa6600e059d583a7704dd3b6d,1
0x6ade1eede0d09cd111ca152d4f43c148f3431ef0,1
0x6ade2417e0034dce35def651fc8951840174700c,11
0x6ade2606de4a13d222932caec21431c61d0141ca,1
0x6ade26332c57404e157f7448d84e531564ac4eb4b6b7a91366c6953bb2f625ab,1
0x6ade2852cfd19219db16f904c9bfa87288da33eb,9
0x6ade2e3614ae3302f2d0d2467e4699682884ca5747ac26c232c10bef52f1fae8,2
0x6ade33c06d6d5f91d644d8a9fe81b3cc04f7cc86,1
0x6ade37f85f0398a85d06b00bf25d12e3aba13269,32
0x6ade3c2c7494eb12eca57b5b64f19212c4530c27,8
0x6ade3d3616d9f23a9405602ad5e2957f2149471a,48
0x6ade42f63bb21552eface6bd545210efe76cd969,37
0x6ade48fbfcbc3af5eae09c660e927c2e2bc109778f215a8d1c1a2e7123409689,1
0x6ade4937bd79e67ddbc355ee9ad56901247f451b2266610ac5ada5d73eb381c0,1
0x6ade4e3cc7745d66e860eeb9ecec39d0b70d2fdc,64
0x6ade5076f426aeb2fbe3edd4f2c3b869ec463a44,1
0x6ade53492b8afee275f9d7a1b6fa6857eb9b8b6d,3
0x6ade5eecd3d4bd9d3dc3dae6eb5eaf53362a4147,1
0x6ade6073475c8b43b3a1cf4bd177b507ad86a356,1
0x6ade630ca595731886ec0b4cdc9c64fa685fbd3c,209
0x6ade6332dc90b70c802ef83b2898b893f1c8ba1a,1
0x6ade65d2aa238ef744823434a8904a104eb46be3,1
0x6ade68668053c131f12a448e32e91c0e6254e111,18
0x6ade6a2bdfbda76c4555005ee7dd7dcde571d2a8,1
0x6ade6b363c89f465ab73377a4cc0100420915826,1
0x6ade71d4841f249d57a9ad6c7f8916ca56c776a3,2
0x6ade77f9267471e2c3219d127513b906e2d04392,7
0x6ade781992b5cdae7b0964beeaefdcb151189788,1
0x6ade79adeebf64b17540351736ecba00946f2816,114
0x6ade7b179cee9062343dfda37ad48ab1192821fb,2
0x6ade7ef1b93a8309f1bf2006621ccc03b7cfb69d,48
0x6ade82e80eee27632378d4f130fb3e5216ba9af1,1
0x6ade85638a2fcbb3e2208ab70b3b706da629cc15,25
0x6ade8de256e01ac3abcfbcdf184d2145e5e5e9bf,33
0x6ade8e50f4ad3d8654c10d432e103b8f97a786fd,37
0x6ade8f8a0cd35b7e30cc98f19e42cbd20341348c,1
0x6ade911c6e74b426490c0ba3acfecfe509ea8483,1
0x6ade941d87fa3f100d0e92c4ce0fdaae6d5c0755,111
0x6ade9781eb3312c17d2cb3ec7e5b8165cd4a5146,1
0x6ade9c880e18f7f38e75f2cc35d1073585c544f5,2
0x6ade9f26ebd90cf6b4f13e75c0b78489fa787549,31
0x6adea056ad5b65d9a189a33575b971bd957808f4efb4d9f29b8cedd63746c6f4,6
0x6adea16f80c0ef5bbcf43f984a45314ea49e0c4c,62
0x6adea1ef8627083c7e494e0558a55ef98459147f,1
0x6adea629b7477bb68aebb1e17defcf5ad4279de5,2
0x6adea769074c3d1319307b2d11feac89d4b572be,79
0x6adea802c67807467c8361a474591f6b8de185d90d1ec6160393737d2c964d4f,3
0x6adea8ad74aa3e5f453e919cb786cf82cd015713,7
0x6adeac71a8daf6d4a3659e131767d2297a447f7b,31
0x6adead41e4855922222a79181c6668c93b9f72fa,7
0x6adeb1d364f2f76e57c718ee1ede5208fd071944,1
0x6adeb1db3f2da958aeb2f16eb48ccfbcb9f90f500332370dc1649cfc0007f931,1
0x6adeb3392111f1f6027300720654a1b8c485345c,1
0x6adeb7e58907c6e5a5773b1ae6aa2ca5c822dd25,54
0x6adebcac8b4681b06b0a3bcb22ff726000e392c3401a9c94d7bccd421bfb117e,1
0x6adec0e7a5994c2195f2ce96020a6de58b26dde9,1
0x6adec5ac1e421d5310a54a45abdc4c3755d69ec4,55
0x6adec666fcc7462a4b12e97928ac39a9ddba93df,13
0x6adec83627e9e46019fa6b57c0d7b168d38ce7c1,22
0x6adec85f24005953144a437f1bbefe86498df225,12
0x6adecae3549719f62d334f9bcf5d7ccf3c366eaea0e187fbf7cd0d17ce67b4e,3
0x6adecb1fd80c92d94d6fcc50127f57aa478a226a,12
0x6adece1704fd42e83c5bd83ff45b48eed4e6b32c,1
0x6adecf1465eb9c20bb8b90ea8a40e59661bc0a9e,1
0x6aded2e5287631c845e2b18626d48eb1cfe92917,6
0x6aded41a380ea655057f30735fb7f99e8ea839e4,2
0x6aded70eb83e17dbd97f8882d43367794f85368d,1
0x6adedcc91426aac48abbf4e77234c4290cab6000d3e39a83600a4fd71dcc0d5,1
0x6adedda8f3327cc3671044d9e11cd85b2fdfefcc,1
0x6adeddeb5c2cbc8640534b3cfe8ca39bef1f9ea1,33
0x6adedef0d420331a2da7bb9ab9f5e5eff0d7913f,23
0x6adedf2b157c12798460f9e6ce9c8281d2616e15,1
0x6adee5591c60b0520aabc4dd3606af76843082f3,4
0x6adee57ede98f94759a95ac94ef9189473631b2b,2
0x6adee8a6f5faea35a1a030f21c32d8e67b7bbfe9,40
0x6adee8c1db931c198d9f36c782f0e669eb4c4e0002a331aebbf3ba55f302447e,1
0x6adeecae4c609ff3072e93a37f627b6848db44a3dd285ee543ebe106de37735c,1
0x6adeed13f9ed13532af213695a237ae1773e83a7,3
0x6adeef1e5717bac04393a9b61f8a4a5c3989fea133dc5b90a421c141d6ba59ce,1
0x6adef11bcb933cfc939c017b834a8a16413f9c813647341a48c3f7f78590e117,1
0x6adef78d289e11da39e27e38015be6a48ce6f559,1
0x6adef7a4678253be3808028ef1d5225158f2c189,2
0x6adef868b6666cafb9882e5f36af76ea183576c8,24
0x6adef923ebf63699e2352aec82b15121965248c5,1
0x6adefb2f13745114a107ef23d1b52150768bb625,32
0x6adeff731f07f05392223a4e5059dce23b28b15a,14
0x6adf04ec23fd73f825e71aec07f779c77370aeff348d3af72014dedd3939ff3b,1
0x6adf07004462c3f0e30c8bd47ed8ffa2ce26cc5f,53
0x6adf07e45b274abdb4846e5389d6958709708a07,4
0x6adf0880a1a38d7b35d071d51b7a07734e019c0b2fea3f2bade915f1509e2602,8
0x6adf0defe95d6075675ac063456e5a7d6ee85ec9,12
0x6adf0ea14b6053df2054e1507475f9c11ae7d2f1,1
0x6adf10ce6caead3e91fa1da6710f73972d370fb9,1
0x6adf1256e0012d39a58ac97fe91de211833ed3a4242274b21294b64b16f13ce0,3
0x6adf13aba5f949197fd3d755c62379b09c05b6c5,24
0x6adf15b2b3b2b5b94a6eb90681d689a6e1bbb4ed,7
0x6adf1b55afe2287062aeedf33c5160c895db8fa6,1
0x6adf1b6b7c0c0d9f01406e79bfd9edfb55dceabe,49
0x6adf264d2404a8d247698f7ff2b115343bb01216,1
0x6adf26b921cf8f2e8f812c9320f2f1238750370a,12
0x6adf28687ad0ff0fb1d3c194fd74b9c276208c9f,1
0x6adf2c88579c3cc33b53366dda4b72b68c8999d6,13
0x6adf2e744d22c8fd44975a9205dd616fc844b45c,10
0x6adf2f9cc5340133011e97ff307582bd221e5495,1
0x6adf33f863bdde5368bcfce507191f1af5eae2c5,46
0x6adf37fa26887626563944c10ca8011dec8420a1,5
0x6adf3b65de86d7753aa2482929b3457ddd779bf6,50
0x6adf3b7d1b395ccef7476546b10b2be662a242d891d43c598035cab996d42858,4
0x6adf3f51bf5d9ca89a3d2063d31c08c0c8ccfdc9,1
0x6adf4238e50776908a0c3afde31cee6f6c2d4656732f73876edce329e63430b6,8
0x6adf435102403d623f3374d2a64606a0dfe0cf67,2
0x6adf4717d0d073b249abfa049cf74c326cd461ee,1
0x6adf487c6796c22370b55caaba14a81742690753,48
0x6adf48cb09cb035a324f3ff763645dbc483d1bf8,18
0x6adf53c4559412f6db4884f526c4007c99e84cad,61
0x6adf5457c5129c23df605f2bd47f487cb64bb2e7,1
0x6adf552cbf559e868ec9d22a89666bbf75ec3f70c65ce982f3fb5626c4e7e8ef,1
0x6adf589846920afc20e60ed8c46e3d7716f99f5a,1
0x6adf64c13de1a21ae5cc21b3fa5b41a32d35b49e,1
0x6adf65b5910ee8320a49a134a0e5918e225015ca,1
0x6adf65bab3092e3c39214a3d81fa4bd12c3311e1,16
0x6adf666f21b3d2f4c11b380e88638e164de95f48,2
0x6adf6776b6ee0f6b67be8ea2ee5d2885e05a9f49,4
0x6adf695a5c22b1e3031f7533e64784088b37874a87f52107675027a11c7f254a,1
0x6adf6c4a201e25ead4a1bab98e6dde6e6be95f5d,2
0x6adf6d952c6e821c513ddb2dae8b798609a39035,14
0x6adf6f19d5b91e60b9be138a1014ef931b84025c,1
0x6adf6f753e0f668702aa260b4679e0c9a2c84a71,157
0x6adf706bab498a3d57e1d1ff5016d1d1090f4f4f,4
0x6adf7206d143bf38c141715b1fbce2fc64d78505,124
0x6adf7290af7d1e8b3cf280101e0b56a4dd71f7d9,6
0x6adf73c7e9ef3d61d84a21eb04e533eb16412a49,8
0x6adf7a31d0b4506e6c5df5a337da1651c87cf393757c56003ab8aa11900df981,3
0x6adf7b6cfb3cf5a8321bea333f029757840a2401,1
0x6adf817dd8e6da0c97aea272387b383c107148f9,1
0x6adf84b62e676fb7885129a3248374ba4c5117f6,35
0x6adf86bcbf3750806508b0a02d1afa2ed8b2df33,30
0x6adf87bc0b5e53d8edebf4d4e79569e20e6a8cac,14
0x6adf8820621d44f7f4f6941a9e777c410c3ed8ee538427af417fd5805b87afad,1
0x6adf892fb9d5dfdc033a81abc58dda958265748e,85
0x6adf91ae5ef3523af22798136211498f6732cc2b,5
0x6adf929b325a9127d0ec76ed94e0e868abe08404,61
0x6adf963b8d8ed5ef1dba06d4d62273edb991cdb4,1
0x6adf9b1416393a1fd1b3217d7b8de058dca7d22f,3
0x6adf9e117451a71cbcc0ce8e9a5ad2b1358ff89c,16
0x6adf9ff6aace47f0ece84bd2bba06b4e5c736dc1,29
0x6adfa2825e3c1c0e0865fcd3563ec698c79c6485,32
0x6adfa63c61aa0d066ac49ce361335cb0db5b63a3e12b0f7a1f5192f7d046746d,1
0x6adfb2909647b9b9ee9d6c64116bf93d77f632df5d0672de3645a0c6960681ef,1
0x6adfb7e4bdb444bf36238ba3255de60aa8370ee6a76f5b3772210a84d2605f09,2
0x6adfb8ef56602a49fc3029168b8972712c3ab43c73e3c31c772f3ceb627df39c,1
0x6adfbb8e586e5523f523d7450544c4cae0a164c4,36
0x6adfbcc40e5e6f0c09ca2493b07affb0dd7bdb44,37
0x6adfc1cfd9b45083bd67c696ad41834ebecbd90c,128
0x6adfc34dbb2337d5006b4bb0fcdd4948457639b1,1
0x6adfc6c37817b47697e70a836f578e470567f187,3
0x6adfca0809e72616da9144b1605433bab41b9fc8,29
0x6adfca4c189192f5b4fc5c89f7cc2a3f458b4663,1
0x6adfcc2916cbebfcd6195ac8df3e3c32268142853dfe3d9fb50c043f771f6190,3
0x6adfcdb58889b6171f37e54d2598a8e3257426b7,5
0x6adfd03d1e7bb3d043b9114aec67aeb0d9d856f461fb1295aa762164a1de987e,2
0x6adfd1d32a4928a993a03eeab6b039b6c10d1e7c042cc1a0f29cea9a927938d,2
0x6adfd6fac44974348232b47b0fed80f52be2f910,12
0x6adfd9dfb9565ef80332d8e2e7efd88e1e45186a,38
0x6adfdae53120ccd04d99920ce9fe06fda0c36ebf4d9dd0c9512f49169f71ba35,1
0x6adfdd4ef7816179b0c6ef475f1ea4413df4408c,7
0x6adfde542eab2ec9b62257d48e3612125f0fb1c8d4bd8ea50299c9ce66171b35,1
0x6adfdeb2c1d6ec4a732e7ff4b3c99924e559765a8433f2a793638d7d91b8b4f7,1
0x6adfdf9e17fa082c224640ed887597c52c3e8ba9,1
0x6adfe38135161cbcb7da8f3bdfb68cf1726eca25,5
0x6adfeaec0443b6377712c6d32582724b0d47584aeee2cd02baedbf97caf9a950,1
0x6adfeb2aff0b9637ae11b232bce5f40c24933ae9,1
0x6adfec7bfeaa23cfe2b1d482004a648e08363337,1
0x6adfee1b2a614c4b622407287681b4369cd89614,27
0x6adff064112405a07555bc7aa9067663b0241c98,1
0x6adff4f4f8f7441f0d0f78743f26d255e8caabc173e62d5ff45f1edbddab7854,1
0x6adff66f078cecbbc133a3fa524af6340794570effcc8a326b2eb4b7c12e2b64,3
0x6adffb71666e800d67a7f4b3adad202824a5da34,9
0x6adffd718b897ff206b9c0d45bb5e46ab5893cad,3
0x6adfff75ff705eba4035f0e2a12ea23b906378ba,13
0x6ae000597f20c76f61bfe3ae14cbb75de4e19f50,43
0x6ae00664e236aba342762646fa02567df386fe58,1
0x6ae008aabf2a139d4a93886fa6d9f7769d98c8d6,56
0x6ae009bf961b3b94ab9d2a19203e839af0431e88,1
0x6ae009e94444b871dfb67580fdea652005aa69f5eac2f9c2a391cf6875c79397,2
0x6ae00ee65305f651165e6e460a9e1de48c5b3b17,4
0x6ae01e76a6f48a8d05106a1f61131a2f40e1533c,2
0x6ae01faa039aebb86e101321d6e949b3e2b9f63f,37
0x6ae022886fdb0c83b5cf767e3839101f043d56e2,106
0x6ae0238aa216e475e0eeb6f92216ed37bef71ef5,46
0x6ae0258f58c0de39ed2bb0905382eae664f00221,1
0x6ae0268f5bc2ae3beadf054faed277975f3260ca64135937d74e91fb6646fa4c,2
0x6ae029e016407f81c509e03ce5e317cbe363bf6c,11
0x6ae02ad2dfbb9e91a8fcff3fcdcca2cbb526350c,10
0x6ae03180afab253c939397fd6d9d3975cb372707,20
0x6ae033f483677f875d8893823fd441b6eec72195,5
0x6ae035d243e26baaa36fd068089f12f8ec5089fd,13
0x6ae036c447b3cddafe3ca4ab8d3840f38a3068f4,1
0x6ae0386cf3bcf79ceff1109238909cb674987d20,7
0x6ae03fa8069dcd16549c8efe1f2fdfc69201e1f8,71
0x6ae0477d65209ba30a8febb85b9c34f7cec54fa6,3
0x6ae04868b47bd7c715c45a54006aaebec368b905,7
0x6ae04e13f481904f35b14c396a062161e810f6d9,1
0x6ae04e76bac1a3df0156951c693166a5319c2d88,6
0x6ae0525262c44d777c5d6020b8d73d2badda715868fa18946d4cd3577a961a64,1
0x6ae052b022cf17863649fbf823202adebdd6f042,1
0x6ae054169b660c9265a58f8ceef6ad84f200d371,13
0x6ae059999d7fbd698115748801f4ac7514f082f0,3
0x6ae05a05b3bb815aa31fe7a25a3807aa7c0ec541,1
0x6ae0605cfc7a7e448a81835e309cf7458d94f4b7,35
0x6ae069a4ab8c1262a7e54e759cb4d9a4d671ca27,43
0x6ae06f75e800c91a2dfb2275078aafcce441ce57,6
0x6ae07455cc85f4cc36f8ef04cf1625a26f6c4004,2
0x6ae074f572a6d236580c98fee02abab64d11f990,19
0x6ae07578c3e92fe472e002231283a0c8a08f865b,3
0x6ae07a13b0703ab7d858b8f98d192e3401cf25c3,3
0x6ae07aaec921b12fbf6be16e6ac543887c236607,90
0x6ae07d3144d8438b0ee4a1f312976fe32c74d57d,2
0x6ae082c1143c18edfbfee73eef7679cf3aa9a885,3
0x6ae08a453d1b7579c9bb02c57be1a90abf917a0bb35260c9b418dde7dbf46ea0,1
0x6ae08ac83fd55d1e39b4261c2a0b7a727f89b009,77
0x6ae08b1c58ba8203aaa30a7eaf5e60bbdcf2245d,33
0x6ae08c0ab5127850b487201f7f56de4c3d73ea3d,75
0x6ae08c45c6c6368cbe772d84c162634517a08dd4,84
0x6ae08f6a4e72ef28df4fb81ee51220f140e2763f,52
0x6ae08fad071358bfba9e73055cda680af8bfe348,40
0x6ae0904fb9b2bd935569d9d1a9d1f0a42d3e0c91,1
0x6ae0978507d55e9575419f34e9a190ecd9101436,1
0x6ae098a5035a885a1e564fc859093fd67fa5e603,389
0x6ae09b3e017babc085da660cb8ca7afebe333234,1
0x6ae09c0f294118404c5b6da76f83df950d16b783,10
0x6ae09d6bd6643bd830453b30ad03c9b4773346ff,3
0x6ae09fc39cc0938ebe24cf4b18c4f0361cef2801,1
0x6ae0a07df4cd5956b82e636f07804f57ab7f9996,2
0x6ae0a23dc7fd652da5c07c840853fe8032c6c274,33
0x6ae0a7471c1b8141b29ac6d9b2fc7eae170a82c0,35
0x6ae0a8eea58c17444b36f8b2a38c8efa09d4f401,22
0x6ae0a982a40df58bd3bf52e089cd7e94b7c92db7,1
0x6ae0ac54256117425f03c8f1c703f99acda6dc31,87
0x6ae0b041f6b65d6cda5b847d60740a44c53b13e4,14
0x6ae0bd83e50412c40177f51446bf312f71f5ccf5,23
0x6ae0c098c5cce869c56068aa42c229d7fd521fa3,7
0x6ae0c5ad2c176be14492349e4a05471839fb196e,8
0x6ae0cb7978c60236f32b21780b5f14564cb65ffc,79
0x6ae0d199720a24eb0d30cebafdda8817322cadfc,1
0x6ae0d453d9f417e2db57b8652f436a70a1fe4491,1
0x6ae0db9c0dfaf94d9d47283f2ba14d6670982084,1
0x6ae0eb6128401411f3bb9f74b9b1752fd894698ff33b632cd89576039ad5363,4
0x6ae0ed8cceb63ea403d90c055573d36b81b8cd66,1
0x6ae0f3c614727199a9da4e901ff4d2860b5fd0a6dca5cb449b0ddde997555a8a,1
0x6ae0f93c7772c1505bd10a98703388bb32713522,2
0x6ae0fc1799c0446b4a12805994836b595c39b3be,1
0x6ae0ff70ed1c11ab55e0db95da8d378221ed5a5b,43
0x6ae0ff770204b77e688dc149dc960a5c0877162a,10
0x6ae10225069bc5762023c2b41ef212106c16854f,46
0x6ae1034930d675f3b281ad41c49b646b1327d278,1
0x6ae104584d048cb12ea0cfd3a06ba22ae0b31194,2
0x6ae109acd0f1728dbb390a91a5f93deea0e5ff7a,15
0x6ae10bba40c891dc5d0d9950b51685c24a84510c,6
0x6ae10c7d6667832d16851fc4909257d65d6f2a37,48
0x6ae10d4dda08488d8e43111411b636b78e8e8495,61
0x6ae10def719addd6fdde79b280983980ce18d8ae,71
0x6ae10fe9fdbf90f39c79c9899c6c9da1d4fbf93f,1
0x6ae11068d743fcb1a1236f7cd07bbf153d8ae275,1
0x6ae1156adcc2874aa31b5f0f5d72bc9dcb013e7b,78
0x6ae115f20174a65ef4c2f0ef9ab56ed2f3977d4c,1
0x6ae11a55933f23cffa0ad146fea8e5e6917e5067,1
0x6ae11d8fa675bcbe873d934636bb7d3554ccccc0,1
0x6ae11ecfa62041682b6c08f8b22198030d8bd84b7035c3ce577461c4be9b9b6,1
0x6ae1254db23febf6b70d911ed68051011cf974f0,36
0x6ae1260ee250fc9a535c6ecf47c809c2581a40f1,1
0x6ae126a584a2b873d8745caa3d80bd8cf5729c54,1
0x6ae135027d727b9d49903f49864538fc6b351ae0,1
0x6ae13656015906345435e0e11a2f2dbbdb919af4,1
0x6ae14112c7437f0ed5552b2616159acacb5fed786e3a62cb629c01ca881440d9,12
0x6ae1455feda9e485b381bad8c2f4da50b6b0bec4,3
0x6ae145848b3fffd11117ecb0dc839d66c61d7c5b6e63801e81af6d199f7028d1,1
0x6ae14a6312d97e2b95d3a6b48afc0b224727d286,6
0x6ae14d3559e2a61d29998fae629001215797d340,5
0x6ae14d65f661ade353e7dcc45f063a5248842081,1
0x6ae151cc97a6feb57e10fb2d6cba04d327b60bfe,27
0x6ae152fd5029f5b41f6691a04873ed96b11f402e8252ae7b0879544dd7ce3eea,19
0x6ae157ef530d0da806ac58667a08080e0bcbdadb,13
0x6ae15a4688d3c0fabda1bc9a8f0861f539d04529,2
0x6ae15c411a70ddb0f3ee967c9f04b664922d463b,198
0x6ae16615ed1ee37e4c59c082da7d134369fa1a06,45
0x6ae1675dfcb21598825bb720387b15082ea3edb6,35
0x6ae16933b03ac1af55ef34a7600df91274323ecb,119
0x6ae16b59e0573b5aa2f11fd09223e87f0b746071,71
0x6ae16b7fcdd8ff8bc93fa1ed90299b1201ec0f6f,16
0x6ae1726eb42738340d0d9a4d4deec30d742235b3,5
0x6ae1734f2820686b80212955d96b41dfc26e2a253d27dd4ac1c24214f7a632d2,1
0x6ae175a89dfc5aa2c3805fc0c24b86de2821a800,117
0x6ae17c9d1fa821d3e56d4e062b0b991cc381edd69d14384e59d1da166afc65b1,1
0x6ae17dab35e909271eb01c6527985b32549d7e05,3
0x6ae184434928c78cba0fc7ce3f5c6557c34d2421,15
0x6ae18541c8fb28d94d5378abcc237f1f3e795aa0,31
0x6ae18be99ed53ffdeb7b39ab29271c604b8b5c8c,3
0x6ae18d45b2f208ff5dc158ec2ddc389ccb3116aa,3
0x6ae18f41be806957f3a88088e23693e6b1be059a8b0cd7f164d192a6438a6d4d,2
0x6ae18fc7878f0c11f827760692417ef1869e29ebd4bf83284ed9c2dba40c3eda,1
0x6ae19565d87d6b824d64990b0ec9a802f5f5816ee6444a3b7f75759949b9cb08,1
0x6ae1961c0fd0b5807d5ec64faacd0e335c5742cd,1
0x6ae19835c1df94ef3d5034bfb4620a300a702ac5,60
0x6ae19c3d19bc5d6c4fb712502e62a31d972ec891,55
0x6ae19ecfb503fb9b4b019dfff58492097e127427,1
0x6ae19febbd338e2f874157dcfceb1818753e28ee,29
0x6ae1a8e2f5d888172ba3b3e1b843626be0603b3f,138
0x6ae1a9612e58bf7c76dff905fa9dd503cac30b40,5
0x6ae1b1e648cc9e202e5696e106546b641f8ce1ad,68
0x6ae1b397073be77de626cf455c40010e246048ed,3
0x6ae1b62ac35ae970f2ad82fa9d3ad4378698a7d4,11
0x6ae1baac73591fd105a3a0526806a6d2af98aa7d,2
0x6ae1bf234b5098553f7ce5b6a02161ad8931314b,3
0x6ae1c7eaea59b17ce248cc6a64b70727585eebd2dbe617f3ce2e00a64d995792,1
0x6ae1ca9b9e62282a453600e6ee2b708d00417e7b,1
0x6ae1cc75e92fcf4bae825481d80a79803721dd2f,434
0x6ae1d069d5a8e6636ac44f4c0094e2da45e2e421,1
0x6ae1d73e7b4b17609cf0b0a89d96145c136fd67f,6
0x6ae1d868a5743914a0cbaac32230c5a02e3e752f,6
0x6ae1dcab5e4f9c323eaf990016d16fadd9b7d4fe5deb7542078dfe293d001f04,1
0x6ae1df7188460c1d00a2e63506f078c6bf9ae2e2,3
0x6ae1df788a62a6e8766802d3d9afd222d32a6b64,22
0x6ae1dfddf54c457336228418f2439d2c90fad961,4
0x6ae1e0aa6746d86201e6e7d6d9efc4b98d3cb848,1
0x6ae1e17e52cb947a8e8fc5d46f70c8dcfe4fbc55,62
0x6ae1e2d9bade85b4a0a4782de5859f158824c516,1
0x6ae1e4e47eb8088826aa74fe4b595ab55b51865a144c20da760b957574e00dcb,1
0x6ae1e8c4590b6589864472a7145438a2b16d80b5,17
0x6ae1eace3aaaa9d7a3e125f9f636f1c95972eb6b,2
0x6ae1ec6fd80151e2e7046b7a1fa3f0f99850fbaa,7
0x6ae1eeec75c0d653c1b7322c919221dccbdf6c91,8
0x6ae1ef0427dde28e1a74d8cafba9e2877f47476e,29
0x6ae1f0476d7759ff6f4033d3cfb8ce8fb9040676,1
0x6ae1f10ab8b810f5432d390e1ce544507f1b0ee6,1
0x6ae1f1e7ac42808cd19377f6c8d1566899c7c017,43
0x6ae1f444da90cb815445d4bfa448d7bb3e986378b53a52adfef592ab59f97de6,84
0x6ae1f51dcb956a99dba304efa93ad4efd791f563,1
0x6ae1fca79a5979ee1fdc3bd8d4b50b0efc3e4197,1
0x6ae1ff00e8cd11ba549722fc841c2f45ceb3f397ebd3718a3252be6a6a4705b4,1
0x6ae1ffc485a34c3d9f3df8c83d1b7eb04ad220bd7376a8c9b03891294c992f79,2
0x6ae2026f570bd4950cb3d35a8f31bece2d6e77ba,78
0x6ae204dd5c7dce61440eacfc1f41f6823d5565ba79c392233b10a63c3899d021,17
0x6ae20af31e79479cf9ec7a26f29e0da206bb9270,71
0x6ae20ca39eed0a579891a6311756f99965c0e196,40
0x6ae211ba789ed169ab2f615c1511a3becd6b4efe,17
0x6ae212043d5cf35138696115a5751e5d9892311e,49
0x6ae213387bf808c544af16a605964c42c1765c83,5
0x6ae2225a5afeb9201189df44d0791d55dc3aabb8,1
0x6ae224dd4e20e508a5e300e2da1163c120f10f560411cf899fdead90ff950f20,2
0x6ae227b55347ecb03947ef28b2bf6679201bc780,3
0x6ae2289839cea487f2aa37eb0cf36bfd8340e7e5128708cba25d826ee24c15de,49
0x6ae22b3ac8513946e6f2a6650db4858d9a0aa797,12
0x6ae22bda7cd0937542f0e938037bb04f371e311d,8
0x6ae232f32f607c2cf1e1440b934fa5b09f98a50a,26
0x6ae2383d5122221d9c61268b111dd5efd03d2ada,2
0x6ae23885f79a621425b3d8a075990e22dcfe782a,11
0x6ae23a50833230398b722a0a987c3caee6d9799b8acf44b098aeec307eb54106,1
0x6ae23b594674af8c126960dbe0f794b3d472882ecc35b85221d106e91892227a,2
0x6ae23c6bc8ce8f352639a0a4e501545825cdbeacb83f1e26f2af714731ce9913,3
0x6ae23ea4bb3ec33e00fdcadd109e90a3c8c6ae22,106
0x6ae24382498c39edeb623c07321f7d119ca649a4,31
0x6ae24533874839bbf06e490b0669fc078abfae1d,1
0x6ae2471d192a5db2ebc74f1591e52bbd579e977d,13
0x6ae247660d2a13a0997e82f844ff2ce1e3bdb8af,2
0x6ae248e399eb0d8336c99d2e7a3b2e9e5dba8bcb,39
0x6ae24c6285b86c6069c6420daa74df80bba4d342,1
0x6ae2511ed60c479cbb683c46f71a1a78123342b9,23
0x6ae2549301bf56198a22d814e921ba3e2acd1d5c,26
0x6ae2574aecc83b271ac8c455bb26131286383e67,128
0x6ae25f1f6b16b7fdcf2d39fa38b4138a0a2298dd,42
0x6ae2604379949becc1762e5b58c011448107ee0f,34
0x6ae26815d4438e8523ce1d0bc1ff274025146679f8fbbb4b1d9a191ca3be7a4d,5
0x6ae26967e479d84cf4b7a10eed1ae2c0d79d3f73,1
0x6ae26a24dd0ec673f9e174ed4fb1b6cbdce86be7,34
0x6ae26d173a9baa77854ee2b49ac8e5018974f59f,25
0x6ae27764c9974c9c61e3b45a251c2b6bcc47b945,2
0x6ae27838603ce2752d321077c2da5a7482271e89,8
0x6ae2796ab60ae3cc8312d0ac56aebbff9b98200b,1
0x6ae27fcb540f8978c21376e4b5bedb81c59211eb,29
0x6ae281eadc56e70f99a9079fdd97b78c59f983b4,13
0x6ae28b0db6e7b576607fbe2499b8a61be5d3db22,24
0x6ae28ebf87838e79dc64a1c45e20d5521378d3dc,98
0x6ae28ecd9c60e3122127494602b4170c38066fdf,3
0x6ae292afbe0a09597addba94eb8b350ae0bd8ce1,1
0x6ae2937c577c309c6c40d8a772e4a052df233bcc,1
0x6ae2960e8ee28875c3b8b0469ed84c5d625cc13e,59
0x6ae29787fd5f9019f989e2069e0e2a1afd551eeb,18
0x6ae2980ee168228a90f905d3e8e0ef1a71780138,14
0x6ae2981c598db8aa3170e019df9baec7bc76746e,1
0x6ae29c025aff0e26b9498dbd1e46f9ec622519ee,3
0x6ae2a1e9e89071d0c49153cc73f30edb51397924b089039c0ece690a336f989e,1
0x6ae2a476b67a69fb3a45df7330edd3645a12aa81,7
0x6ae2aa5136d8ce046d6e5e01cb920f2e6c921b5f,12
0x6ae2abd8b83d4aeec31c4f816da63fd3b5db162e,2
0x6ae2ae476eb4ce0981d953be5fc808947ef6ee236308ad0f2d9699caf6edec54,1
0x6ae2af6234df3f0fab0470031c58f101728be8c3,13
0x6ae2b1298d62d266c93c88be87afb324ec0267c9,10
0x6ae2b2232ba75f382118ba7c3eecf98aeed45a7b,46
0x6ae2b7c49a01287ca71a549af0af59595a49679c,1
0x6ae2b84e1b3d91f8915433a80f1c5db51bd6b188,25
0x6ae2bcefa700e988c5dff8d59766721c3346e0c9,1
0x6ae2c1c169cc86460ac94089d86afa79a187e244,2
0x6ae2c43e2c8da5a0ac5df4d5ec1579acf2c8ee4b,2
0x6ae2c579f7d99414212de3feebed8c56a2192fdf,1
0x6ae2c6c52f9d45768ad12c363de54fc8b6842620,33
0x6ae2c845ca0f0082066ba65d09481297735174b8,3
0x6ae2cb199764f456ccdf9683a10472960cbd77b8,32
0x6ae2cb7da42bae4b8280821155982d3d51be147b,14
0x6ae2d653471d25fb02aef1ef84faef056a98d099,7
0x6ae2d6616eda782d8331c9d4c8c81ea107930d06,4
0x6ae2d92663bf9ef0e126ac3b1979d602ae190cdd,30
0x6ae2d9742e761289013826a5bf8765d50a62f107,1
0x6ae2dd854cd86d706ead317c826e0632c8ea26a7,1
0x6ae2dd9f6a437a4c123b0256a75dc55c147782a8901f474df707fd3cd0d3d63a,1
0x6ae2de3cd8907d9185e6f59a96268eb77bf53df1,54
0x6ae2de76156e6bce6126560f922256b1be63b8b9,83
0x6ae2de9bbe3daa0225bf72c2afd36341680d470f,30
0x6ae2dee107215629c62958945edfed6ecbd64328,1
0x6ae2e0f802593e8f1076ad65d636c8253ffbfe8c,3
0x6ae2e3a4ce91fcc671568f37dde5407093769eb9,3
0x6ae2e70fc194f516e37eb95b637932a35b321356,4
0x6ae2e729e2bf725370ead170981ed896331289a4,1
0x6ae2e84e3e78bbc4b442b73f599e0effc6816763,115
0x6ae2e9d3df9048243869418ebf685bf823b7e29d6cfad6f399f277ab66734058,1
0x6ae2eb39ba4208cc757a9f08647e70e6ab7cb899,7
0x6ae2f457f88be265ce91a093ad5c63fbffe8da7b,6
0x6ae2faf93c96f6930ea9fa0bb38dbfcf58e890b3,1
0x6ae2ff585a9798612ef28cb7ef81df207bdcc4e5,4
0x6ae300a2af6057a8baebd61fe191f31cf70f6252,1
0x6ae30429808aa8f8bb3f118153bdfcb87245ce6f764beb27fea27813a161a096,1
0x6ae305c63bd632150dcbfefafa6f6bbc3307c3ef,1
0x6ae30d5f069a77b743193ac08406e57853a49468ae8ec96c688e7e63cdc53eef,9
0x6ae312fc31270a00f9c03458652ec7879c6ac54b,1
0x6ae313d472e753206b948a86dcd1cdfa97de4fc7,151
0x6ae31b71e1d3fde73a83f8bb9525740d42163afe,82
0x6ae3237c0f7bd8d5216179b8973b623b48819a26,1
0x6ae32558aab702651407d9fb74f723b347b76f0a,8
0x6ae32b04f8a293dec25212d9527adca46f1147fd,9
0x6ae330170b951d87a8cf6716150ed9a7679b4929d2d9fcc7599d3d0f3fd492bb,2
0x6ae335e88f65ef7bdfdc3742314c6f43e4d00319,8
0x6ae33cf5bb45663b993f45f377267bb6bf334e07,1
0x6ae341a40612b83c3b5b5a2bc30085b1d3145b3e078ee6a216e0773ceab67d16,1
0x6ae342babfe4022417788aa4dd0a142990391923,1
0x6ae342cb8b1077775556d526ecb06dbab550d9fc,49
0x6ae3433e23ca91a1762b3dcaaf1697cd1976413c,6
0x6ae3441a651ca3ffb1541ecab179a57a6be6450c,3
0x6ae3456cd19f5981efcc0fcd1af9cbb0df587dae,1
0x6ae347db0d5020523cbcbab09d321527c487cfd9,2
0x6ae34a526dd56deb3e49d8f335428430daff22a9,86
0x6ae34a74b2933cc8e3c2fe6fc3c5c0239316a85e21ea0293308054065a3853c0,2
0x6ae34c1ef97b0bd18fd7e0328eb47be11d8f672b,15
0x6ae34c6d41a2296f99f3a6208be435c26651b0f4,29
0x6ae3545f2e790b6da95fb203eb012904465b0a926c59c9db7884ca86cdfa804b,1
0x6ae355785da84afc2d15ccb48eae33d1b09b81ff,2
0x6ae35578b21dd5671c88ba9fac20520e9fbc6786,12
0x6ae357d32f86752cb05c3b5773172c335c21a443,13
0x6ae3590d18b37f91549abcc04bb1a88cd43cd6bff44714a469774f0eba6d6134,2
0x6ae35f00995c127ece944096a24417402165001e,1
0x6ae35fc4dbcc660b633479171917b65a7d9c96cb,1
0x6ae361973044ce2e1dda138927a51a888fa9acc4cecccf5accb2b9c04126aaa7,3
0x6ae3620806117f65c5d416692163b451eb320330,118
0x6ae367d761e9e0f5a2899920ae21c78010cfb353749e041c45cb3a4e964c06c6,1
0x6ae3696a211a785e3022eb1d27f06174d50153fe,105
0x6ae36c53e8b761221b8c14453f9d8a28f380673e,15
0x6ae36f698e9ecc968935e6d087382a1d79c0455941439470ae9f259c986975e2,1
0x6ae3759bbe6723480aaee3b451e37a8d8971bf9f,32
0x6ae377ec8e02e3b22d45a9702ee7cf04f30b33f1,24
0x6ae37abedd60199a7413b2353a9614ed29864843,77
0x6ae3809035df07ea809d10aa4cae72078f735242,2
0x6ae3840758952164ae976cafc53bd581cf6319ac,1
0x6ae3840f80e89635b8e312b54132e8fbf88a63a9cd16368cca000a3ae574f821,1
0x6ae388304ebbe38be2d37a10cb00c395987a9a62,26
0x6ae38941bd61350e5ee667a4f575d64745fa9ec71a6f5d1888121c76d744c59b,3
0x6ae38a169da55d19444962fc346b02b96720dca9,18
0x6ae38d6b5363f9188dc1bfffdc04d35feffff041,9
0x6ae3945362b12c01c1efc1c9da3cf59963307924579160eeae9f86fb09f800bd,8
0x6ae3967183b2bf2f8b9ab1515a827721980d540f,41
0x6ae399dfa5c4edbfb59c73046d6e08eac51e426f636dd63b1d571c2954cb035b,1
0x6ae39fe88bf2b50590075a5ffeacf06ce744ec69,1
0x6ae3a0035ceb26300576bdcfd9d145bcf04f552215358b001ee10d69adfdb2bf,12
0x6ae3a57f63839d89c481b9e83847b7213a592b21,15
0x6ae3a5b9f6503560115bc9a909e3ad3c98e0e23b,1
0x6ae3a5e25de9d723afe84a0bf5953413a7a3c860,15
0x6ae3a7972072ffcf35d5622ac453db9d847ffd62,6
0x6ae3a79a51c241460357f1efef54e8f21c51ca60,32
0x6ae3a863a25b3080c446a335e4fad4dd36a36e5a,7
0x6ae3ad0891a90ee32905f0b74e8cdf78d7c4b69f,17
0x6ae3b208e9e3964f94a21e1bc690fca94a093303,1
0x6ae3b38ca5dd6f937898125324c134b67b11a802,13
0x6ae3b9ffe443577d82425e4aad527eda38f215c5,1
0x6ae3bb94bf0af4694ce483c2f57b1844ebdb77cef0d4d18cdfdf3ddf6bf1ca7e,2
0x6ae3bc91efa7ba193ff6bca6f9cef0ffaf9be544,2
0x6ae3c41a849c2a9bfef66f3851b8f22546fe09c6,31
0x6ae3c4294b69d219933273c527847f97db81e1aa,1
0x6ae3c47ec297a030a07f1f2569619d44c0f545bf,2
0x6ae3c559c7333c32aed96e63ecca8fcab5f16755,1
0x6ae3c788ef68939b6311e43b12ec9554caea233d,8
0x6ae3c875c52f9e640be5ebe8f96c7e06121e5ca6a6becb84cade1f040f069910,1
0x6ae3c8abf41556cb6544efb02d2a1d68b9647583,1
0x6ae3ca924d2854fbd319a12404f081b6641f31f5,4
0x6ae3cb35f1ed950b237a6ec1081b2140822bd19e,1
0x6ae3cc95e16b87900232a89ee92f9c7b633621c6,28
0x6ae3cca6da18acea91ff3e436aa6cc7998fb99ca5955aa617d0ecd5044b8ee2e,4
0x6ae3ce583504bfeaf22573c2fb5eea4817b374af,1
0x6ae3cf698e84a9e0e207a87da670cb1c44fca254,27
0x6ae3d0304e4cb41ef1116388da7abbb6151f7fba,34
0x6ae3d20d3df2d2146c9ce68d561671f57d5e8354,30
0x6ae3d3d52e70a76c645cdb7df12750d15898c66f,62
0x6ae3d46000c0202022f931a7877c8f4b25fffa14,83
0x6ae3d62013dc27321386347fa08f27b88762a1e8,7
0x6ae3d828a0f258cbbd9fb5377845ab7e4d785b34c4ae5935a065f91bb93a6442,3
0x6ae3db5b07b4511e0dadcc5ae525514f4dd08a028913e94cfc9ab55ce8bf7a53,1
0x6ae3db73147a542467aac91c71acc44fb3d9876f,6
0x6ae3ddf82882da4cd3b5eb731f0a88149a58f0b2,2
0x6ae3de588ad15ff2991e2908eea6d379b75bc8b8,59
0x6ae3e19f2468f6afe1d228bf9b8b270be38d78cb,3
0x6ae3e766b100079ede1d3c1a7300718f5b0c0bf38816b3b75eb8820fe5debdbb,2
0x6ae3e7de8cf761415c89659cb86bcf9b5bbb1f0a6680644eba76337004cc9495,2
0x6ae3e8a4bc9575bf14f9be7391ec6d940b842f1e,58
0x6ae3eb6f43adc9efed5b8e3aeccff24a5f1e2058,1
0x6ae3ed4df694d8ff47294d7e30dae16ec6a689cc,28
0x6ae3ee61cb5a4058aff9868a002a9733af081e2c,28
0x6ae3ee764d47619c1b86d384758a46d5d803a3cbf215038e41047c87d04e3312,2
0x6ae3eee2c0a642317924d361b901ef1c2d34ba09,9
0x6ae3f1b377a4445e2b8460cef2a926fb6044ec55,1
0x6ae3f96c65d74a9636a19b81c0c0bc85e988f55a,17
0x6ae3fb1c617f086b856e7514d0322dd91e4c50626cd0989f8f09966ef6575ee1,4
0x6ae3fbb06f0a190e4726b367a0b1d2d1f40ea83175ae017d673a0d8513f07215,2
0x6ae3fc009f85f76e7320d33be199c42ac041e592,9
0x6ae3fce641d6d0d8ac024b3312ce1b1af5a6d216,65
0x6ae3fe2835d1b863584065fe7fcce1fdc6405a56,1
0x6ae404e3a8dd7bb63291e59abc9e19539ace5090,3
0x6ae406d93daa57ded608fd0a95916a688d303f47,27
0x6ae40e6709d6f0b5c926395e9ba60ae7361e44e11c204190213bb69f5a28675b,4
0x6ae410a78371f1a8c279519c130d56b9431081fe,50
0x6ae411367cdc81f025b57edb63fcce7b3bc6600b,31
0x6ae411f3ab7f9ac02ca1dad43c3e63c7797528f3d426c0668302fde6e5ffb02b,2
0x6ae411f8acb180d888ccdf6c932c5bc6b4760426,28
0x6ae414816c81131c19671e85053965c17f2e9e37,1
0x6ae41628ce94cc4e1df0a4328cc5fcd2d4c6dc65,11
0x6ae417297ee10eb2b9a2c3a33f1622367b6a7fbe,3
0x6ae41bc4328787d9173d6fede4f2bace02fdf317,1
0x6ae41cf475257cac6896a972d56c82e2fe4a9cc091b0bdabbb407a339aec8028,1
0x6ae4209c8ea0c9dd4a4755bb37d6372912870be1,4
0x6ae42303f8383a96fc4dd54075b1f73458475ff9,36
0x6ae42813903eb1257ee7974b3db9654cf850927adbbe5d6641e739ce62be996d,1
0x6ae4283d9d8767c015c6638debe0cb99d18caab5,1
0x6ae428c36fb64da5e5c2d7028f13675ee482abdb,7
0x6ae42cff1facdaa4bce1d8c921b7bd7de813b258,1
0x6ae434e34a1d91c1001251ace60157404b8c6500,1
0x6ae435b836739a035accaf6222ca97fa95cecc5c,65
0x6ae43ca0f996c7b1dbc17e9d25da69900168ec57,39
0x6ae43cf5f41e0a3e12ff3223517170aa514f08af,1
0x6ae43d945a4daebfcde3188b94759e46cbbcaaaf,1
0x6ae4412ac919578fc903c68e9f63942981c2392a,41
0x6ae4434020559d7d45a940dd98914d04c12193a6,52
0x6ae446e067662a86fb0312a87702b5393ee56499,2
0x6ae448872f4d3928674e41b41fb981a4e2c5d97b,3
0x6ae44b97b5dc340677e1b0aeb30b01c48c568f20,1
0x6ae44e10008beb786d69bd2051390512ff4466c9,3
0x6ae4513fdbf50e1ddfe9d38f2602220ed55f2052,29
0x6ae455785ba7291570efda98274c37da3537185836fb35e12e5b90a704eeb1a9,2
0x6ae4571759625decc56a73fa79aa381d3b9cd0f0,40
0x6ae45853a729decae07cb7f6ab5617cec106bf7e,14
0x6ae4596e403b7b348421f55cbdb7175358c4dc4b,1
0x6ae45aa4e4f7d71e0caf44ab495ad601cf780f5a,144
0x6ae45b686b6f2be15a3bbd2169f9c54b07b72380,1
0x6ae45c27d8f3e82174782d61e432e815a56a0610,3
0x6ae45d626d2ab46b578f2d4420299700c40c92da,30
0x6ae46b3b732bc9fba23fa310e36196dc31b0f688,49
0x6ae46decac130e43e0a4f036bbac3f0b4130d2eb,1
0x6ae4714c76c891dbba950ef19e0748a4c2124079,3
0x6ae47560d9318f321ec375f71b1cbb541da62c36,6
0x6ae4773e18da017b2282220b633066b730157c34,10
0x6ae4776e8281b9cdfee4f2f0b631eebd5c729a24,50
0x6ae48194c38092c1c9c913cf81d6c4817634289d,94
0x6ae481f1797f13b3e154381acd6b69ad1b3c9dea,20
0x6ae49160249a0f5770787235412b39d4b320b7f9,4
0x6ae4964fe4dcfaa0bb5215a869f834de852b0244,9
0x6ae4985bc3f83c063d2b1a60e01e3a964be1ded8,1
0x6ae4a2913021545c54dc9e97dc9f9c93aef1cf6b,68
0x6ae4a81445bd9a029f4e6892a1b531fee5d31be3,1
0x6ae4a91f28691c9e0289305e0ae39d43437a597c,56
0x6ae4ac675656fb3f21666aab295d9e3ce9f62c9e,2
0x6ae4ad18478d6b7c73076104a8668e0f061721bf,105
0x6ae4b175a689c82f2f125d3942e4aeb4be21d245,1
0x6ae4b40e71b1024843ed44ad87eeef6616e40342,3
0x6ae4b4510b55bc35013e254777998c7c09b8d9e311725397af467ab00b48346,1
0x6ae4b8d9cbf4e5b14406e8221b56a312724bd9d1,33
0x6ae4bd702721546f6791f423a1f1263998e04b5f,22
0x6ae4c2287f7e7255012b12fda579f36cd93c9bbc,1
0x6ae4c543708e3d516ad3953aa671062c7ee6ae89,1
0x6ae4c746a66f8d41564ecc34159e83c2ca5ea0d2,34
0x6ae4ca157fc334950b28e30c18ac95edf4f9f475,70
0x6ae4ccfdef85bc5e489146117b8439c4f814507d,3
0x6ae4d04a4b22c2552e3f9f545db64647b8a314ab,27
0x6ae4d0f53ce283f67c6fedcba9ae92708edef689,2
0x6ae4d15a37d18db446e2f8b0155bc1d28573a089,11
0x6ae4d35d05a46b7f3d4bd0d1bbb6ea62df75de7f,20
0x6ae4d488bd69874ee2110a5ed66f456c28f9ffefc8d3ce95b1733f9049ddf5a8,2
0x6ae4d5b7340fcc4a9bbe6a88ee5b30d7c41b28d8,2
0x6ae4d66baaa066916bacbbd93da748e27d48758d,2
0x6ae4d6a2b697e54494c987f3bf4b5d76b3ef77e2,2
0x6ae4d850be2889fc8d5064406a61ff32045f4a70,1
0x6ae4dcc8aab5d0700bbf158c6ed26d5175acdfb1,30
0x6ae4ddf644da069ef94e6ebd1df514161de8fe35,3
0x6ae4e6e74c691a05d43cb7c0ffd9a245f38e3228,11
0x6ae4e6f218a1a99ac49c98746098f4cb5b4c80d6,1
0x6ae4e8862c788fe9882d51f674ef528f1ebd1a89,4
0x6ae4eaa672b5d2aaaf86d1f48bc9f73b5c68df3c,20
0x6ae4eaa90f39ba6826fce2c687b79c8bca31a270,1
0x6ae4eb2ea8dbd6f57d39e173195e4386def414b3,4
0x6ae4ef99991feb5675b7c94dc8ffc409fac3d10a,1
0x6ae4f2bcba3ccb69f6243780c7b7c5c9dcded018,22
0x6ae4fa803e47fb409c1c9652fc823f356a77035f,34
0x6ae4fd025cc3d285aa67706f3bda05c803a6042848d0581e15e22772149e6f53,4
0x6ae4fd05c945249cbcf20845773423dcc7596e57,2
0x6ae4fe3413f7e6bb77babdd7ed8a8b4702ccf488,53
0x6ae509eab4d61bc595882acf93f135b0c49e5f493a29d3df85d2173304e0ee21,3
0x6ae50b75cdfb0cc9ee8485aafa9ed848e7e5fa8f,5
0x6ae50bdd0d15a6828a96a69629f359803fa93cc0,14
0x6ae50f4c5dffbeb84b4b4fec84133bae37c1c9f4,1
0x6ae5126a8ad907d8b0b0e164d8b187a150e38a91,1
0x6ae513c931c5a8fced2ad2d27554bc3e7deeaf35,1
0x6ae516d428e1037ec27e27230763e0475bbdb21b,39
0x6ae51b0295c2c97603cddada5531a5244b114ec3,11
0x6ae51e8eff1e621326f643ba3dc6ab757aa2edfe,1
0x6ae51f1837c09a91457cd6b04fb31289e44d3e44,34
0x6ae51f5325a9c8eb6a56c8528cc51c5b62cfd6e6,12
0x6ae520c3845861dbd59f72e43b4d28e9694144f9,9
0x6ae53c2388909f833d4741ceca3c54ed37a72b79,1
0x6ae53d3f5d107ef1182b8f99b3408a291f4c73e5,62
0x6ae54050089a334afe21120649545e5a6e6eaa9e,4
0x6ae542a05a91f9c25577d5cf0968f38b1d49dbd5,1
0x6ae54716dec355cafca184c5f1d5cfd939e1e741,21
0x6ae547d283455d12a0f5bb6dfd3bf8c6d79cb54a,43
0x6ae549d27ce3079031688dd0dcb1323a9741e2bf,7
0x6ae54c07a4a6419f0ed4f3ece2d9517e1877bd38,11
0x6ae54ee60b90ac6b6e4e56c94fefd72a9905ace7,1
0x6ae551605a9dd925eb359f31f19ed35e06996b31,2
0x6ae552caa867beada95472ababd20acc61a04251f82b67f7a6c8494135112eaa,2
0x6ae555c143e3080738c6bd79d3de635412121177,83
0x6ae55706e93751440d23faed249d626ad926a29a,55
0x6ae5618b5323cdcca6dc6fb1f09888521a833745,14
0x6ae564821195d8152d43c820adc101f5831439c7,2
0x6ae56497e7f4507ea097356743cd3761050bdaa311b476763bdaeb04ceac573a,14
0x6ae564b13f2542fe2677320989ec2829b3707fa2,33
0x6ae5651c429de421e969e7e5fbc749a45e09c33f,13
0x6ae56576a176ce8dfbad8d08ffc3d55ff9336011,1
0x6ae5695652919057d12fd312a470a1c9d882ffdc,57
0x6ae56e6d4e41ce55de010b5a37d8a9aa2606aff7042c6d334b3a50bbfb2922dd,1
0x6ae56f6e9b47d70f824234ae7e36924828574ddb,5
0x6ae58552a428e6c16d47e6575c962f2279d51ad7,2
0x6ae58ae18ab640b9e5b55b6efa8d061e81522c81,67
0x6ae58c84e4d9e6c54134ad87f13b2b3ff5abdb79760d97b09f81fedeb60bb3a5,1
0x6ae5944536df13b10fea484c2428d9716ecb236d,34
0x6ae599bf7b61d7b4f235fac3a17d8b5b648619ad,1
0x6ae59ab20e56e8f6a659495052b1afaf256d39e5,2
0x6ae59bd6ee3ab563adcddc6cced21883a079302d,8
0x6ae5a1a923ae600148f4b04aa0ef7a5e7a36dced2bd295381122138ad7439511,1
0x6ae5a243a61d582de2332fbb65bc46254f4fb5a32299973b0602d2426ecc15b4,33
0x6ae5a253bba6f028b788c3be03baca9c9ff6443a,55
0x6ae5a28b6e6bc76b33f6e37a7bb1b1ab8e95e1da2670a324c3bcbd7eb84d6d1d,2
0x6ae5a54e13b765464bb7d460f62a934fa7fa5517,34
0x6ae5a761696228b0582aa807f45639d4a88a6024,2
0x6ae5a804521d17a68361c766303603e04ebe52cf,1
0x6ae5a8c7e389555421152d9e5169a1e326c69b06,9
0x6ae5a9a0fb1c19415e350fe0d4691d242328e382,43
0x6ae5ac7126586acef6de84590d2b386066c39919,64
0x6ae5b3210a8a1f67ee48cb1f275c6d7df2cfa2bc,110
0x6ae5b441bf5a858dc50e2cf44ada008e25af9152,1
0x6ae5b7c425efd4956aebdc3733cedaef53d9acb3,42
0x6ae5b898e4e1e5d0a675b30ef99efa661f40ef5b,1
0x6ae5bb352420caa8f5e2e2948b90d50b7444df42,21
0x6ae5bcca3be96bbabc1d51fe88305ca911912e529fd8360cd0a4ee02783a9324,3
0x6ae5c8bb202e39f7eb885698c1ff4a109b98c2af,55
0x6ae5cb626d381f0ba3f2860a2bfb2e3e653fd3f5,1
0x6ae5cd4f3c68df1afbdabc36edc9748ec3dbc30f,2
0x6ae5d2cd613d0de255b29e6e3a2aa50bd1178259,2
0x6ae5d303659600929f0ef54ea1a65c1cc1add8a4,1
0x6ae5d39f8b6679a7791da297f468facdc9b6374a,35
0x6ae5d6fd36f59e76e3c50b1f0e97fa7d936e5a8f,20
0x6ae5dbbd2fbe8d5f9ce895b9ede06463199d58aa,3
0x6ae5dd2ca3847ab2e8954b2e2b20b41912f21d51,9
0x6ae5e17d1506bcb4ea554e512f663e8cfc665e3e6c2e7d58252692d06467f6d2,1
0x6ae5e225a7df2f56af79109666d728b2e2beaeb2,1
0x6ae5e517926d6365c55b27db22a4bbbee188400b,1
0x6ae5e656de775847d5b7fdb62227b47b8b19b5760ac262d79d71dab083b9c91b,1
0x6ae5e7925d31365b9d32e84006bb158ed16db8b6,3
0x6ae5eb980d5c473383ce95e8e333b905832f7a51,1
0x6ae5ebf3cf1ed4c5a986da83cabe777d611c4a32f0d0b9c1b142915e1d00586a,1
0x6ae5ec0e6739bc28d179b1dc24a6d4100f11e06e,4
0x6ae5eeda065657d44ef3c7bdd94849567a246581,17
0x6ae5f21b660e3d26cbdb66617e65f9a37468d741,1
0x6ae5f3bd979ade0bf6ccfc12fccfde24660c93a0,3
0x6ae5f4a47978504f8c24f64f6b8cafdcb54b9d84,11
0x6ae5f52b844eff0d16a15088bb276e5203c2c348,3
0x6ae5f53de46f8d644a2dc12cc4a32e8b00813795,1
0x6ae5f8c8ad196e9c75b836eb1917dd8f45ff0ce0,1
0x6ae601c3b21b642b5db121dfcefa728329f1e900,97
0x6ae602be37915076ff3b0803f9f85a87799076fd,8
0x6ae6087ab2c1012e186fbca39f3ff2028abfae71,2
0x6ae609dd2be9c7ac07974ab3c8086fbda1a702d6,19
0x6ae60a9578fcf6e96cc1aba5e8c541c5002705cb,71
0x6ae60d512c6cf30bb9cc734d81b0bb1c055d3b25,1
0x6ae613b21f8b10d27c5287a7132da3a5558022aa,1
0x6ae614d1e511cf6db9c55007d3e80df16621dedb,13
0x6ae618f8bbc9c51984e9b0a63aa2879b5e0b76b0f3672e24d5accc4042b5aaa9,1
0x6ae619108513b8d35066c6ca358ea2dbdc36287e31f37a955140daa997c6d877,1
0x6ae61bb1a9adee0fe731847bf9c25aa506397befe759da2e69d5bbd766e117f9,1
0x6ae61f686ef5a2ea7e97d7d6e1ec9466f4581430,2
0x6ae61f6ce618a7a3b8c048819187285b5e587da7,16
0x6ae61f9d7c3fd9938c6290e1cbf39c017662e488,30
0x6ae6226d06b1712ca02ac1e64be43b31dd5b4eb2,117
0x6ae6240842acd19ffb1cbc968876831f78a0c633,5
0x6ae625bb6d82cd2a488ec50990d4e697a8b8a5da,1
0x6ae62d104605b6d8519d3424552af1e198586dcb,9
0x6ae62f14435102e63ee900c1ebd66baafe0499c5,31
0x6ae6344406691551041a0e678c4069e0a80060d1,8
0x6ae63b7a339ec49f4119491290e5d577dcd26bc6,59
0x6ae63d4b2b3ec3f80bd73885e1bfee53882539c8,43
0x6ae63d95fd643361d07214d01ea1092bb357ce38,11
0x6ae63eb5bb41e5083be23efeb7ca0cb387f7bdc6,10
0x6ae63ef9b0992f0bf42ad34f158f0a4174d85a6d,19
0x6ae6414e01723aeb83277b36ac6bebc44a067f6e,177
0x6ae642c5052c1e51c04ff641420143b0a7c3624fce78ce671e34a038c88ffcca,1
0x6ae646db8a7f4f1986def52c3ca49375ab6ff602,48
0x6ae646ee1258ce41c01df14acd80bc0ce10e7571,159
0x6ae64840c12f7add70865dcfef8b99229b495b53,40
0x6ae64983ee4ee6e2195aea8804057061f9263f53,8
0x6ae64acc9ff7fa12ad7fdce9340a2fc343df37f9,1
0x6ae64c9fb2d8ab2239d4ce14b46455388e836b4dc33d50d8e4e9d3a2fdc0d00b,3
0x6ae64f9630d3ae72eadadea999b01c3bba75a754c8421ae5357d0dac3ee4fb9f,21
0x6ae64ffafce2a92153ae133f60bca8b1d7e590cb,43
0x6ae651fb5453b3687397495d7a566ec10abf05df,51
0x6ae6536f623af24e172520bed587f50dc09464c50a736af5c5a6f7827a1e0d32,9
0x6ae6553c21815db25e924be03da6fc68118292e9038ed8396a5a75cc6470700a,1
0x6ae656fa7619baeafc51a920638ce6ef8064c491,32
0x6ae658f8eed0e5736bdbe6731de5eee36c7f89f6,2
0x6ae659853ead9e6a8ceba12d90ed61279e084fca,1
0x6ae65a7033a84bb36778fea6607a25a0d6c8ee50,1
0x6ae65d33025147b9ad473419433ec788e889829e,38
0x6ae65e0177eea1ddc387e4fc8ac14a0cf7f3b5f5,9
0x6ae65ef763c0c574766f2813a5fb047eb69700e1,1
0x6ae66021f624f0d0b3a0859599543afc2a0abfffe7f18c475ef1de003a97587e,1
0x6ae660ccf6dd3a1e3fe7db3d079acc17bd6d8c09,5
0x6ae66298c796425ba087960573f7c628aa361dbf,32
0x6ae66353d84116b400a5a929d16269e0fc0ba620,14
0x6ae663a8a5586d28d3c2e6b103b902c810fe5637,23
0x6ae66f3728384256935d0f97de21005a3e2b9335,1
0x6ae66f704d682c4900945c2085b2587a33e43656,22
0x6ae66f8c8afb54a1a87a1d46ecf788b00677915e,26
0x6ae66fd7d32401646b3a12f6d85b882ad35704fb,2
0x6ae6759dc08a48432a3e6eeaecaabe3c2c6ee762,31
0x6ae6771e9e1281a6e9bf9d8368e30af7064a02b2,11
0x6ae67aeb2f09d550302ff5b4091367a7f613640e,1
0x6ae67c7b2489561f29978850e4b23fdbee7d598d,1
0x6ae67cd87b2d3bec91b3dbea31f3208ae839ca08,33
0x6ae67d2e61c67c9ff0d155328e6edf9ee5b17863,2
0x6ae67eb011ed0580c7c0e5c1d3671937ba7519c4,42
0x6ae684814dfa87c7bf09b760cae145b667e9f3a3,34
0x6ae68589bc3b74ec2ae03c52864d90f7e52e2ab7,64
0x6ae6879e51e3f7cde70f9bc21f0c861d7f95add2,1
0x6ae688c048470da22f1b968a174f7cca039abef1,1
0x6ae68be08f94796343a20ec888b8d76fb49aca9f,1
0x6ae68bec21aec25fde2c910b1ce6c40553eb8cd5,48
0x6ae68d2bf0dcfb281941a32170eae45f6b6ce6ad,118
0x6ae68eb2fa416fe091803fde014bbf7475468979,1
0x6ae68eb33a0d5172f22021dabdf23c37653330cd,2
0x6ae6903218bca86ddad2baed14bbabcda027245b,5
0x6ae690771a680f2631ff3305224f05f8fa195113,41
0x6ae6941a026f4873c399a2b829a3dd30fcd85860,9
0x6ae6963abe990a87e09f49f645463cedda7d127b,3
0x6ae6994d4e7f46171ceccdf1ffcd7ffcdedea8b2,1
0x6ae69d57b0627d74c32a7ccc1d642de31efb0a1b,1
0x6ae69db0b01e6e62aab5a77cc139168ebe20f52b,1
0x6ae69e12454e50e0581acd2957bb736d45e238c7235150e1e5067285343e1ac0,10
0x6ae6a36eaa65b0e53f427b879cc59ec9381074c6,16
0x6ae6a6a260b9015138d68c579bfb0533e0da5352,4
0x6ae6a8a491c75c71cdf3553ab68e43f71036ca447879689950f49dde8e7aa84c,1
0x6ae6a93ab9af960b1715b4b4804e6baf57ac810d,3
0x6ae6ae3ae37de7e368d6a3b1662a441f9b3dd7d8,46
0x6ae6b214dbb1868ad0c026384b6d49a960605ed7,9
0x6ae6b3c0649fa2ac8a8b6342236b246d7fad6385,1
0x6ae6b524862b2b84dce2230f6ab845bf47b1d98c,59
0x6ae6b58c9c29365464d1361feff04c2d95c39881,1
0x6ae6b6108685bdb817b8226e3803cde5c0888007,6
0x6ae6bb94b87fa5eef2ca61b923bc384bfdccaed9,1
0x6ae6c0ab691152ae59f90265b5b0c52a1cddc30e,30
0x6ae6c19b7855636e39d10bcb145ae7ca31210302,2
0x6ae6c405c7ee0709f9ef9fad9c8490a546e56956,71
0x6ae6c80f0fd1adf3c7a9280ab07ca4d68d1c8263,1
0x6ae6ccbaaa495a89733f7c52e33857468c1a05cc,99
0x6ae6d1b55a67499af33e7c644ca3dc70750b5f4b,42
0x6ae6d97189db23613a966f97e9d9f1aa62c2a165,1
0x6ae6d975569d1bc8e1c9266a15ce3522d2a58252,1
0x6ae6d981c55c5d9ce69fa5628ac927a98d8579b1,149
0x6ae6d9ac58b9dd96f1afe713bf3c3427bfc590ed20f16c671213b9253a49adc2,3
0x6ae6e61b73e95086c719c0da86ea076162862490,5
0x6ae6e61caa07e4e30cf3bca38847566ffb2e0ee53d5a40dbc6167dc79268f9b4,6
0x6ae6ebf96208fc22e36c31b9607b39d4c5a5fb98,53
0x6ae6ec7e2bd5f2a15453b73f43059306e6d7a2f5,1
0x6ae6eee9c3e6f44b617d3263cc20d8b3c3b00331,86
0x6ae6f1c134cbb5a8cab6b152847b7bb9e56e6519,2
0x6ae6f3d9b78cc02fe7ab69b8f829144dade31c58,28
0x6ae6f9f00181ffde800db40436e9d8210af5f508,1
0x6ae6fcc63c885323596891d97c61253f95e1d7f2,17
0x6ae7007af1b6b68035d55b14c3c9c0c7c01e1f94,2
0x6ae70461cabbb2192d323ab6daa8d5b1470372d7,1
0x6ae707d074ed10b91b62c7e068641f934e95137f66a20ba3561bb0bea5faab9a,1
0x6ae7096979f455a534ca2f7c322b2027d01c1eb6,70
0x6ae70e11522808b0b4af8c8b8f4b41c02803ad6d,23
0x6ae70edde4ae6c79c6b8ab948336103a1e224918,25
0x6ae712c2749f3aa9af0cbc2ddbae173ec8d0c8db,8
0x6ae71d60e5f31de51a37e54179e19a4b44b563cc,1
0x6ae7257fd63767721a5021387e1f41817ba12f8a5f00531894810ac1a94c5077,1
0x6ae72945f55975af3f06fcf3202cd47c8ee3dadb,3
0x6ae729d837bc222206a19b933fc867d14196e59a,1
0x6ae72cb77dde1efa768362d57a3ea3845c4e9814c3abe7f0f7298253ceffa789,1
0x6ae7323f4fcd2527e260d36f9d439606d4490ba2,29
0x6ae7379f0c089a4cf633dea557eaac2eca48e2c1,5
0x6ae73a69536bf213d70625312624b880a3f1efaf,3
0x6ae73d1a69ceaf9e6b0ea081aec7b2bba98c8181,121
0x6ae73dc58a017799d56623314f920a518802e38429de645e8e0dbe1d023429f4,1
0x6ae73e3380bcd3cfd1dbd6b46c0212737795a118,31
0x6ae73ec4b73d5796f194790ee5fb850d4b5ef577,2
0x6ae740eaf309bcd835c149cc916d6880e3622f46daf8e6425981b59fb51d4bfe,1
0x6ae741c9a6eca326587ae68b2c99bf69f8238925,4
0x6ae7434f9400f0318a7a54bde77424a3b763b93e2f6ca8067934a7fa53f67261,10
0x6ae744e15d6249828f98f0126af4082d5152c5c9c64341e5c66b87e7d107ca23,2
0x6ae745dac396fa671f33ec1db88649a3600fef00,45
0x6ae74620c38e276efc27aacde8da2c9f0a821481,55
0x6ae74ae3d54857b8417cf3351a1b5d9226b80f37,29
0x6ae74f9637899e10a4c290bf33fe8d5ea81cf6b1,37
0x6ae7510bbae6c54c4abbfbc6300e605a6e31d0b8,3
0x6ae7531550503fbae1e1c49b36672318ce6b8831,46
0x6ae753580c637d05e7425a333d8d130619abe63e82f10bd55a5473a2999bdf7a,3
0x6ae7546ae6d00cfc55b9779629d3930e77491b33,14
0x6ae754dd2cd2c8a7f184ebe4469ac1cae6ec30da,33
0x6ae755373273ccacfbd0ed934980908fd23d48d8a6fabc009a8bb7a1dfe6cec,2
0x6ae7569d4fea914d2879132c561f7ce342225a68,13
0x6ae758cf7bb03494d5a2c00f0368d6627b9f8a25,26
0x6ae75c418ff7e41a894601ffc61aa6fbe4d6ad7b47b0e34883d28fbdd7f3b187,1
0x6ae75ceff13fddde3cd0e045dd9abebc2c8b4f7c,2
0x6ae75fded99d96a467b09d951dd29799ff0ce4af,38
0x6ae7607143399e64bbafd840cd7f8800758a6e1a,1
0x6ae761eb4fc5f31cf42bbe0cb8e32e3a140914b6,1
0x6ae7629feecfbe1e873594cf82903f24caec7547,1
0x6ae76eaa71c32c8eb9cd7160df374fb19543447a,2
0x6ae7705c4bc53253f5185d0e0382219642285fc5,35
0x6ae770e158c84cdcb08e54733cb846e85f821a5a22cb893504593f158c024e6c,1
0x6ae77204ab34a0d68f2e92bcb2c6d018c90b499a,1
0x6ae775120d2fff4ebe963a9b308594ad690546ca,35
0x6ae77acf2c3ea6d6e2697e1979f3a67f7176de07,25
0x6ae77f34be21dfe671e7e093360cc7fab847b180,1
0x6ae780f9cef96b1beb628741c24e85d3aab0639f,2
0x6ae781dd4ee9c2b210e37c64f029f875cecacacf,2
0x6ae7833ca29e82e6e4a5779b63b7423f5800cdd84b35cbf7b08edb2ebf381d8a,1
0x6ae78f05757dd7f99e0f23001af35d15c0b0f223,4
0x6ae794cbfcc9373f5aca1eda12c3e94916e558f0,5
0x6ae796530720b5d7fb50f28ceccd3ad897d05abe4aa8ba791a4e9e9c5b308601,5
0x6ae798b5c172c3988ec89a806713b3c5345cc6e5,6
0x6ae7a3dc43ec0229c2e1973cdb7d19c98f35053d9cee336c9110500dd0dc3f84,5
0x6ae7ac292250127624cd937bbd4dc515266e41ad,30
0x6ae7adfaede1b78aff08394714edbb52b9eb7fdd,1
0x6ae7b0194bbb6a713271066dcfe8b14cb6b38ec4,12
0x6ae7b29659cf4ed233afa318cd69cf05e91856e3,1
0x6ae7b3590fc29b7f52092dd722d8e1971e385b7e,2
0x6ae7b4b24374b45c149e171bb5a2113dac331c7e,136
0x6ae7b604d30c4a9d7d041a7f1a2fca9a7b97ab7e33e7fbc1eed8e3d03896bc58,2
0x6ae7b77a3ced61bb927616fcaa5133a384e164e70c6aef8afc09b0c529f7bd87,1
0x6ae7bbc82449e76bbd3ad51eaa02bac98342919d,34
0x6ae7bd9c9f86b37e7b617434636636037c207b54,28
0x6ae7bf291028ccf52991bd020d2dc121b40bce2a,2
0x6ae7c58048d9a74cca61f2cea565f0763eabfa0a,47
0x6ae7c79b2b1d9c63a9fdc85a1e5e806946178a4a,1
0x6ae7c98f1e9a2a02b2ba1d33d71b83ccb8168386,32
0x6ae7ccc8ac5700951c27145fb1e1504b7f152514,1
0x6ae7cd47d486bdfb5959e5fb364b6e8d4d968665,1
0x6ae7d0fd5c5bfc4f2258914786cec52e21bafb1897ed779e376639a2c352d19f,1
0x6ae7d19b42306b235569b530e7120275e7c915a2491de4c5693de3f1bc42d8d7,10
0x6ae7d6214974dde9c74a6a51a8318d65ff8d618d,36
0x6ae7de76775b3f67ae4e01087b28c4e5f81cb1fa,5
0x6ae7e4b22e1cfe478201d8bcd38b065a0b856fe0,29
0x6ae7e5ff83ac29831011bca803680473f58c3f32,33
0x6ae7ee5b7ef5d18d0c346c6621a9894132d26d8d,119
0x6ae7f705c626933f566000f8c664a569cf7e693b,1
0x6ae7f7722d1121340b6c0ebbb62cdeec2c28f19d8afdda7168384bd94b0208d8,3
0x6ae7f8f4acf4295ae1a9a5025a0a0fae0c5cdee2,6
0x6ae7fa19ae886f99f8d807a22648c10b61d72ede,17
0x6ae7fa1e8682b69ad4c404497f8fe68dbe2636ae,3
0x6ae7fe0f65729ab17d26c82a4304508f9f268cc0,13
0x6ae7ff42f19656c8def4ecb599b75ed69544ae07,1
0x6ae8008659c7de1c51ad204048519bf82ee6a2e12334d82d2dc8d4e34a299bf4,7
0x6ae802bef8b374250e6d7173c7a99ccdddbaf3e9,1
0x6ae8066b0d6fa5aad1f8808e8813c17bb68bdfbea3bee80ed6a594dfca451303,15
0x6ae8192be1b4a9e7c2fa1a2b4c79aa63479a2022,1
0x6ae81a901fb833a6f19f211ee6d18d2ac0a87151,1
0x6ae820708e878c8c70864833882803b363f4a224,2
0x6ae820ae1385e69f63fa4f57d0566d6f229090df,7
0x6ae8230d0750592f66c533f24d9247f212d509f0,1
0x6ae828fdf4d68dce9b75d5b76f2f6aa705a7e1c2d5307c7df5de85643d3391d2,2
0x6ae82b58fdaf9583b684b06f73a30cd75cfbdf3a,4
0x6ae82c8a57deb05a03b643266cea43654417db7d,11
0x6ae82f3b7de8f676a3dc391551af1c8d9c24616a,1
0x6ae82fbe06af3dae8d9a1acf2c835f84865532810d9ef4ad662db9bfee7d40f7,1
0x6ae83411df70df648cc52121854c185ac5875970,25
0x6ae83885dcbc0468816873731f952b73e7ed550a,3
0x6ae838e9e6909a64c7bb88de4b2745cd1a8f7f31,6
0x6ae83913806596004bb010634097df05e8df0020,1
0x6ae8394cf02c6474855d3511aa938f547bfa2e23,1
0x6ae83a677b4b5533117e592bd90751143b489143,4
0x6ae83daaa62109bffc8fbd409825a550c793d953,10
0x6ae84319b8ca0040003a1024b332469acef199c4,3
0x6ae84357098bc7eea8f5d6599d0bab6381ec03f9,4
0x6ae843c002133b7c643cbde0ced26145afa4555e,2
0x6ae84609fcfe3ba8e9fb4082652557ee62542bd3,31
0x6ae847bb0ec93ae3ee359e71f1a960e42db479ae,3
0x6ae84a40b93a9f2548d407e6887f84eb88a640de,2
0x6ae858e6d98d2371f7865cde2673967a0b35cc30,33
0x6ae859a7d17444d2b89d0db4e54b6e8e30aa928e,32
0x6ae85ad43717b386d3e8ed9d3bb2e42bed7691e5,30
0x6ae85b55ce481c674a2c605278a589876da146ae,1
0x6ae8606814f63237ba197d0acbed9b906116078d,31
0x6ae86356253e11c3da22b573cef8e21eaca52163,23
0x6ae86899883dd4588c1ee903e0f237afa69392c8,1
0x6ae86a446bde309f863ffd562fbd002714e9f765fecd49545190e66dde943c6f,1
0x6ae86e8d3bb85c6aa5070c6e7b57d9fcc23a6804,2
0x6ae86f104752f470318c09629d3a29e794d7f1aa,2
0x6ae86fa6a34a19d84fa9f714c839906a5fb77cbe,9
0x6ae86fbe3d4270c578694bf3ace6c81a2cb5100c,68
0x6ae87088174f0f760655e593df90196b1134e46b,2
0x6ae870ef958cae22e8f3764c34708bfe6d6f63e2,1
0x6ae871293142a302bce15ede3757c5902cc035b9,54
0x6ae8740d1f40b9fb938794022958c168ff962e80,6
0x6ae876af399386c0840a643ca63e9866dded3175,27
0x6ae876b3cb5dfc1a5fb3291e4f3a9d1b35419435,29
0x6ae877fac8fbaf6c0370a0f8732fea94f55875c4,7
0x6ae87b0445f8dd88dc8f8c7acc7b592369348807,1
0x6ae87d89de07b3ef1e36bb74afea974a141dc822b8016d34fee63b7fd4817978,2
0x6ae8827915b1cc32a6b05f09217b1c079fe55911da49d453298230f3b1646a2d,3
0x6ae88410f8a74f54a1cfb37793d804e63115185f,125
0x6ae886305acec49f8fad2a601a98d22a301211d1,1
0x6ae888d750c73b314847dbbf765fadd63d327c5e445a78b6dc5ef0294171970,2
0x6ae88e275a73322acf5951d7ab22a2660ddcec6c,58
0x6ae88e4390fceaebaed8df23e70342d6316e4736,34
0x6ae89184aa04b87ed479b0839ff946e6dd0e6ce8,20
0x6ae898961ee35de5bf456c6389fbd5e8953449c4,1
0x6ae89acdd7f385cb2c19700e6c48813dffbe12e8,1
0x6ae8a17f18d48c9c87e5426f0e419c02c3f5e6c7c34e81f798fef5cbdaf279fb,1
0x6ae8a36d58250f50e9fbf197520d0c4618cd3d5f,1
0x6ae8a391b6dcb85efa45c98d6c9af1ef50634b42,18
0x6ae8aad1bed1f1929a33badacfe39629f40957bd,2
0x6ae8ad5edaad7e01b6dfd26ba6d3459acc3aa62e,6
0x6ae8b7f19f7967df3745ffe4bf8fecce861b8019,1
0x6ae8b95b624be1f3c2b68b9c1b64490ca48f5a19,1
0x6ae8bb94fcbafb644aacb6964d5ca3670576dc38,16
0x6ae8bd69792bcc107bdc802771bb053490a2e638,69
0x6ae8bd9b5457ed724de4ee404090a6f730631bc9,1
0x6ae8bdb58bfd245044ce22595f7153ea36b02faf,2
0x6ae8bf38057bb617a368c87eb781dc865e688d20,21
0x6ae8c13c68b03badaebdf45f85ec7043b539f8de,1
0x6ae8c15bd31cb01db0593e4c59df106f678ecb91,2
0x6ae8c2812447c23c8b721011d40fe1448e1e64b9,66
0x6ae8c2e92fed298776c079ef60f1064923c3180a,2
0x6ae8c589781d3de0bf35d0048477051e7608f2d5,11
0x6ae8c6abcda7dbd869da1aa9d1aa28f6a4e7fd48,42
0x6ae8c7bab2c4861ba5a451dfd4b4a83c06c2a7c8,34
0x6ae8ca85f9b2ed329fcf90079bae6ae3c8d592df,1
0x6ae8ca8aaae128994b2d59b5b1a32266beb63667,1
0x6ae8d2ca2dd722799ab3f15798774c2753b42b86,1
0x6ae8d70ef6c6f77caf2a80f580ab11c9d295c041,2
0x6ae8dab7558b5580bed0d78e3cbb8aac9466e2b3,28
0x6ae8dc681b32fd9cadb39c7c0b04b8003f3f2527,1
0x6ae8dd77c03d8b6e9635bb4e31c3518905623f92,68
0x6ae8de763152507a85e04033473146562234daed,1
0x6ae8e02ab80db968aff41a261295b1364d81acb1,2
0x6ae8e0c26931709a26e9a1fd7d0e03f36a4a0a27,52
0x6ae8e12f91fdcbf1a9c648e2db306bf6fe9672ef,52
0x6ae8e1c3670fd43ef5057b6d3203028572d9a4c2,1
0x6ae8e26956a782a86b2bb6f574e5dc877cea89e1,6
0x6ae8e453da2bae84180faa54f0254f7996948b6e,46
0x6ae8e558069642d28cd02483eac06d8671314c80,106
0x6ae8e59cb2f829be76072a75ccf39b73baeb7a23,2
0x6ae8e70e281ee9da49b774e201bc656a261280a3,2
0x6ae8e7c8f36784717b4e5781765b56b0293bd4f9,4
0x6ae8e7dffdd8ff3cd2d6cc66a8a6c262bb83be6c,2
0x6ae8ea3d4027dfbfdbc9b2e92f2c3d24997d1faa,3
0x6ae8ed7c19c746da79b97fd97b494037898fe17b,61
0x6ae8ee2be1db6e10e3ac2fce540aebfa5015cc3c88c160da43f999927c993089,1
0x6ae8f44b1bdda7ec8dbd71b5fdccbe3687635ea5,1
0x6ae8fa24f69ebe88288eaf7ccfd8286b3e6f722c,6
0x6ae8fb424ea57e75e525f06b4ce93de72be1ac2a,29
0x6ae8ffaf51a0f6f0fd33b3da32be3aebd289162e,1
0x6ae903bf1959614fc0b69075fb5954ee1347937d,35
0x6ae9068b9a83d8fa09090a008ddf51d43fa637f1,12
0x6ae9069ed4206fcd81fe641c957517a56ac23a90fa226e6896987eaac14a9f21,1
0x6ae90cff2a5f81d42d8830444c6bfb540fda4546,18
0x6ae90e9dad94fb42c3ed6d0be201b7b804f05e6f,1
0x6ae90efa7527314993c3e492c73b90c441425709,130
0x6ae910f90b33e5a2d00333082d27822c6a7978c4,2
0x6ae913f9c3214e84870137d3e7625959d2095ac7,25
0x6ae9146eefe7cc87c1680caa22556f90d9e4f2ae,1
0x6ae9155095f189c4d4d1321fc871059592cfcb5b,40
0x6ae91697fd161794f8c47e029a4b440a84342272,149
0x6ae916b05ff0535ac148fb2a22f48a84bf9f89c8,2
0x6ae917e3bbcae585411540c2bb94fb4703ece45f,2
0x6ae918583ef5e6f362393fccf475c535bae6c6a0,4
0x6ae918a4f4b82fa4ce3eef5277629651431f73f9,29
0x6ae91a320ba1ba8f0653828bea2a4b0790894cf7,13
0x6ae91bfde00f5835bf070e056f0f32fd983c62d2,11
0x6ae91de1aff3b0db4d191da01480b0fb40ce0895,23
0x6ae92028b8c867b3aec9c5025ce42dd387e4cb2e,16
0x6ae9231191adcc6aed66495088901322497a1490,25
0x6ae9251ddaa854d4cf681d64b6c6ab37733c2348,1
0x6ae928e92db2442bb58f78cb41e4ed2ebfb6c988,1
0x6ae92a237cbea3a7c4939fb851661753010f1ecd,222
0x6ae92a8d30d1aedb5ffa834fd8509fc621aab80e,20
0x6ae92cf0d138eb4686fdee2fdb3ab98e98db7290,16
0x6ae92ee5ad4e829b95ecb6b2f9ad1043064c3435,2
0x6ae92ef0deebc08a7e86ea112252dbb077917869,23
0x6ae9321c99d83ed4efe213a436b1ee7bfaed80c1,19
0x6ae932ded75e3bc801e6eb544991e7a6be287db9,35
0x6ae934031f6bda494b3b1f0efb6c5d012eaac2be,24
0x6ae93512579af4b3f8d9e4c920dc5ebad476d754,1
0x6ae93557e737c42834e67ec8fe25fe2e8c7e53bd,6
0x6ae9384e073838398e3ed74d46bcfef9ba884c47,19
0x6ae93e171559778f1d3a0f7787baa331f4103176,29
0x6ae940865fd02f98196d9b00bf3cef651d685ea8,10
0x6ae941b7022d214e65962456064c0986439b4c61,1
0x6ae94371b55b73c5725ea21e80f50e7e0ebd3ebf,1
0x6ae946f566fc347d7b2cb25dd14ea218299d4291,18
0x6ae94e89f487fcf66c8a6c7c79d61057e273caa4,101
0x6ae94e91dd697a4b23a197a1a6084f023823091b,26
0x6ae95029f35264af8c4e35095d1bd557b9ac8400,3
0x6ae95781ec31a2952c07a21dec1fa5c491a33d98,16
0x6ae9579acf9b6aeb5d133299d2028c8f78de30f2,2
0x6ae9590a4bc023bfe03c5f55cfb2e953f74fb40a,17
0x6ae95cd232433f45d99e427e6ca33d8d70c3effb,67
0x6ae95e5829266585ab74d6d2eda48c9e1faf1b6a,1
0x6ae95e9103d1f2953b2aabced34ebe3972c47125,27
0x6ae9621fa211cb989302279e0128cc50bb76d5375290a622f1d0110b7c733781,2
0x6ae96455d93b55106ec1cf169c8d9da6f0d72fcf,6
0x6ae96965771ac4a9cb0146f3133f3853790a367c,202
0x6ae96e0443a99168adedd1d425d1490840dd8aff35edbcfeb35c62e85927bb23,2
0x6ae96f0cd13243249bd3241a1e80ff28fade3122,1
0x6ae973b93f5a4c03b2430048243f4e5b9c35273fbf63f38583a60f58345b7193,1
0x6ae974a824fa54d5082dd5720d773cd5b202a709,53
0x6ae9756f5e3a0d55d22b0206e6a0a4fba4e91d07,1
0x6ae97868de192f941bbfc33cfb2129d2db61ccea8e20e5438d1f3dbe91b2b77d,1
0x6ae9800e6476be4af465bdbd8fe054583b89b040e466aed50ae66fb70ef12f4f,1
0x6ae9863193110c95213a26848befc1c4ef1a747b,6
0x6ae9871db767e9d461cf42065515176fa7d6b0cf9278873e169f15366bf51cd,2
0x6ae98a4dd87b78f8e9abb32c75594357ec2e9007,98
0x6ae98a8c16238d1343ff194b479fb42b755b25bb,33
0x6ae98c5d53ae52f7879ae98a4eb4e1f157afbe20,186
0x6ae98f1208174e2bc996e731dad9855655f807c5,7
0x6ae98f3874352d157769c2c9eee6216a2e89687e,74
0x6ae98f6fbad816d09b743bc9bbf0b2af35e6cf66,2
0x6ae991b652fc09a1991dc4fea2793f76285a6448,1
0x6ae9947aeebe1566d220df927c3fcc219309c07f,1
0x6ae99ae8dc4af39693ed790b2f1b01128bb71e22,59
0x6ae99cca1e725e8c5c1ada6b8a7fa1b60d1796f5,69
0x6ae9a16b7b14fc55742724c5c226a86a3333fae6,35
0x6ae9a3738a13fceb47e62e97250dcbeab56de9ca,10
0x6ae9a7dc27f161fe274dd02470cb8ab44d06de06,44
0x6ae9a85fa34f8aeb3b603da7136d71b4f52e5b5929f7d33716042791139e887c,1
0x6ae9a9c32c119d27a6c66934b54bc9268fa10f8e,1
0x6ae9acfc1d156ceb2669602127d64203238bec46,25
0x6ae9af55687bba17ad1eb45b7e8130cfd8d1f9efa9f7ac7b5870f0582545d84e,1
0x6ae9b37afc4c69bd85d094fe366d417337dc5cfe,28
0x6ae9b5ba882ce660192adef81c763fdc610cea56,2
0x6ae9b6bdbec5edabc617df75824d84fb97e1985e,11
0x6ae9bb259f2955569a97abc43c64c2ab8aecaa12,1
0x6ae9bd4fbb8a954c73aa52d7023e09afceda057a,1
0x6ae9bd7b7dc34cbdc18778ad5ad41a19aae87986,2
0x6ae9c1ba9adc18b0516124a515234821f20b203a,2
0x6ae9ca4bc999e280c0bc3ef30149d222603953bd,1
0x6ae9cd1a8790360a5a7ba8265a6b9411037c614b,54
0x6ae9cd429d1c6cfd865bcaf639f00b20a9f6199cafa948e6943dc5bc33e4bb1e,7
0x6ae9d593ea946d5080391afab4f0812e87af1e01,5
0x6ae9d5f841d891cf2de95703f43fc1237733b9c756d9629f656c686d8805bef5,1
0x6ae9e09fb6f69e3f76300927ff97d2299af734ec,3
0x6ae9e1bea180489eb75195176c491b7485fb68be,212
0x6ae9e4e8b6b889593716c027c9d5a13cee82ad46,51
0x6ae9e5b4bd68a6a2a3645f81db561713366666ddd12acf2e652a113dd12d6fc4,1
0x6ae9e5cd936631b007e2c2e996b1009c4b1ad1473f84456b790f7db33a9eab9e,3
0x6ae9e7821edbf946870d62d72bacdf8e5ecad4fc,2
0x6ae9e7eda568f787f65048ed881350e29e53ab6a,12
0x6ae9e9e8b3b7800c40249315da64216d5ad847cd,1
0x6ae9ec2edb7e5977013220aaf905c242f0017a30,51
0x6ae9ec45669ef3f38248aa9047c58b6b7abca07b,1
0x6ae9edf74cc4d43ee7e0e04a56ef31f299ca6d27,151
0x6ae9f8e1412492d00033a5fbfe9a8a642abf7458,5
0x6ae9fc92fbf532cf30a5882770ee7e05a28bb84940b0c0db63588b850723018e,1
0x6aea0037a856769eef2be0caeda3bde188d06b4e,17
0x6aea01ef7295cb4b6f4994cd0f501e2a113a0baa,9
0x6aea0208249e8f69283154e4e245b65a95732da4,12
0x6aea0214dc38db8357644c64660b1a170380c5ba,1
0x6aea0822ffc02b17f1f221d30924395e60a78868,2
0x6aea0bd4fdab86d147193485ba42b85172829f9a,5
0x6aea0c0013f5f5f1454a33c3ac820a4d7722c3bb,31
0x6aea11627033a2007234ca61de8c65c3f2b52513,44
0x6aea11762ff9b5c9c50fe0ec1046901797d0b73d,14
0x6aea151ac7b463629bb7a91b0ab26fc1daf3fa1e,91
0x6aea162b64cf21d7f88a02096ead77f154308b7631670e68d1bd4e2954b4d1e4,2
0x6aea1a46fdf8b8e79293cecc9532ae0776263d20,1
0x6aea1b928228fff2cf1f1394a316348a5d08e0f1,17
0x6aea1f18ffb4a4b1470508739430b07c4ba32b67,11
0x6aea2758b552904f97541b51aa935da35466efb9,10
0x6aea2b96dcbf5a5f643309a1d06fbf4faa1c7229,1
0x6aea2f5463a8a9a8e0a1fe0794821836f23f03b6,16
0x6aea3c61721354d3bcaaa4308ee1764a39aaa89c,1
0x6aea3fded996cca6519a4c959fd7cb1996e581943aadd382f61c486a12e9dbef,6
0x6aea405e56f7ea7caf096ea79da401e224bc0d7a,1
0x6aea425a9d5963a6da15f96b69b19fb1e18807c1,36
0x6aea4ccebe765491e13961227fa4cc5604fb0c09b66bf2851baf4bc6525186ed,6
0x6aea4ccf4c3ee356612dc1b279e3539dcabc4a4c31af500559d784071883acd3,1
0x6aea509b0796cefee442868238e37e5043eafd29,1
0x6aea51f4a05a8a37369126a8e28dca07029138f4edb4f0c8bdb178c9a3cf4d97,3
0x6aea5497bd7fb619788e637824b23ad9cdc9d8fb,47
0x6aea59184062c01b2550de32e570f77d56b7685a,3
0x6aea59b23e2d62a1545a8465221fbed41eb76113,4
0x6aea5fcb124f0df0b3905670801f7e7ebc4c07e6,63
0x6aea61ea08dd6e4834cd43a257ed52d9a31dd3b9,69
0x6aea64b8455d18bfa0fff51baa683452310bbe53,48
0x6aea6512d7a1e859e8994a9db8e7eb5f1c138a73,3
0x6aea6be84d3bf163415ff61e73c2464a7d980592,75
0x6aea6d7f2fe66ae42c31e88a20ed6c3f7ce5a77d,45
0x6aea6fee624cd39e45a313bff4e35aef4edab0e7,36
0x6aea70bde25e77392eee30878b18ab224c28f318,1
0x6aea84eb6a213edbb8df12904dd946f6a35bca8c,3
0x6aea8ae22416b362008ab4dea4f76ce106adbe3e,118
0x6aea8e0cbd2714f1ad144651db0adc70bfbc48c573ed564c56e43b377752d152,2
0x6aea906e058f3ece9cd930e757e22a4f8ce3cd56,11
0x6aea9264cfd20a8a787a4f04f2693093de20b409,16
0x6aea961c9b4fce1db4c5b37aec24b99421753c32,3
0x6aea9fcb3d7045370757b5be45d622d33c71f0c7,121
0x6aeaa26c30be6631a34572f624ae38f37b9baaa0,64
0x6aeaa2b60bb5060417938e423a611faa422d0152,23
0x6aeaa516c551b195852e434ac61b7c055aece405,9
0x6aeaa67384323152dabbfd4d0a1f928c82960f9a2ddd9c725953e8768831fc35,3
0x6aeaa7cc7ee628cbdf388b0182d694c8209cf0f6,1
0x6aeaa86aa680864eac314cb9474141567036ad57,1
0x6aeaae8d1950743240bcc74c31ec3d2c6e4ccfac,42
0x6aeaaebd56f61d55a990d0a61259c0dbd782e026,1
0x6aeab1476a0353d68f846464379db2daaa54f132,16
0x6aeab8217baa99ef0fac8ffdeff2d8446c844109,8
0x6aeab9960a9330b00533d52f4a7a447ec772c318,6
0x6aeabc3d581ddf9493cb7fc89659ad8bc30500a8,72
0x6aeabc5fdaafc5e825e55bd97d9c3e0a093968dd,1
0x6aeabf59e6d6eb99dbb6572dedc33d4130f156f1100b161a1d80ec0ff63b2cb2,3
0x6aeac243c090fa97e77ca77a4446be33615f07ae,3
0x6aeac2e4ab3475bf2929936bd1d7361132bfe5a2,24
0x6aeac4adc750986b113f3d57b121a8167b53b992,42
0x6aeac572cc71b519db1b8f0ab7b6a077cb943cf1,2
0x6aeac859307fdfc239cedd21958c1c92417b6eb6,1
0x6aeac8ce3d3e7490711b10bd020ffa8152bf3ea6,42
0x6aead2b928bbd9ef67779d9dd5dfd7ced2e2c828,62
0x6aead58d9a3d88dd277b63bfdd5209a1476f66ce,14
0x6aead6331f7606ac367005e6a94385d365ae6705,41
0x6aead750fbc0a075027817147e5427c73aabea8f,12
0x6aeadad6f644f9b8467a7871bc62fec9f40d8170,2
0x6aeadc7a9135bc4adefe6fc10eca027c1e37eed7,1
0x6aeadd0f1fc699e39344814e20d185e5050336dff7831a2e46f3b94bf56e5ff,1
0x6aeadfb69cbb65adc54d93cdee0b0c62150b1567,12
0x6aeae59695e3c69fd840f7e39b7e759d8024b370,1
0x6aeae6dbd4b9e092aa64dbb97b67675524933723,12
0x6aeae8dcc3901e5edd44d92f3ed6ae4f7128a4bf4d19e2409fc6706ba9427271,1
0x6aeaedf075c00063ea683cbff4e4e86278570f9f,1
0x6aeaef4393d85e027934746a2a3147dd0a0be62d,23
0x6aeaf3939b0a47d6edfe60d3f4a84c2f5282acb5,6
0x6aeaf8f1efb554388bf295a5c9d9aee9cf442715,23
0x6aeaf9e8b1a5b80834fb8e4c1608e9b42bcbe799,1
0x6aeaffdea252da4ade733465fcc03d2153a4c034dfe6d8199b6703aacec57939,1
0x6aeb02225562efbd7bcf96d4ccf135ea2f55d26a,4
0x6aeb0974683a2e95c90cca1ae295c87ffb82172b,4
0x6aeb0d5805272c32c0c0f3847a77a84e08d71619,1
0x6aeb0e0d912617d354d326bf5fb565310e14cd8600687fc0f1cb34231bc04ece,1
0x6aeb0e13c220ed8b1b8a2796101dc74258b1cf8664682f647662f2c09f422c3f,2
0x6aeb0ed5b77b87a48f8b35594a7ab77b15600a36,1
0x6aeb1250449ba7be5aca282bce2204a633775000,11
0x6aeb126bebe8bfc397184f990b43de4e37cf75ee803597aba962707a308aabc2,2
0x6aeb13f88f11364b84abb9b5de6bc0cfaf98b216b2e97977555c0a75a66fe29,3
0x6aeb1ce451adf8329a594e48c41525775c049e4b294ddacb95ce9be89bbc6e6f,1
0x6aeb1e5da490b336541a806d2a95b8e5f33b9e27,37
0x6aeb20b2fb38c1a1ae487e72c388cae3d9e5a244,37
0x6aeb20c2f903ed38772e594f6747bc47d59cf47f8d74a7750c67e6c89fe17ec3,1
0x6aeb2504aea6b92b1281ea6aa7de75ad06d60922,24
0x6aeb253d236347af8345025ad5df40bf2577fc16,68
0x6aeb262870ebadadedc7ae1e67c3a106af575a79f9a990cf29b9b44029b9cf44,1
0x6aeb28a7848baa5b5e88248e7329119a48f70614,4
0x6aeb2d4f67deb8eb5741747bf22934e1fb5bc723,25
0x6aeb30bfe6aacec30eda6ed5df69273648ea2100,36
0x6aeb320c822045bc32cb281e33b7764f776eacae,1
0x6aeb36e9ebeb2f40a651269b9f5934a247ae8f08,1
0x6aeb384b4fe11432610b886efdf27f0b45006d97,39
0x6aeb3df49a6f862f1ee956fd0147635ce0579aa6,2
0x6aeb408c4c77c2589f29811a1c03f2e4871581e4,39
0x6aeb42cdd8589744a591b1c0afee10682ae3ee71,110
0x6aeb458a9c59987b9c657bc5b951718c05a3219d,1
0x6aeb4704e926b641f6322acceb2c8a312d0d38f4,20
0x6aeb4983ce8232ddb43476885d6d9c9ecfe12987,5
0x6aeb4993e52fe04272b6c2ed9c37a89f637326b7,4
0x6aeb4a55e6544f1105baefe0bf8681b6c479900b,12
0x6aeb4be0012a6584f3cfd82d35cf00a967c3dab8,1
0x6aeb4bea124d17773ab905ed57eab13a9fe7d2a9,1
0x6aeb4c0c2e2b8a00db3c39b38e4b52cb5a987b1d,2
0x6aeb4c43fdaa43c96aa379113dd523169b40e23a3f3af0e81b8237a5951ec1c3,1
0x6aeb4f323d6fd135b7d1986fdf04aa4a9b11f02b,7
0x6aeb50703033ae94285be3a27932ffd3241bdefc,1
0x6aeb50e6e46553826055b4c3c6471a891f4c6075,3
0x6aeb51ffada42697685d46c57defad1a42215016224467010f836fc79320f1b,1
0x6aeb540c64b052b81532bfee959007d453bb9f88,32
0x6aeb56446c7557b803eaaa5571c6d5a4ef6cc23fdef9cbaa82e7c91caa9a936c,1
0x6aeb5abc37070865c1cd63090fdcc7f64398c865,1
0x6aeb5b070e0515aca612cc9268154e0ac1db11c1,2
0x6aeb5ea151ac1accb501470e3b48ee3d89b8db56,3
0x6aeb602d3a628231345dbd3a6d7eafaa1affa65f,28
0x6aeb64f725a2b26c8f61fb63b716c2c12b4ac33f,8
0x6aeb6b26419df094715db3f0c03c72f16fa814e1b338f6293906f482413e83df,1
0x6aeb74d2fc2573300b65c4763fa77631157921cb,29
0x6aeb7535aaf9feb5ea0c0acef122ea18b06d63ce,163
0x6aeb76fcefbca55c383309de74e3cfe751add8a9,24
0x6aeb7a8bca56000811eec22453f8a36703d1e460,66
0x6aeb7c803c2fa6a835cc3e2242eac8ba862da97f,1
0x6aeb7cc0910a15e9d0b30d807de7111cae7902c8,40
0x6aeb7cff923fb776549eac705e6f82f34cd18f84,1
0x6aeb7d7f73d9fb9d5e563b941df26d9d868f144f,1
0x6aeb80ca45900faff284d82589b33dbcf232ffff,120
0x6aeb8120049733a620faae734c6eee925c7252d834f55b2b4ab9c87ca72a5665,6
0x6aeb86f6d73c549f2f121c9d0fc9aacb9fcbe95277e18a677d7e0d59d5c72c02,7
0x6aeb89bec3bc01f6919aa2c34c628618613aadfd,10
0x6aeb8a4e358851d606c4b420d4703cf5b6a78ba4,2
0x6aeb8be41fc9e1b65f70aa01c61290b6f1dcb0bf,1
0x6aeb8c61267038d34883fa8242edb517691b982e,4
0x6aeb8d8a738412fea660de6428c98be48601f674,1
0x6aeb8fcc0e4fd7f4625dfd356a8b25aaec12b574,27
0x6aeb97caf816805c3bc374428e880f2dad9a5622,1
0x6aeb99a10c9ecd4ce57066b9048951bdd1ffa863,4
0x6aeb9d7bc5f9e19fcd33f3c48929d7f85c0ee942,77
0x6aeb9d85b6f14d560c8a31e1ebd99cc492c70593f1dc35c93d5e66314ee40162,1
0x6aeba2347d00225eb388cf65fa5174e16a44c8161dc437b18ef59edb3737a807,3
0x6aeba2f35e29e351e618c7bdb851dc34c4dda691,82
0x6aeba90a49a594404c7cd1e07195a83a0508cc8f,1
0x6aeba916c64494a8980f1dcf19769034d3e3c313,1
0x6aebac9b52f3fd15639846178b506a6ea77dd022,19
0x6aebaf130ed79c48a906d3c7b1405077df47d693093f4f4d9c55b8271939854e,3
0x6aebaf1d954db3d66c345331a49c284b51ed07fd,1
0x6aebb4cf60f2cdd331b7f187e736813889a62666,33
0x6aebbc4bdf537383d49a16c6c3e959178efd843f,1
0x6aebbd0f770d74320956142a7c88b8fbf8e60b735d43e9c808fda08abf75428f,1
0x6aebbda937575c24cf35178a22ab3303441f7222c8245858fce392d3e6b3ea9e,2
0x6aebc26ec88cc4140542e09c576ece6e659855a4,34
0x6aebc285d4a06cc5073ae0aedd2d701b6e6d7336,27
0x6aebc4dff0917bc099097b2127ff5098938962ff2ff98199dbd16d837011824f,28
0x6aebc50ae0134e45ae09635b56d6c6be5b9703ae,27
0x6aebc87ee746b724524d2c76570a517004f25798,81
0x6aebd5b8c3d58b10a4a329486d7b46772fd18692,2
0x6aebd5f6510865de70785a66e70253ed0662df12,14
0x6aebdf3afdc10e80419c55cbf7da82f17c4417ca,3
0x6aebe429b4aa4aeb819fc899963780503e13d4ae,1
0x6aebe549f1f135648e54074854a309b9040538a6,18
0x6aebe6d26242ba6e40ac716082390545d68f355c,35
0x6aebebdeec85ecd9a39fcaae75a7564c0a0bbe5e,39
0x6aebf37887d146b94c4d3afedbf67a25d7976143,6
0x6aebf48ac61f62e813b24e1beebd091fae36387f4ee9780afaf3c759bff5e05e,2
0x6aebf6fc44665f59468f8f46907190f96a8d8ec7,5
0x6aebf70f2643af7384b26c16e215c73f4271c4cc,12
0x6aebf99c27bf64316cc87091e61f5b915c9ce14d,50
0x6aebfa02def2a32ceb3d46dff63e01a392722673,59
0x6aebfab6c5cb347b7bd50af0533f750af9fc3213,41
0x6aebfb288c89db714ed42093f2e42db760fe3fca,20
0x6aebfcfd4b2a50a1ff51d776a65d062415d38245,43
0x6aebfe9a6da7aaa8467c664b5540a82037d6f05e,100
0x6aec044edccbf6d8068c6ddc762b0200b0e73c6c,1
0x6aec07c207a2fe23f54e8fe7278070f7b6724f81,1
0x6aec0a10f5b339df1469c9d88473e90b2c6c4a50,1
0x6aec0b840e18444ee9e6840aabc35d2d595ef379,1
0x6aec0ba3a4d95946e52658579f70b5121c8091a7,1
0x6aec1260c3e73dea89687808ce043a0fca842493,135
0x6aec1f122bdc8cb9c3675182368d604384634290,28
0x6aec293760efff7cc70323592cbf82d72647260d,162
0x6aec33bc1d68c755605a9d35811071e0ef45cd45,1
0x6aec33e3ecc1629a1fe0c189582326a158bfdc10,174
0x6aec34f45d972bcaf87d7b8d808320c5b2991c4b,8
0x6aec35de18342485ec04c9b6e7783c24635227ca,82
0x6aec35f17e1549caac7becc7965c526511905fca,42
0x6aec3609212deddefb5f213fcb9b7b88e0fa7f8a,74
0x6aec36878242afa9dc9d640e102361e9a396d896,33
0x6aec386ed536a8e16dc7e2883472d1fec9419c50,2
0x6aec38bab234334cb1535771e86752bea18b0c65,59
0x6aec38f6a02b915594d5b9a3dc7a4d75212095bd,1
0x6aec3fcccaa716fe4dcac373f372f030bfb682b7,2
0x6aec41de89fefa55256e25b1881b04412b1f0b21,7
0x6aec42eed02f806509ad365541216e057b2dbbf7,5
0x6aec4447a1c06c7853a2caac6c8b70582941e2f1,215
0x6aec59324478cc793b372fdf8877283c94cd5deb,4
0x6aec5ee7f7772b47284ed85ef84146c029f6f437,18
0x6aec610e053f7ef42091e933e36626a13d6ca3c6,7
0x6aec61acce28e5a8a40ae1422ddacae20fdb5e3b,5
0x6aec63de5097353d3151e501bf0531cb681618d7,3
0x6aec64b24d4747e98565b11fcffa66ab198250e6,44
0x6aec6e807c7a426e8f0f772c86c80f0a7fe16644,5
0x6aec715bcbd8172fe7762b29937e1d2c458a3ec9,5
0x6aec81e0c3e564d5dad919f38397b4d431629829,48
0x6aec82ad1a915fe7fc1af1bf633536c1f57182d8,36
0x6aec89dcfdb9640f45d9d0291fdcc8cd2066c4cf851b9878e58d0af45dd29bac,7
0x6aec8aacf7f994388098cf432b8390c1ca9bbabd,60
0x6aec8be68bbadd48ac9a65db4d7f9d0832f2191e,11
0x6aec8cd4ceb354e235ddb6aa17004effb9f1ea2ee78ac0929741746f3b492014,1
0x6aec8f9b4842e90e1a03e4663525e3ff2ccc3b26,41
0x6aec93ba442f4f447663b832b97d5a74f86f3a31,32
0x6aec93cec4401549228202785a38ea0792014531,4
0x6aec9bfa8549e0fb75af0966829625fa2a1e3606,5
0x6aec9c0118c6b35a6f18f7b1105e1ad423c0c494,12
0x6aec9e13b4aab00a7fc87ae1ecab41c615e4a408658b7a025577cb54d3280c06,1
0x6aeca43c971112f4226fa403cd599c5875235041,176
0x6aeca5721167f9a685ac3881e21aa40b60c205fe,3
0x6aeca6a1eeaebc8b8d0724e38db7b1112fe18d27,70
0x6aeca80c65c5d01ef251421440857d2710a1cbd2617f9eb795c597503cf6a832,1
0x6aeca9cd900f72e5f269f0b769481b1bd9017233,46
0x6aecaf665cb6806dd47ac6192c93509ade05856c,6
0x6aecbd898167d234d97e72fefed8f187537f0cec,15
0x6aecbe0f0f00f2dc9961d762aecf1abc2d46e053,1
0x6aecbe2b02d92a31ca2f168132a1e28e26e76df9,15
0x6aecc1bd0ab437cc612fd18b0c31af9fb7d1f05b,1
0x6aeccbea909553e7377a71b00f3411a22662f04f,1
0x6aeccf766092c76f6cfbfe2e3159b75dd221865c,34
0x6aecd0f2030331b444768ec97ee56838892655a6,1
0x6aecd3fb3cf143f429fedf246884a8ccd781a790d2350acbdce407eb7154a6f9,2
0x6aecdaab7ddf284d4a935c43347b7bcc176e0b39,1
0x6aecdb7fe4df4faa3d8df6904a6ab1304f137fa6,1
0x6aece243776b7326a52afa2567d372362cc17e2a,99
0x6aece38362cd6e450e01a01d2799ccf0c4ff5b11,4
0x6aece44153321708854714f346a65df1705c1337,10
0x6aece742c11631e46ce67c21c1aa22f676607c6a,12
0x6aece911ac723610f6cac1b9366dd24d08e7c622,26
0x6aecee06e65d3e95fefdb3a94f7292391a573f5f,54
0x6aecf305213f52c0de18361f3dac11d65342309d664ce57270169ad085dd2a0b,1
0x6aecf6913f684e72e0bc1f60333ab07e56566dcb,67
0x6aecf8c39c5d921df8d0188e4c6df9dcdf2bf3ec,42
0x6aecfb1ac090194d10075c06a213378c26dc055e,86
0x6aecfbeb669298d78e0002acb82be29f373bbecf,2
0x6aecfe1623b82f4a0291d085c7516a8adcd9de2e3c8b9d65da020209b255bcd5,4
0x6aecfe72c097ec22e471b5c8b62ab0435acb437ea6030b95715e87117f594ed7,1
0x6aecff4653b6049687a216357c5de976f28ac04d,35
0x6aecff8ffbebfcd6bb06ed4ed6687c910250de69,1
0x6aed00a25119319d657b3cac73ef066d55170b55,9
0x6aed05c42279605f4a5b1038a1a1cf9ba1264db3,64
0x6aed0b9b9aa16716b92fd144b84be13416c2bf1c,28
0x6aed1305a7a60c1112a6143fb63890a36d323b8a,162
0x6aed1817468e5228602636b21fbe309c021a0398,1
0x6aed18c7a5c0f5954267a4920a66ab5b7d261f0f7dab01c7c467b1793c350dc4,2
0x6aed19abab347eb07a2c8b264fc5c4c1b002210b,1
0x6aed1edc10f383121f639bc5eaee5c231a7492f2,15
0x6aed20178e4ca1bac8dfa336e0e6118803d49687,1
0x6aed223698a535aa114803ff8f138e280a3f107c,1
0x6aed229d253cac9dc46524b92e111b2ee3585cd8,19
0x6aed2675348f78a1fed7933c42bcfb60c7842939,21
0x6aed26a4ae6f08e23d164d61c0601f1ffd76129e,1
0x6aed2b868ff110adefe629a0dba702cee155973b,18
0x6aed2edd1c8d3f04e904dd2046c7fa119f334004,2
0x6aed2f7a323270820d64dc812c4121ac09c4702c,1
0x6aed30a20a1b665277aaaa3a17328d1bbbf536bd,55
0x6aed377838039c882c23054e35cd7b5b0226351a,32
0x6aed37f27a7720346be3601f86b62ec4d3af3d2b,35
0x6aed38f79cacb035e8276f6788cd0798997e6fe5,101
0x6aed3a3caf6c24e60d57d9aa0ddbda659e3ae6c9,35
0x6aed3afa83d97370344813704243a0829f136fc1,26
0x6aed3dfe5be8d1383fea9717364f5759ce000455,46
0x6aed43f9cd81b7ce576c4ddaf7921f49ab45f9a6,4
0x6aed4da2fa14a3874905fcde587c1206f78a8315,87
0x6aed567e18a8dcb211b307889a2ac6a92019de79,7
0x6aed575b92361cbe122c809ff8bc20501a27e1d3,1
0x6aed597abb957428bdc29425bdf5cfe2676c841f,330
0x6aed59b9ba847ae75e56b53d5f8fa0294a9c4449,27
0x6aed5f32b531cb812e420862e6b37915020d3522,1
0x6aed5f9575ac9333f7be102fbc8598ad1950bd1e,16
0x6aed5ff42f53ead4101b68a58377014bd2660f15,3
0x6aed625a74a93da07e83ac002f637b18e933adf5,1
0x6aed62e0002dfee41e316779738ac635624d05a5,95
0x6aed6ea1a3f4f3036fe4ec9a403de84cf0dbb773,3
0x6aed720bd0559e119412286817b1647573d4e4ff,2
0x6aed73d92777c26cbfdede54ff43c057a32c891b,31
0x6aed778bd398c3d08af3d8f9f44362425f7d87df,5
0x6aed790a6d7ddd9e6a85fb6abbdafdc9c320b822,2
0x6aed7de6c71c2f7cd3e0f08e314df25130ee2097,1
0x6aed86b271322f9a9daf01ff43c7432cb9e5be80,4
0x6aed87898254bc6180a856f4971c4fbfd8000c70,1
0x6aed887b08d9d26303f155eb181425bc909d03a5,60
0x6aed88c4f113d823cfcb27ea89689609c37718ad,4
0x6aed89eaa844fd398ed4b7aed8a5d02d22f915b8,21
0x6aed8abe8783925a513424ab1971695197812bc7ee7e4c6dd1b8cc26bad57ddb,1
0x6aed957b89dfa23ec48fbfc9a0671303aef9454c,2
0x6aed9682db9052aaac77bd55b33b524e8b4ae6a4,1
0x6aed9c37219ce832ee42afc438eb73289d594f7b,2
0x6aed9da433e6c54a5c25e69b9029f3b01a3b2519,123
0x6aed9e38071068455820416460a9436cc82a1ba9,1
0x6aeda25c55ec81d37b425aea477a325f8eee76e4,12
0x6aedaeb374a9b95bae191234533f74ab35cbefa3,4
0x6aedaf52a29c6d23bacfb00456fa750409ef1be8,31
0x6aedafa7fa63f7d6bf15608a913588fdc3ffbf2c,1
0x6aedb4613b5a20d104e410ab73bd70d53ee07832,3
0x6aedb7b56145e1594704eeaa0c0c3646c8132abf,17
0x6aedb90cc140ebe6066037ac9ce24d203b6f6df7,1
0x6aedb9ee6bd4ebbbe712a27bd8ae2ddff3d4a583,1
0x6aedb9f5e00d65b064dc87c31c121ae23e81c9c6,1
0x6aedba46bf36625398c89cb3c8052aaed23afbde,14
0x6aedbc0449f8ec9e2e9b387d8905579040d52f23,16
0x6aedbf967818443f89f88210f857688b2c6bdb71,2
0x6aedc1c78330908d89553688e36d5719a05f1d05,170
0x6aedc2141bef91d90d5a60e57a233ad45a7968af7051f626c53ec933bf9ec193,1
0x6aedd0a22432a922e5c88208ef90ead8502c2e69,3
0x6aedd12c2db3c08d013d7ad2c729bc5e8bc31e89,8
0x6aedd14893301f3e624972d19abcc838127cb48d,55
0x6aedd604414caf3155c63664b886d7639d027d06,1
0x6aedd6ec523646a329565fd83ffef193a9fea116,59
0x6aedda33ea76c4f9e3aab46601a4eba508a3f07b,274
0x6aeddb00084653bbe4a419bfb1216d3236ffc8b0,33
0x6aedde42e498b6d6b328e8c890107aa7821a731d,69
0x6aeddf791e7a2c22470ba78bbc925ce2de085e14,1
0x6aede055dc9f5dcbf94c03d41db6021bbecbc717,3
0x6aede2326cd11ed58f6a8b6ae1cf1256e73e9410,101
0x6aede5ce84f803c29fd8b85e00896d7108450c3c,1
0x6aede670d63a980012fb6ed5ce36540a7cbfa66e,2
0x6aedece634aecbf5273f02ff309d8cfca8b6766d,57
0x6aedf0bf48637fe599df1cbf5130cfa84130d05c22c5cf80406d345ab7047356,2
0x6aedf24b29d0d0b82169e133f6c9e6e68471c4ef,1
0x6aedf38b45c913bf661b1f5bdb79b47576a7055e,4
0x6aedf6231d66b3f5ee74140329c72684094f7b9f,1
0x6aedf6705af70717c012a066d30f4851573371b4,22
0x6aedfedbb86de3388461cd1f6fc6bdc58e0600c1,5
0x6aee080dc4135305e5baef6d18ecc0d0d5f5bb1d52847667559fcb0b8e868154,1
0x6aee083aa72d6bb8aaf6a936ac0fd5b21546737d,39
0x6aee0afbfdd302c8cde859d4a94a3fba6418f1a5,14
0x6aee0e5de5fb71d67eee654eb632e510413ec6f9278aa4b3cf58b04549b4a00f,1
0x6aee1176e873d24b330c97b102959ff432c790eb,40
0x6aee119e369ed8607b84ee7d8aa4f14aea59403a2906601ef6d9d85bfc01872e,3
0x6aee181c9bb6c16873b93b2fb6123e92b6d7aab2,3
0x6aee191a1149e51170a2517b78335bd79317f638,6
0x6aee193fd4ea06755377f1f376cd55ef9b456a1e,43
0x6aee19af006ecd999adba8007e1f24d892fb8c5b,21
0x6aee1c36674aa0246e735f56c01842fff5de5ffa,16
0x6aee1ebb0215174be4eee2ca00104e18cd7e420f886bfcc34aa7a734b8cf9a29,1
0x6aee1f95d9c74226e5ef12b4685d1936007f4f57,14
0x6aee211196e56c9102185b116d601b9de1e1d23a,38
0x6aee2a5a476e2a7f4d63d7ea0e8befe80c19eecd,1
0x6aee326fc52e7e04aeb141b09e59cf4815d9e0b3,4
0x6aee365523d210e2f45ae76ed6507d94e523f2e3,9
0x6aee39fae7ee5423ffa9ae24bfc23ad3a7d244b9,32
0x6aee3cb16f251969d26b07c169e06ffafcf78caf,2
0x6aee3faa1bcc94e0d053ae2938bea5ca47ed5b37,29
0x6aee41fd7f9746c0d0b8a72347c65f5b47ce6559adc9b1828aa0b84ce78fc26d,1
0x6aee47dd5212112b01f616e6eb1b106ee18e3773,1
0x6aee483b0c00e8bdfb761b3247d426117dec3914,21
0x6aee4f8eedd3d2513de00914d8ff3c9c1af76b4a,2
0x6aee4f9b7986954e8425c29cbe17d39ba2857232,1
0x6aee56ac0eaec660b033a625a22cb0f6709cf8c2,97
0x6aee585128a6bc0d5658b06aa05cb6ca0329a941,3
0x6aee5ad519ecda06dc0c2d17cca9a7d12786a396,17
0x6aee5cabee51986058f9d97fa940ba95829e7e3d,2
0x6aee5fe14da501da6bec981c5d78e43b12550f48,8
0x6aee610d2cc56bcfda400678bc8334d96813a30c,20
0x6aee617704a4f04a73d3428ea145914d5ebab1ba,1
0x6aee620e16a6f39a625afe462298f4936c653160,9
0x6aee62be6b7cc70b362db77b1cd44d11aa1ce8d6,1
0x6aee6598517baa5830ccf61fadd4a96e50f5d6bf,4
0x6aee6a913eb8fdce4022486da6c0457a0838d061,11
0x6aee6ba8be08467cb39674f2be17b6d1ce553f23,7
0x6aee6da008fa72dde9066448db517b9151c330a7,1
0x6aee70db61634ed779d1882a52f91cc28de2941a80ac133977dbbcb2183192a4,2
0x6aee71930b57ff48d71cd3c9b3d2715cf7f831b02c3a837bc139cd5acd10fb21,2
0x6aee7350877332a14d0399c6b2a83e924bee05ec,46
0x6aee74ac4cca4a0e456cef89ab037b26ea76d45a,12
0x6aee778b15b922bb1591b428c1f1ec0671ae9512,36
0x6aee78314410a3e5121ec5de45292ef8da38a8fe,138
0x6aee79c47719f16bf5f2ae7dc47758ea8dc81e20,82
0x6aee7a71d76d9fafe250cebc825945ebbbe9149862ffd82c5807a63c020c97bf,1
0x6aee7add8e368f72c1e574a8ba16c7d0d142df7e,1
0x6aee7fff2aa5a1524da4855d80bd83648354e9c8,74
0x6aee81410e7de84ff8dec6e21e8d30ed7a6c4257cd539683ee1b88ba8704b028,21
0x6aee82959f98ced7fb4405abf8b03d227817e8e0,1
0x6aee8314826a5441780440827c5066568c72cd15,1
0x6aee8329406144ee72ab8be5e9705bf6d8b45ee3,15
0x6aee887cdae0c9cf52ee8097417d7c5ff927d44f,6
0x6aee8a36f87d3e4b4002cf4c2990924ac306915e,36
0x6aee907662f6d3a561992db52be97f310152a1a0,3
0x6aee907c6df553012b5bed50c15fdc7c1f3ffe726f6980f8ded39be8b773e23c,1
0x6aee91634e54cbae1225f1bd193e0e5f67c0b116,2
0x6aee9577c6666c80d2d015d4aacac8c07160e80a,1
0x6aee9611fd9f0ef9dd43dc36088f11fb015ea60d,61
0x6aee97912790cce6e74768dfd6480adaff3f53d3d32d705e8e6c1d3268c9ef11,1
0x6aee981fe5ff1e96918a5b7b81d97cc6641be43e6194f4f308554337139b77f6,1
0x6aee997c395fd19c810548184490eca3c2df63ed,13
0x6aee999b049847b328549bf6e83c4556d0d341b8,1
0x6aee9b9a32fe6491a51b9102ccfcb2e662805362,3
0x6aee9d4ba0b72e5d720bcd2bf8c8bb0c6c180d72,1
0x6aeea066a3a5ad3f7c33086b454f41f3115e12fa,38
0x6aeea2b2c1e86d0d0f02414b451d2c4f5d02a1bf,11
0x6aeeac132ad185a6b56e942ba6eedd16ec23d475,1
0x6aeeae59760817d0ac9725dc3e5dfdc90bb4e681,130
0x6aeeb3094ca86f6a27befaab1df8c5057b93d089,24
0x6aeeb9b05f45ff0693e319a7b5758c27d7474813,2
0x6aeebe16239a57e85cac6a9bcdd570e3d01d2f4c,121
0x6aeebf908f97ec646fb38f82d8da22175541d8a2,1
0x6aeec24f82d75c686c0834b88af3f97e99d63aa8,1
0x6aeec40c5bee09186d99624e410f3fd7a4830e71,25
0x6aeec8f2971410932ef0eb8f7b964c6bfc063249227130223f5baa037d11f06a,1
0x6aeec9e2d7c36fcc3fe4391eab29ac96cd6f933f88227fad240479a39a2a7a34,1
0x6aeecb85a2f3b4dadc9292657455f17767db553a,12
0x6aeed328e0c99db8fff494b5cafb9415792e8abe,2
0x6aeedc8fc6c18a95acbdcdb8b691651286acea4ffc975019be34ebf121c81deb,2
0x6aeedfefe7250058e4195905b26b8418fd954433,8
0x6aeee298d7fdd6db6021315f0d5a2f47c9172120,2
0x6aeee4ca762065f3ba20dcbc882c9f9e36b6a3982154264ee74942b49e019f59,3
0x6aeee7fa8e8cef2d5adb178c424ce27f83526b8e,61
0x6aeeeb46bbcfd068a6b067f705b73f689bf8fae6,35
0x6aeeecea276d2a8c63ba24e795cf45d5be6e8d32,6
0x6aeeeda2be903dc17b598d336c14df74dac8c44b,3
0x6aeef287c5857face9b9b710a9f47a0e881caf2e810a1be250f084617e1acbc9,1
0x6aeef2f5835a52cf40613118cc321db173bee2cd,1
0x6aeef3de92daebdccd6aa67706229d323cb6c79644473f07fce1f99e56ee4440,2
0x6aeef518ddf8e289fe7185498d0ddb2707801748,32
0x6aeef57d0118f7468899241a9fb135be147830ff,1
0x6aeef87e18cffe22d37d8e2ade7148deddb942d6,42
0x6aeefc2f75627aa35249bc0087479e039b813a39,21
0x6aeefcc91bda93961b9e07a291bff8f68461c242,74
0x6aeefef1e903f0cebffb83c1b7b156b85d9b8880,9
0x6aeefff981f0d331aa08b552a1326da0e73b7ac04c26efe90ef43f1a480d9e15,1
0x6aef0350668934c39818b5160bdbf4022f988de0,2
0x6aef03e2b52a8084a2df93d502776df6a0283887,13
0x6aef06ad4c2e14d5ad38521d229134d7f253cef9,1
0x6aef0a2dea3142628a188e8910f6792dfb5fda24,5
0x6aef0b276674d8682223998ba7cbc24c028ac822,38
0x6aef0f052c8bc3742f7112ca1e0e2d229d996d98,1
0x6aef0f390111efb4e0cdf074fcd6e2f0ccdef1a5498884e439af80b36d38e58,1
0x6aef13e2b3c4cfcfb8c498f3f247c0061e84a616,7
0x6aef1fc55b596bcc9b6d080ce1b9dd39130e2d9c,1
0x6aef21ac183b8f1c6b7ebd1c9a156f3dffcc85cd,14
0x6aef21b8e10b47418d6e31b564ff87fc6f79d58d,45
0x6aef26719a603cdbf49aa8ff2aba8288a1832206,1
0x6aef275f30711ef09e6faa30daf2b3de3e2b0bfb,2
0x6aef295183353bb0d036d56fac83c4ddfd31eb33,1
0x6aef2af2522fa8fef80d3e2a8834f0ce849ab0cc,29
0x6aef2eb1f5968d1d1b53e2391b9306c2cf82418f79ffbc5f11cb0e8a3c085ebc,2
0x6aef386eb7df8d44b1b358ee2cbefa7dcb8fef32,34
0x6aef38926629190c182852fb5f44d15ca0a1e02e,1
0x6aef3919f7503ed5f34149ebb40d134db6395022,5
0x6aef397597e0b7442b9ca1cb5ec4eec8cf308ac5,37
0x6aef3ed75b108ea2cdbadd54a187ea2850bfc2ac,1
0x6aef42839419cf52b35572226eb26a3fd2fb5e7a,19
0x6aef47e0646aafcec77b9758ad5928a58a991dcc,1
0x6aef4829a61561781c614187a0e9cd1a180069ce7650d9d60f33f0db6d798b33,1
0x6aef48ea854bc0e805232cecbab2fab592037c19,10
0x6aef4a1b30f901e3490db6d53e1a96f2701949f2,8
0x6aef4a2e46b2e077054496e2e731332f94110086,1
0x6aef4e5fbbbe815ecbf4f9c8d961356261d198c5,22
0x6aef502b7c2872000cda846e56ed7eb0b0c8252e,1
0x6aef5210fc91968b34df4915809fdeb97e001b4d60ec1e448c77050301ef6de2,2
0x6aef558e7ebe574d692c2acd4c47232fd54e62b6,137
0x6aef56967e5ca04b494dcdc294990abaa3335a04,1
0x6aef584117917c2560974923f0aec58cb8e03f4a,37
0x6aef64be3b06b8029ed4abf9cd4242264f2d44e5,33
0x6aef665afec3ddf72cdc1a6800b2f8f1b0566102,1
0x6aef6ad3150198b698dad220f934a41ca2a3e1005540dd3605dd13866baa9517,2
0x6aef6cf7f0f8d9bdd2bd40d93160e182539ef61d,14
0x6aef6fa5ccdac5b0ecf35224937ece58160a2a6e,19
0x6aef6fbf8a635a8f10862f584390e1f19e496c80,58
0x6aef74da4231229f6c9ee9e14f57fbba0337ec32,13
0x6aef75d9fedaf21a356cd10de5b026d7f68c0978,2
0x6aef78a41a20306070d1a89e0e720c1be6624f8e7baa16cd11c9fb028463d48,1
0x6aef7f34bf4762ecc93d4e031f9d962ccec816e5eb37f2320c4e00ff9845f804,1
0x6aef896a4212cf3119b8be477f314b6f9b5e1bfd,12
0x6aef8ab7a09578078d84aa61fa17f7f86a3a86ec,52
0x6aef8dfb1ac8db3ef4e0064914870b872f0e8183,28
0x6aef93e8fcb53b3b08de3bc8f3437ab855efb00e,12
0x6aef963bca349c27d1f9cb582fbf7d39fb3eddc6,1
0x6aef9642aa23002d0ca110a305b0497412da2853,36
0x6aef9879f6461ec9b0971d8e6d983591fcafe7e0,30
0x6aef9a3a6520b5de4aa8fb8d6d08d887cb7c9655,1
0x6aef9a92db8d4e94728dcaff131dfd925562f458,1
0x6aefa01456ffbe8b69633e46e4b7e36a7ca4b29e,39
0x6aefa08cb3628441cda5aacb29c6463bd70d04b4,76
0x6aefa24ee74acf29b49f8307c5e090865223a977,3
0x6aefa251381c8fe78fea84266a703328e86f627baeea83decab7c4d567efe2a1,2
0x6aefa2d328d37afcb3026b8b8f97d1ce97e9cff45aeee4d66b9b3e3637ce762d,1
0x6aefa48dee18af072cdeebe9a5d0ad4b03678e64,4
0x6aefa4caa8387e012a3903ff2ca6a4d48dbbafe9,1
0x6aefa5ce1598c90eb946db984445c7ecc2875959,21
0x6aefa6151c0bd16ea3daa9fc4d228b514f6fa5e8,88
0x6aefa8f2534b198b30bd49b4c7d73a7f4c4db531,87
0x6aefab5cbf947cdb7222d7d3a05ceda9d3421941,40
0x6aefab7e84d487ef8a8e9b7ee356e4e93b2eb0c0,1
0x6aefab8547ef762c177389d116d65f8defdafd4a,107
0x6aefae0dd8e07ebba6c8b8c47977fa79261cecce,1
0x6aefb0862f90e8d6b4c50da62a7e241dc90329d3,69
0x6aefb3235f1a75fdfaf8a0008a9008fdf2622ce1,82
0x6aefb4dda50f6af4b50bc86cf0464f70b06e7b30,3
0x6aefb611a2bc19acc533ddb230b95a51cc729576,21
0x6aefb930a88b63ae4125a2d19a176884c0bf21f8,26
0x6aefb9c55bbadd8010a7442c69afed72d10e3e36,6
0x6aefbb6930ca73a4efcb1b48e61ff688e2b2a947,39
0x6aefbe5dacae72969d187f7b9f96d595f179eeca,9
0x6aefc0703f06cf8f3307441ab2e2451340d63cc0,13
0x6aefc128b060a63d8be10e09a7429a703de039bd66d93933a92c4ebdbfabe9c2,2
0x6aefc15f5c11ede20b01def846e1c1b5810db56c,10
0x6aefc58727747b7d1fbba84a4809550f3c1bdd0e,40
0x6aefc66ebea39714a0bec18e69bfc3e377d16531,3
0x6aefca115478597ac91317ec80f640dc200fda18,6
0x6aefd0e7dfa55c3527a2a3f98100f6c4cfb1a750,33
0x6aefd632d1ed0d87b2b3ead52d99518b022c170a,1
0x6aefdbb06a2d10f2352bf00cd753227d0376e36b,1
0x6aefe0488089b0a977196f119ede5ece471c04bd,13
0x6aefe42c29c36a7cd64c68d8a4541da25d2d20d1,11
0x6aefe450a48f4919386193c5bf04d3a7392b8e75761bf9d48c7ae10520b69db8,1
0x6aefe4952959bd47e8a259695064099485d3c9ad,109
0x6aefec10a580a3ee80b66cd1622cc217d89a387a2ac34d1d8e23d8c7481e4b75,2
0x6aeff1f75b18cbded475c35a876341f971bd6f2a7998260e8a9dd1ce86456315,3
0x6aeff26429ec6ec9b02e2dae0ef0cc80dc83a7715d2d2693b444abea3e9168cd,2
0x6aeff2fd7b066e7c565d3779a0ea8e15de319c6e,1
0x6aeff4f44125aec94deb10c776a5c50559999da7,1
0x6aeff8ae586bde67292d5aba4134922d175fcb18,61
0x6aeffc6734eaddf70536525d2f3119d68aaf47b3,66
0x6af000dd0c7e14ba94f7131669c94915c2d02209,1
0x6af003091c0a2a24987be44539652e6e8349d65d674445101c8ec967cf0914b,1
0x6af0059ad04167fcae0fc20927c656dd9d92095b,1
0x6af007c104824c2f3494453e49a647596b2a6a88,30
0x6af00a62424cc7da7ef661509bb5bf9b44f78078,1
0x6af00e7983418aea8c991c8034c86011fd2945c1,2
0x6af00f074bace1f29c831462da045204071d3eba,1
0x6af00f25b113e3f62b542c373ce2e7dddf1c5d6920f5ee77e6059acc43548927,1
0x6af00feff2c8a1a007eb9db4c6b8f8862774ed0ce7e08b2165b22e9f15611c25,2
0x6af01519cbbce27a95395e9fbd5dce9589a25b541cb0d4ea0cc11ae2eca23890,2
0x6af015ff510f1b477631c18aab991bdc346af591f38be746edb0a530cc1e079a,1
0x6af019af36424786c9c13690b5e2b1d956b5ca7d,1
0x6af01ca1c752ab7c15c9e0b3bc67eae1ab0dd6ef181fce5a7e93c79bca5f99a3,1
0x6af01e32a4b91ceca99d8dfeec07f0a5ad009360,1
0x6af0226479ba7f481d5b0c379fe31cf45a2fb59c,1
0x6af025e9e0da22eb671245308ddeec8b08262743,59
0x6af02f2dd9e1cfa103f17d384114c6c604a984c5,1
0x6af033ec843fe98a09de900f2f213f591da86234,26
0x6af0350e0e8b109abbf260e7baed64b1ceeb42d3,2
0x6af0363e39769674fe26f6c2b4a59057a8bc53e8,37
0x6af04663412902ecb0da01f0c97dee88e9ff0bae32439509c8b4f9e07f07cb26,2
0x6af0489365e9f026f3c3471729e49ac6d2f2aa4e,27
0x6af04cb0b403ceebc5dea39d19590ca9d32fa8cf,73
0x6af0512514c65aed89a7c812da71ef1102095cee,3
0x6af0526c71e6fce77a891f9717d8bcf57f833ae724f0d65d74c694e4a30d61a6,1
0x6af0535de64208d550aa08229244553009efb393afc9a2f7c0a4617da3412174,1
0x6af05651c8414bde9ef9ee95ce2d96db696edde4,4
0x6af0585cbec024804aa9677c894acb75286557ee,100
0x6af0587aa7a7838cb4d3d687d3ac8b1e4391fabb7061c3d4145863378c9e31d5,1
0x6af05920796128b1b6ea8f9b9c7e6c60c4a3c447,1
0x6af05ae6d44feed5a8782794b6c9f0cdb4ce5099814f7f6d43935cd99ee39b6d,1
0x6af05e763c8f2fb8d404c8f6d7e8ebc0b05df389,75
0x6af06160b341f9ed99cb4e153809c5eca3e6d137,1
0x6af06513bbd4da8bd785cdb727ef35f2a7fa0e36b06185e6bb8ad2311d091d53,5
0x6af06862f81d13a397f3fba79c4e593891840585,202
0x6af06b70b4692e14176d6bf8ff8f121e0dc54127,27
0x6af0704f1e103efed834c41f897503730c5186e1,66
0x6af072a638a2b39a083917ba74362a6626a2dd94,40
0x6af073ec3cb4c4e9fc6d16681114981f8d466074,1
0x6af0775e420c9f404638cd91f3a7bf38e5f6a03a,1
0x6af07ab20a8ba107aeae9f1fa33a7ba0b7c5209d,1
0x6af07b75532b7d0e2c1978c598812aac30e6665d,64
0x6af07c7ab4dec2bc9029893fa9c234ef6022735d,26
0x6af081dd8d2e64b022716de154a494fa97b2fa7e,7
0x6af081fd346c12185b9daf22e74a6f2f9047dc66,1
0x6af087424b2ee71d96f45462a5feac7eb748ebb2,1
0x6af089daf36a98057ceb59082a1c3c1e8a307d84,5
0x6af0906c65d4525b99758f9d355ec80d622c34a8,59
0x6af092c0ee48b5c4b3d868dfc908b07afae9a588,2
0x6af096fbd4c86a72cdbb74670581ca8df8dc7a1dd7df1001d791c9b5af42dc45,2
0x6af0970d0b5288d4f879ce415cd20973a4866c1a,1
0x6af09bbb2006b18d0a24479a1baa2b374b02d709,44
0x6af09d78266aca9f2c0621591bcca2513ddb94b2,10
0x6af0a3126f7e900a2fa4fc857f29d0eeba8c97c1,2
0x6af0ae0f5be46811203b97f21ccf9742b87524bb,52
0x6af0ae350d60de4b5eb50c902fe2c35c51db8cad,4
0x6af0ae5781317efa03a9b790f275a564c82479cc,3
0x6af0ae7bb7414c5bf6c829044c67d70138663e2a,3
0x6af0b1c9b1580f5d1d8d3d281e11a951aa88d79d,1
0x6af0b31634d6725e90e47e2f5697fda0e2051dd0,2
0x6af0b3433e185614f2ee8a6cdb789fe1de4ccd05,15
0x6af0b6017068199b2a3c907ecdbf68e10489d27d,40
0x6af0b80f1626f30263307aa75f0fc7628ab7a32b,1
0x6af0ba37d7a79aeac9a72ac0b40646ca1186636c,11
0x6af0bc911b56b8f48f2e43b7ea32b447dc40a428,2
0x6af0bf6f864dbfe4e91543e29b3c054ca3d47f8b,2
0x6af0c2cf70435ac563747a0dd73c91c7dc09af50,1
0x6af0c77628108b441f7311b24d0ca4dbe77a8494b6912ae332609cb37160bf43,1
0x6af0ca733743b96d78eef5146fac13d94f9c3d2458a664b0ac465d336101c255,1
0x6af0cbaaaca5e756c5caaa75fb9f6cd77ca1be6d,14
0x6af0cc196c0a9254892621599447c0ea18554c7f,22
0x6af0cf40caed744e39dd638a2b0d76d9b2c7196a,3
0x6af0d28a26d70fbbc0f440fb844605def3dbcf6c,6
0x6af0d417d6048d636ae873d95c231b5d8ee85302,1
0x6af0d4bff51f52c8ed7e1a9e5b5194551d06e4bb,7
0x6af0d8ef83e50635de6944ac140c193f94a31b72,7
0x6af0dbb6ffa5db9ab4368f5cf314cd258ba9dd8f2c2941ca90051f62348a19b0,1
0x6af0dc0f5f4151b659575e5e274c2de11a252ef3,28
0x6af0df7014f90b9de4a9678774b13a62619913f0,74
0x6af0e13f5af70ad39ae034d2534afcf1a1411154,2
0x6af0e3fcd972a4e8870865344c35635a0f54a194,155
0x6af0e6053dff955eb399ff03c3df4d42e769aa946e0a0dd87e417216ac14530d,1
0x6af0e693a5b2f0d5ba0ba41f40817147d47a41df,8
0x6af0eb7b997d94dc972de6203cc09aaee3e5e792,3
0x6af0f071849e3d7c50b35b0ded87351353454740,11
0x6af0f0ae37afd57926cd726078aa80a3eb04842484c36fee1ffc07fe463f064d,2
0x6af0f17bb0a493bc0df323737d52da0cb7a90214,1
0x6af10111c950a059ac33830e055fca1a96da099c,37
0x6af101a7c23a2b30b3d9ec330af25ead42021d71,33
0x6af1079478e0fbdf41b16f3cfa5d33544086b850,39
0x6af10a794ea234252d09afaea121fcba83126f94,107
0x6af10d668073b63467c4a7d0a06d807cb463491a,25
0x6af11020fe1e4f6ff28ef30b57ab8878712ad917,29
0x6af110eebb61f802c2fd75633b4a5729d91ec8a2,5
0x6af114674084c8418b294a2bb0064db6d631d2ff,1
0x6af11d18541cdc6291fa09bfb2f94c4486a327d1,76
0x6af12094aad64c75fc9665c995cfdb7ad33a1636,1
0x6af121d1db9a291902cc3d177cc309d096002ce1,2
0x6af1292057877bccaaf0564c5e84bb122161b82f,33
0x6af12ee7d1e3fc2bcd0d2740bcede6ff62c061c2,36
0x6af12febc85dec35c805935ed8fc32f91adc0177,2
0x6af1328e5d67bfb2b7491c7c732729c848fd6f84,1
0x6af138819454cefb1d07586db349501ea3837f66,4
0x6af140611512a86a878dc6994d429c05155ea1f2,1
0x6af143108bf24cf27c6f7ce060df50315dfda6dd,2
0x6af14bbbf66e6a8a9a36eabb450bf95b86551804,65
0x6af151f0ad2f887476d9348a33278165d032393f,12
0x6af157e3a7d80f949d3374e4e321c71bfd3968ba,1
0x6af15b20c5111b3301364d02c376c694884bbb9b,1
0x6af15e1e50405befbbb196559338ba3292cf0431,1
0x6af15fdd0b8cc5650381506b87ebe2492d102754,2
0x6af161ed8c5ab7c93f394c4ae8a7235f668727d3,16
0x6af1634883c54de314bb5bb1368114611c53e531,39
0x6af167ea14394a433db331c944a7c9b52c149826b7180dfc2ac611bcaeec66c6,6
0x6af16eb66034064ec37a335a130a1642e2507bbd,13
0x6af170375f497da26d1647784e4e47cf53929d32,39
0x6af172e2342afc8425dcb7c6c7369291dffac4cb,32
0x6af1743d40f687397f3d50a2ba003feef6ff3237,2
0x6af1767f67681a419e226c74b81a55d22ce33040,29
0x6af17696cd58a956725d5516c88fe69b30c94bad,2
0x6af17aed743d0ac27008bec3934ebb99d674cea3,12
0x6af17fd0fa0461f054ca126261d796f512305a94,3
0x6af18026a2c50548bda12640e1006dac8a8ed23f,1
0x6af185829c169eb3feb5e8d806c592d062235b8f,40
0x6af185dc55ef87b85c7430c83976bc2726e370b4,8
0x6af19161e41559c148972b140250b39220859f335224ea3ad9788c3b8fa1ee1d,1
0x6af197395bf527d765031e183f8b2ab069668ec1,3
0x6af19c5287c44eadfe9bf181dd5f8f6d4544039b,23
0x6af19de77007990ea35c222f0fa62eabc03440733820eedc6afc0489c1a66ea,1
0x6af19e605ea690d3c79097c523fcf42ac724e85d,3
0x6af19f7c06aad9d872f70ee94d6d912ca49f199a,67
0x6af1a202459c3aaee84ddedafcccd875e602b806,27
0x6af1a4d240bf6b055628bc8a4cfb1f9691b3f8171b6d44a16ae43739d6abfb87,3
0x6af1a70debb8ab11c75ad057f44cb7e5d3cdaa78,2
0x6af1a9fd565adeed0ff110e147cb5a17a7a2fd47,2
0x6af1ace7492a6662ecd7dd42829b4deeb427d9dc,30
0x6af1ae5efd8c628d0eab902209488dda1d4f450d,15
0x6af1af6b6cab050e0501e60fe25e9a87fe071537,56
0x6af1b3c0819d9586048956c0b4858d00313d9a0c,2
0x6af1b3f81f08d92b6734109be310267be47db853,35
0x6af1b68b5bdcba62e76c1b2fba0245c3943a5cfb,2
0x6af1b70656f87b2e4fa8874ad088f93eabafbc48,39
0x6af1b8ecb7270a2dcf6a0db73f85dd390706f2e18ae7a1ee1a7610ddb8041a96,2
0x6af1b8ed0d1d3c9d8906d6f2bedc96b7b816be1c,6
0x6af1b9205cae6e5551de67ebe930908c4208152d,4
0x6af1c0beda08b7fb772b584dba5a81793cfaa952,33
0x6af1c0e127d694eaadb23bc85341bbff8acf2a4c,7
0x6af1c3d9fdb6cc74849dfe3d103c0275c49bcbef,47
0x6af1c53a7c57269a7e0d35871147488f673cf419,161
0x6af1c6347f0fe2a4b0c854cb9e87d79098ab5144,1
0x6af1c6def481c6aa60c570d28b2a1c552869f073,45
0x6af1c83c7d64b39490bf9ba8b79e95e63662be3b,4
0x6af1c9bf730e7e99eae6f80721135f6c0e949a82,52
0x6af1cdf86b14a0fa6bda59a884977fd0f89e1fa0,48
0x6af1cffdf98cf70f883dd39bf4f23f94d39795cb,28
0x6af1d73fb46f58832a6bcc46d8c1f552e640cbdb,56
0x6af1d9fcaa5173dceba64351e49948fd32aec7b1,1
0x6af1ded1c55d24cda09576b0ec3184488a6f7588,12
0x6af1e2f3b54e9cd4ba39176e80e959644a5cea9d,3
0x6af1e67bf6eeae4479d8b60a601db4166e469e91,100
0x6af1e76559a75522f3f52452c46b5858baf6bb4c,1
0x6af1e96405a2d9bbf758506483af716310f04c7a,48
0x6af1ea6523a632cbba885db4de8722c9cce71892,42
0x6af1ef947f627ac0be25946a367f2aff733dce92,22
0x6af1f156cf9e367309cff35fe622d2b87e395d13,3
0x6af1f17c0a872d73db21e05334d57f0162f4af15,1
0x6af1f20e196d9ad4cf070c49c59d74387531c25b206e71617ef3e92e395d7abb,1
0x6af1f2c997caab09a6d85df292c987bc568cb4d1,6
0x6af1f4d27c18cb031508eae6466478646e95bca7,43
0x6af1f6d9b2f0d0350f3264dccbcab2b0f21499fc,1
0x6af1f7f2ed0b977658e1fa83780df68b9970c5b1,12
0x6af1f8192b7a2db5a75a68dda745f7c1e0c8050f,1
0x6af1fad496f2b0e3e21b01778bb46697e363ef70,20
0x6af1ffd105632801c00f6db87c2ef64652517cd947072947734b58988aa5fb40,3
0x6af20000c44ddd5a360baa5282576daadfad32e8,2
0x6af20044e9cbe1cb34afb938c61c6f33e16bc2ea9a7482f1bd434f1ba2334f97,3
0x6af2024c51b873cf82e30ec69c0d8bd01f72ae31,18
0x6af20770e0ba852aab7ad3303e0a482838b0c9eb,17
0x6af208215bb98e9d7bcd1bf0da10edc733a85934,2
0x6af20aa342567e2f6d5f33c09bdf08becb4a67e1,41
0x6af2129631067187f736359a6657b4186e27dcba,26
0x6af2141d9ee957772d7d7fea07b5c3a20e10e88d191b8e4c359167e0be2b5ea9,1
0x6af214e266a9d07976e80ba2457be1abb3c6c5f5,5
0x6af217ff1cfcc06e66323dabbcf922dddec36164,1
0x6af21810b4c4803dd077001b09dbcc12b278fd4bdaec5cea20a3dc14da12f708,1
0x6af21860bf86cc93b9bad46aa16d2c42f16825b3ca6b8a075a880a294297243e,1
0x6af218d22da1281cad1c9192086558af1f39b57b627e68702526c3621d37cfba,7
0x6af22205fb1bc2a51433ac7f4d87a417b9c984ca,481
0x6af22632d503abe7aa53452327d6b6557266170d,3
0x6af228df0d6fb533e52bf42f2fcbeb97809354cc1c4b7f82b7fc7f3efaf78563,2
0x6af229c4b969ff8f8747e0ecc4f5b6e29fc24e2f,39
0x6af22af545b0418641b36dda60e927e77075b4cf,2
0x6af22b0aad1c8e62415d78c0d4608f6f262a69ec,89
0x6af232c2c0478bd1ced64fadb39184c85f113fd0d66832e259a5e217b45a5927,2
0x6af2342535ae6adf918354c1ca94ca7b638ae38a,3
0x6af234d6876f6671f118f6cdef643bd099b42bfe,1
0x6af235d2bbe050e6291615b71ca5829658810142,5
0x6af23741f94e4d0b1b808247bae25c3e6af82e21,11
0x6af243bdc68b6481a7187cec31d4b9b4e4d6006c,134
0x6af245de183ddb33c5b5eacaa47b92730caad493,10
0x6af2461ca9300af0cf4ba89bd5bfc96943bcd16e,6
0x6af247579221255fa3344fc869bf3bd12a96b6ea,1
0x6af2481dfcfb4d5964176ea94a362ee0519d3983,3
0x6af24e27df65eb5c459924f697993d8cb85e0ffb,4
0x6af24fb8fc0c80e251b3f955b0ee585eea11c3b0,28
0x6af251e43f37b0cff92eb2d5c49be94273d7b1c3,59
0x6af2536baaceacd0bffcd91152efafac43acbb3c,1
0x6af2541c9372ae0b59c708387de2583c8dd3fca3,1
0x6af25649ae32ad5e569f80f89e2142cd403e3450,5
0x6af25735c85defa6e6cda33a796ab37ad73a2a55,48
0x6af2573eafa1fb99f1301ea08b738bbaf55caae9,54
0x6af25b986a436558d2dab910583808130a8333ef06973e83cb18e4302de7af09,1
0x6af25faf06d94e47bbacfabf5b3eb9257f2a6769,2
0x6af26189d0ba0ded295502132898c859366e8d60,47
0x6af2641a3ed81c663668cd4fdc9766ef48751f77,2
0x6af264ba7a3d4cf87e84c3e0f0c3b5404201136e,1
0x6af26d89fcecb9074939c148e3786f627925c970,11
0x6af2704ec8912e31956b44d081188c4fca80d49c,32
0x6af27477ea8c4b1abd730fcc383ec765bf8410b3,85
0x6af274985b6e668630854bd23d0d9ea76b28bc5e3ea155110f584914999504c5,1
0x6af275629cead38e61250a7ebf30b4e56927cfea,2
0x6af2791a0fd83e3475cbc6537f51318bfd3e6586,1
0x6af27b1cd8d70cfe9e1a368c9a9598b5592c2f15e6043a8e8ab23ac36dbcdfcf,2
0x6af27f17794c9b0f225c3746f3a5e94f9c65ad6a,1
0x6af27fbd8bc5ed6be21100ce8492d9dc048918ea,17
0x6af2841b6212b0a6beb6434cc59a22249c9842e4,1
0x6af287a4dacdce7a170bf74230c9f30d584293ce,1
0x6af28973fec1c9bea11b3893f42d96bbe5b9c70f,21
0x6af28ff95b16e33fbebea72ded15cf4c6964d76e7b58889a19cdd5dd4078a0dd,1
0x6af2906041b7a6f5e9966465aa9a0be963affc9c,63
0x6af2928023fba61226a71684d9e5df26b484ef5b,1
0x6af29315e6a3aaae1c793e2e3a7765807da41969,48
0x6af29a89fa6cf05af269d98f35f370d896bc33b4,1
0x6af29bb68835a1120656b650ff348cf34689f58d,1
0x6af29cf77d577b967f7d262f064a7cca0b7f945c,2
0x6af29dbe11850ca563b5b6d30fe0fdd3a4d03ce8,94
0x6af2a15635d816904e8aa7917325f3368d5e24a7,67
0x6af2a86c65f1e8a768d91da843b0518fe094ea15432c35ac9f5c4ed41e440165,9
0x6af2aa3731d5d1966ed78d90112a8a94699542dd9167ee1f17e66c201291550d,1
0x6af2ac11fc2129fb4824ad2c3012408dfd17dda7,11
0x6af2ac456e2c5c2f586229fdc40d0136dc3ac736,16
0x6af2ada94d38fd53a9c88d2429cb94b1affe4ef3,6
0x6af2ae3b0fd2267bf5fe3398190d222e3f99c0c9,37
0x6af2ae9e6f8ea725d76ca6f8c128382d484d2af9,27
0x6af2b4d957c5449231b1599de692f749573791dbea92db36777de3bb5084cc43,1
0x6af2b849589239c9e5da9a8881915d19cc1da19c,12
0x6af2c12e26b33707cfe6a2e8bb683c31db68a786,1
0x6af2c19343eede4c18628e935e46faf6077ef954,4
0x6af2c1d3047df1b76765085da2cb79930f742e9c,1
0x6af2c2fc29239f7469d4dfba1ee45703ed7a8664,19
0x6af2c3d624ed3757663566d88bb3d1c70077c332,1
0x6af2c46ec12005fdc98c7afea3c572ca460b1724,1
0x6af2c58ae03ead81313957e797414c945c9cb1ca,57
0x6af2c60fb2ba19effe530c50bca90cfe026ae799,27
0x6af2cc7dec8cd5e16a867e399e0542ba3b53d976,1
0x6af2cda2d7ba3fb954958824d582b58e288b8ba8,25
0x6af2ce7e4739ce1e8213dabd6f4a22af3b32a5c06b3f8d284095bb83c0155f22,1
0x6af2cf1727cd67541f66e8b4f626729a430b53d9,4
0x6af2d15a3e5d0341c4db3061d48e9c8be66a103c78829d74190cf4d7a5b82a65,2
0x6af2d21d69f48dd4a6c136038642c613e3f98520d677839386d0528a9e5dc949,2
0x6af2d25242223db2ade340c9608f416f7ce8aa7d,1
0x6af2d2ebb2eb0e140433340597984f0e965358b2,14
0x6af2dfc89348a8e27b060ab16dde5f0329ada2c3,12
0x6af2e497fe31b49eb3a6fe84d281eb583e3a3795,29
0x6af2e577b799381784759977da3123e763233258b970fb55ab0a5b5456530bb2,1
0x6af2ef5e8016e80e1d3617af4a3828e97bd83c12,1
0x6af2f891ce36d82f8612236ac6c48c1ed7fe6023,1
0x6af2fc8d458a3eec89f120c18696a41166ed59e6,44
0x6af2fd90f708f96f91753d8101d4ce72d4900556906b351fc2eca35df05bd1c4,1
0x6af300bc6edc153e3f238022ecc5a8e57e6806ad,3
0x6af303bf1051369e5b40161e90327d38e02f6f78,10
0x6af305e955a6d6d8c2321ee4896f032bcb23b80c,4
0x6af30913e091ad270731c2cc38701f038b61490e,52
0x6af309a8c3fab43be169a839c1d7ce0c39c6e446,65
0x6af30b2426253ccf30fe4b26af4a8fdf35004026,37
0x6af30dded97f3d846549964faa87e940a2e8c7f09069c0d0baf5bf4dfd1e6d09,1
0x6af30ecca210502d27ed130e28507de239bce420,143
0x6af312ba587ba48f85a6acec34e5750a2328cd35,119
0x6af31f8788de055bef361275120862d08988b8e2,9
0x6af320be96503d98d140adfb4f8e628668673160,32
0x6af326f79a38717d5fe2d211d2e0146c11d44f8f,5
0x6af32b377c67f085849c0e940c645804f68989cf,67
0x6af331071a0e72047c8395e4b3701e1c465def8f09a4c42d33d41a492276a946,2
0x6af335f8f5600b7a7e2dfac6b0ae768134f97b85,1
0x6af340ffad19d366899d7bda99a52e7ac0f735a7,4
0x6af3436c3050bad01509d6864bb505fc9eb87201139c09c7bafa7013f69a9e20,1
0x6af345c5360414651cdb521554173ca988a214a5,1
0x6af34615eeb39f1d5f86a17f7c9462539c797442,1
0x6af349e0bc85b2f2995d97b4806e48d9fffdee0a,50
0x6af34d723ab8a3255f81a417b230e40cb970443c73d1b0396810acbf2e8d66e2,1
0x6af350d84c9066ee2695a8a5723ffe3226a63966,22
0x6af35276c72c2acc34188cdc01ff836081f9c188,1
0x6af353aa8ab035f31e93436ad26cb13ae3eb453a928ec20d04a2805ebb05446f,2
0x6af354048fae96051af111f42e028872bb402a3b,38
0x6af35475e4e904c10bb57c21827327447dee8aed,3
0x6af3564b6047c241eeec8ee2b99f49cf547b72dd30a9bc5223223cc563ea915e,1
0x6af356bd4be030fd5d639598d982424830c8f31e,2
0x6af357babab7bc933583b4eb2ce85a78fd69bf1fc046fb1f33d8f371702171ad,2
0x6af35e4ca5d461e18e7915c20edfad9f9c4940cee6bd4c6cbf57ae8768492c18,3
0x6af35f12cecedab0accf4061af40f44e5b78de34,1
0x6af361adf0b13857dd9477cafb6604343d12cf6c,27
0x6af36408e2de7292d2cef5ce75b2dc23feba32fb,1
0x6af3676d856db119ebf36e51644fe06cb73ded79,1
0x6af36f9a4e570a7b41f56e2ea473a07d615c6696,4
0x6af3709ecc8cd7194425228adece7209a7e2eab1,1
0x6af373385c194f1c1518ebaec3647816c6eefc68,170
0x6af376441c0a25c957c32b66ed77e4cb30e6a202,4
0x6af3781c3389038730d679c6c098f67d8b7c86d3,26
0x6af378d8a55340e79f3504ae4242807dabbca1c7d67b6324d9e997b40e2cd649,2
0x6af37ba84c85aee717a28af64996a8a1169fb592,28
0x6af37d144bd457ff79b9719936c4e76aa935d5ef,5
0x6af37e8c4e7ed4c8c8bdf2784b88b550bd547e82,12
0x6af3811da9eb22751866f353ef0cc49a87c57be0c6df7530bc1c4c2a2308087b,1
0x6af384e43a96d86795665df6432fbb90b6f492e4,47
0x6af386f0023e15620a4435963775bbb45bdcb4a2,1
0x6af387805797c938d0b97967e5f811445920468f,41
0x6af38cf23e290dc659344449b56ba19c36b32896,1
0x6af38eeac27a87124feceda894605a9e64716eaf,54
0x6af390c4588f4b221c70c498e46f270b36b76986,3
0x6af3917dfb1087b898a20ccc8cb385987976f9d4,1
0x6af393fd87f7367eca3231a5edec812eda78938a,6
0x6af3946e7f3a05c280b74faf2bf55c75e1fc7c2f,15
0x6af39532bc5e24e97cd988916cec992ffc5c33f8,34
0x6af39625fcf3de2f364d20298fd7b6d8535014f0,1
0x6af39841553988625de2264e6e423f1958f31d18,1
0x6af39dafd9903b16c6e5f66afc44c79c4550cfad,7
0x6af3b29ef0d0826c51a66efc2c3641d24a885cf66465f032fa048f10f66255c1,2
0x6af3b3c8c8eb62709a0006356ab5d8f90650d750,1
0x6af3b6c0408b5152090034be214297c2d939469c1b8c9a9546786748489562d8,1
0x6af3b70c4ceeaffcbd920e837c099e7e85614d66,3
0x6af3beb5beac1890acf07e722faf83c587eed03d,25
0x6af3bf415f55a8d6b08063f249311bcda68ebd18,54
0x6af3bfe0e7345b27051a2b8cd6bcbf5452ad4fb2,2
0x6af3c205e8cd42d76e733ef9f71c256efdf7062d,26
0x6af3c8dc08ac45c3c3fb922b48d60a60549aa2e3,1
0x6af3c93cba9bdeb4276fd7c1c07b46ff8f33776e,8
0x6af3cc6354cb9a4d1ebda958f4767bfd2f499230,33
0x6af3ccabeb1dbc010a3ed32ed64d4b4272ec1566,14
0x6af3cdc5b7d22f84941df30a27901eeacf435323,55
0x6af3d6d89771983ab1bb451b052badc08e93d2c0,6
0x6af3d6e3aff456a28dc18fc676b3ac3ad11942be,53
0x6af3db1cec54cd7fdcb2f1099472fb5e9cae1429,1
0x6af3dcf94a16739583f48cddbb54a4c784c9f9c2,3
0x6af3df00732029e5203f32eef3007a0dd6f18ad8,1
0x6af3e49977f5ba03511fc7067e57320ad6c9d4e1,13
0x6af3e6201ff05142ed20d0a173ef68468eaee966,11
0x6af3e69ba5c4f3f312c0d6162cc5063f89d15189,3
0x6af3e75a7a878d4d79ad1987f2c410903aa9b4cd,13
0x6af3e7788a491709e6c35f7fabff2053e18aa65c,36
0x6af3e815423cee30fe58365164097cbc16288e1e,12
0x6af3f08d1cde811414eb91aa773cf1d556ffe2fd,1
0x6af3f29dc0850f0dc9fc253549f5a9bf686f1175,52
0x6af3f41857d3db97566b7d0b1541a9d497fb873e5492017273a6a92a2e612fdc,1
0x6af3f421319dd842ba6b9bd4122dae8677c9c935,2
0x6af3f4789f7fbeeb475a983f0bf6fdc5981e7632,14
0x6af3fd1505cf1f220852f0545f5cc857113e1acb,71
0x6af3ffb91acae48ee012aa82fa09eb6255a54a88,50
0x6af40152d35b1cfc7ac379d14daa63a1cee9f279,1
0x6af4061300ef7c909533306987dbe739fe64939a,2
0x6af40b0a6bdc72b4a372fd8e28704daab2ef658a,4
0x6af40d79c8b1b57e3d0ddc5d8991989019ffec2a,1
0x6af415ec2ce0dc5faea52b5dc2dabd912c5b5804,64
0x6af41780303ad85b1af1c71dfd84e258b0434bcf,29
0x6af41842b5e70a4e716a356b2ca809518ec1e816,4
0x6af41ae839b59107dcea6125e37086b02ccc9384,3
0x6af41b3ec9fafc659e06c9d8bb09ac0392e33f6a,12
0x6af41e92f038d8e31f80032b159aa052e77fc096,1
0x6af41ff187e9284d58ac333d5c0d01fc2ea71c37,12
0x6af426aacf748adc82fcd4fda267cce135245a80,1
0x6af42a520450bd1a4c94496cb24ecc3e6e3d9f14,56
0x6af42bac95ff6b2aeff4a52cff6041ec144ed99115b199d77de25a8f56d7aa5e,1
0x6af42bd30ef55f92d0548ec6dffc64b93725e100eed80782926cebd6e21cd041,4
0x6af42eb773a98bec45402c2df8d4d3e016068673,11
0x6af42ef4e6825d9eee20784e572cb6f406c75741,1
0x6af433412dfee220012562462ce8e2a8c833415d91eeb5e775cc675d380fa790,2
0x6af433b89498de9492ff85de7c2b5d0acac81e58,9
0x6af434db24717248dd1c3a005b9737a7a03ab970,1
0x6af436c547aff0e2df822af1b8fe50d00ca36d2c,1
0x6af43779df157eb830812a7cddd1491bd6f84ce3,154
0x6af43cc65ba9b8930cc1d2ef458892c23e1b11a9,3
0x6af43dd416823c309a3abd5d1c8a0f9255d0ccbb,5
0x6af44356e254a1442057fa3cec9f33369e6b6b3c,86
0x6af444a400fe81a5b4c8f0e752f8737eff573062,20
0x6af444dba626c622e7c3266c110908e51e1c9a77,2
0x6af44975974515d096b5a9c3afae00abf6554b3d,2
0x6af44b409d21d517014e79807cd6686430e75482,1
0x6af44e94c89a4f6d1cd145a2e80d3bb2309cca19,37
0x6af451e41015bbc16e452c64b41ba733da1a2fa1,12
0x6af4618995be842b924ff09838be7f8af5f185529f383da3dcc7219a0af5851c,1
0x6af46e09a1fbe796b79a96a5126592a3f7bde093,3
0x6af478650bd1767f016d4ffc14a8c9211979db61,2
0x6af47a4e2663d93b90f7955d211667f90d048a28,31
0x6af47cea1be078fdd098c58b1d3fb15f7e2bc54e,1
0x6af47d3ac931411b6a31b6294eeb5a80352b5716,44
0x6af47ffe393419f03e43607b768a3142274e994071321b5ea99dcebe73430c84,1
0x6af482824827abf2f4f74a84b837ebddc1314417,8
0x6af4834d43855649c4179a9962646938c3cbf667,2
0x6af4850e699e9838e25fe5698fa597b29e025ba8,28
0x6af485eb0953b94a884819b598a009a78cb7fdb7,2
0x6af4890706f7b35da92caed59f5524020474f12f,1
0x6af48eb6ef1e6d9ea4932e53d36e1bd512272d8d,106
0x6af492134ead90b4549b71cea77e77d0410e6944b472eafe155abee6bad8343a,2
0x6af4955b5a3c350f8a34e6af57e73d5ddd4633db,3
0x6af4978067da6ff9e5a81cc2bc23386617726af3,20
0x6af4990a3837d2a940f05401bfeefab27cd0c70f,3
0x6af49991b65eac9ed498e46e2c6dc5b795d07f71,18
0x6af4a08e04b75e307df497ad7f81f10b9084304b,2
0x6af4a1f535b6dca232b6fbb21b8908c23aca7b4a328eacf48da93551a95a2960,1
0x6af4a4c6d4232424f2772ea8c9dbe49d521916932dbf1105c694450ba54efc89,4
0x6af4a61faed4cbc2062c4c171800fdd44f4cdd98,1
0x6af4a7b0cd9ff7ec82d15d4d662be5a874fa7a48,3
0x6af4aed9e1875c8c025bc4f586df685dafada0b0,15
0x6af4b1ac1ba25b5bd28fb38f2a7993b5f859f600,3
0x6af4b253441ca7b7f13b9fc7cbb3f477661dd409,43
0x6af4b45291bfa8dd675cd7bba5e9b914b2ffdab3,2
0x6af4b485ab937ad135f334d85699aff511b3a228,1
0x6af4b9b84a616e2411aef81dbac002ebe50e615f,61
0x6af4bd4f97c990bc3be571e6ae9370961740cc88,125
0x6af4bf824cd7a39bf90a354707a15de49dd18ba8,27
0x6af4c3b9196c18c61585e0bb9086b8cc21716e03,6
0x6af4c3c4c59926db7a1bc2d2f8edd71f6acb21e9,30
0x6af4c65a62d06f145511d943bdf82793dfad46b6,6
0x6af4c9f45d9f0100ae957f44dd01cf54c7443296,4
0x6af4cc89844bcc7017fc11841e025473eb3f0912,24
0x6af4cda421352ca70775acca5c07079340089288,27
0x6af4ce99d290e8e3c63d8656f0171f4c21db3683,19
0x6af4cf72c36edda98ba3730ab68576b5ff55775b39ed7e423f87cf8b91259625,2
0x6af4d868b72bf07781e03404147cf595410dc805,47
0x6af4dd243f7500fe29199e727ebcd948d776de1e,28
0x6af4deb2ab73ce539248466c20a68f7ea95b8bdd,1
0x6af4df6ffb9e3afed362bbbaca4466cf28d8e675,25
0x6af4df90ad1a8ff1499707ce48a1f7467a7a6396,1
0x6af4e64efeb1e2488c8b7333d2af48a9f5a214ee,5
0x6af4ea2021f4ca91feeeafee4db9a18045925979,1
0x6af4efdb4440116f54142a65dd38a70627dfb7b9,1
0x6af4eff11a723575f4f1e953fed80687140bede9,1
0x6af4f2c0672a9e4b85488ebb1cbd356c165fb003,6
0x6af4f4d26ce4f7913fd8550a7e0c01c50f8aa575,1
0x6af4fa6df91d581cb958a78fa4b890712baf54a7,1
0x6af4fef2618461c513a41f0acad858cde3bac838,1
0x6af500644071a7ebdf505ded97ca05ed0fb0f479bee1e4d282d18704f6690327,1
0x6af500f4b18b7730ac49f98707decd66ba314355,40
0x6af501db19276d62f8cd234497334f6b7aabd312,53
0x6af50386df2cd2849b430ffd4fe10bf02a1e58ee,48
0x6af5091e75065a599887afaf43b418e38708abf0,28
0x6af5095ebc15fb46be47ed501cfb0877c96897a3,2
0x6af50a9413207b6377a69aaa723cf8978486ca44,1
0x6af50ba01ad546633c04c31d3b06f11071f408783b836d4b91e1e218b1ad95b5,4
0x6af50e02f401c210f6558e4dfec5e3a85b849775,1
0x6af50ed94941de381f6d5ee8063bd2cd09df801c85cfce2fa5a6f581c82e4f88,2
0x6af51071ccca2ffe5ae10907f29ebbedc9313c5c,3
0x6af511881dc80b8e4ee5db1ac435d214e8f0723f,65
0x6af5160609323994981038c21f631accf9a48870,19
0x6af51a2fa6f0d3b58a1204eb4b5b1e020d9ab5583cdbc0ffd82922813f607855,1
0x6af51cd063b852761041192b38f40a9cccab4fc9,6
0x6af5203a14fa50b5821895044680698193272bfd574a3c8fcd25f21d949c41ad,1
0x6af522f250d5d26083354c6500dccd7f44cfbd75,23
0x6af52537369e8954e3de72b2bf7bb410953b9afa,68
0x6af52a45fef7f37ec21175142dda37bc95575ec8,1
0x6af53305387a5875d4753a624d4f3a2c9e6d7e1404cfd7624b94700c3872f24b,66
0x6af536885ab4f96a40678ae8384da7be49281bc8,14
0x6af53a525d0c10160a84a2eed4f00d9dfb4f5fa0,4
0x6af53bf7b65b60c7756874d65e55d3c83a8395ea,51
0x6af53e4ccfcb575cfa780c10466aa906f2c12c81,38
0x6af54705e040defe131c43cf676bfdf55c9f8c0a,1
0x6af54a1af0c2b14588fc857ceb3b5da967cd4794,17
0x6af54ca831f947125620dbc1c53aa2fbadb986e3,29
0x6af54d60b87e510cda0b188c1004bc6fd30410a1,24
0x6af54f193d2b6c3a2fb74030a4365ebe7f735c45,1
0x6af54f412d8ef815ba052055f87e09d418f53103,10
0x6af54f5d57f7d3ee4eacabb13f5a6bd9958bee41,2
0x6af5541446088486daa43a8f715480ca584a4b4a,1
0x6af556854286d5f864c61966b5454b0d3077698c,32
0x6af559a6a2b8ae99e02dc58f16064066d71fa0d6,19
0x6af55b707ba858d80fb8889b3af0cb5988f7f913,14
0x6af55c02e00c43dc2e6a567fc7ff8e14a51fa984b6246a48ad42105ec45d6e37,4
0x6af55e9996a0c4860baea18c94f8fc2256e33fdb,46
0x6af56241f688b50a2497326eb4d19c5dadc05b46,21
0x6af5633c2cfecadf33dca1b94d98d06b253d47b87f88ea43e5ae8227f22a62d2,1
0x6af563755911d73dd2e69c20d7c056a42611027e,1
0x6af569939dd0a2880618316d83e6dc0447188f51,33
0x6af56a274fbbbf48dd68ebb862ed68c565a9853d,4
0x6af56f3a7265ea53120598c45284a89c0cb6dc48,2
0x6af56fbaacd3fa14fda632b1edc57f3c246521fd,1
0x6af57173065b85273f32caa8d83de7ee00d55343,12
0x6af5768811d2b3d8d53c18703b66ce82d3364f36,42
0x6af5791d2e4862630acf7a113b18d8c267d67a5d,9
0x6af57dd96125f582d85cd2978d30d63be7beb209,1
0x6af57e05db475db6370b7720ccd2fdea702c3324,47
0x6af580ffca6673ba70aede114f9a5f7a14b7d1d5,58
0x6af587b1791a5c5be5e20fb80435c8d219de6676,1
0x6af5889c8a59524650876c58718cb4187963c9e9d8ca1eeb38139c3fdfe1a0b3,1
0x6af5891068955825689908d910170a4e5fbf24d2,80
0x6af589672607fe393ec0d8e38c15c186c1a76b55,14
0x6af58a3e34e97f5aaa38050c3bb5a6297fcf2ce4,7
0x6af58b14aff20fffb83029e37f715a8b61f73f1e,3
0x6af58ced7d0e5162aae77aa05b7eb6cb026ef60b,112
0x6af58f4ebe4857b3cdc5a74cf2ebf9cd59929b49,2
0x6af5900987123af235e6f33ada5ce9f73fcea88b,2
0x6af590e36e21d15cb2cf22f49ec83dcecac0b416,1
0x6af590f57d553858f4e7af0b615f322ec0118777,9
0x6af5985cf5e0e0ce9464b5866aefaebace676b5f,4
0x6af599cf0a61501b15a4277fad97eecda132bdc0,2
0x6af59c6193932048d55fd0aa2f3cc698e8800d84,1
0x6af59e8028391969fb1d8b5ba2e91cd508a20e0ea0dd0168531336454942495a,1
0x6af5a3e2dfccf596766bd60879ce48a2ae73e477,56
0x6af5a52667b5088ae88f819a812c55012fb48d25,1
0x6af5a6e3b98f598e4c5fadc6653361ed8a4d88b7,33
0x6af5a87a45f7003c7387bd60428de5cc99f46175,41
0x6af5ab07711e5febd78a2d7b6c95007e35879939ecd079260042bdb76d4913dc,1
0x6af5ac438b7a2785c5a50e94b4fb298a866c7605,3
0x6af5b1b07c2a98f7479c2de00964912d0d9cb8ce,66
0x6af5b470c5d0af0eb1f6602a8407dc7d6676445da0fc8c4639c561736df3937c,1
0x6af5b754876d6e61cac06f5581e5185c6e41230c,22
0x6af5bce3076af1ba0a835bcd44b975ae82803121,21
0x6af5be7d013766f201bbd9377287b303488fc691,183
0x6af5c0d9fcacd3355e7053b88b4b5c953b184b82,44
0x6af5c20ea56bbf5e0f35fe3af0faad2b7ce47e6e,1
0x6af5c72bd83a288f23109dd0271c89f999c58bb7,44
0x6af5ca9163118ff0dd06c022a143edc013350baf,17
0x6af5caa9ab4772f5088801cfe0517a3dfef5eafb,16
0x6af5cff56ce1317c4a73b012ffd55ba1164d7c08,50
0x6af5d03f6b152cd1549c00e6e02f0bf307ea95d5,1
0x6af5d2192d5cf5bb57dab78fb517cbf86fa0ef1d,31
0x6af5d38caa7ca018af29e09f1a205abd9f0b1b00,118
0x6af5da04b3ce82a9f8cee3a63fccb9c5427343cf,3
0x6af5db8425baf252d5c638953bf9e3507309ece3,3
0x6af5dbd82ec070777445d7cfe51d69ab4b31b07c,1
0x6af5dbe64be57c4cc3450b7df638cd9b5f28b34a,7
0x6af5e72990e079e9bd1a2dc31d43f192efddfc69,12
0x6af5e78ab8586e583d811c538de30bbccc804d47,32
0x6af5e87bdb3ad83186a859508097aa04ea719bcd,10
0x6af5e92cce3d03d5eca9b8c214d26f4cc0b114fc33527aa0d16a1328e501b159,1
0x6af5e9e369d0427970de655b63d5791ceb514b32,75
0x6af5ef4f4e1d228d88831788f9ef4470c57c32a5,1
0x6af5ef6c58ed62bc7e7992965044da7abd954927,1
0x6af5f075ddecd980cc5e5710db70697a2f32d6c0,1
0x6af5f24249370a3e047bba1536a9dd2924d1d96c,61
0x6af5fb00de6e71e5aa18fba9d12f58b1fd15be57,15
0x6af5fb6774102aa338aef899abbc63b59e89366a,1
0x6af5fc9021c3fcef937ac3ca65150f98a2878c20,107
0x6af6023cf71b165c7f857e73275a227b2cdad297,35
0x6af6039879a88ad537e7a95306d6acf522b853c6,45
0x6af611324625700ac19aec62280a0cf61e8353ec,2
0x6af613d7160bd6d66c6c2af60f62ec9dc75843fa,1
0x6af6162cc19c3edb48b125bf8beee3eb24ad6c10,1
0x6af6174d2a35054eab6c0de9f2b1cb0f6e3f97e0,2
0x6af6195e3744a615b78fa785454ffa5a2f59152b237801ea8554636afaf716ef,1
0x6af61cc50ed8f3ffafbc1da54974c050f97276e4,12
0x6af627cbea86b963c4bbc35bd1f316bfc92c052e,3
0x6af62bdc4d1e38b800ac83720c74b8c21e748174,22
0x6af632c5054b8d18bb8ab02bbea214af85198410,1
0x6af632e59ae8850e334654a0aa30bd72415ee79d,1
0x6af633c9ff8c6ad06692f72984eae612eeb8d453,71
0x6af6358e4c9bd169b78ea99a22ef199e73baa85b,1
0x6af63738894b483795e4fd8d1a4d9efbe39b4515,40
0x6af639ea945b8136988a6f7abe11d585d99925f2,2
0x6af63cf835658f3949a1a0b4da957589f292b994,21
0x6af640f2dbe8fe7bc7f8a8551b145ed8b9a7d95f,32
0x6af64ae4f437837e8e2b58246636cec5ce964262,15
0x6af64b3f22169b10550ea8557a96904e795b77cc,31
0x6af652146ea820a0a2f0b84a8a3d7279631bca41,1
0x6af6598a17b58dcfa430e55832f229659b7771a7,30
0x6af65b65a323b89bd4461f42c6ed12d045a1eac4b194ed5107bf906cdbbf4978,1
0x6af65b7775dc2b93fc3369c375b342075dd57f88c957749d83e1e3dbc4b1d3de,1
0x6af65b82ab57cca6f35dd78ce7dafc1abb91669b7d51f8b80a728d331914d27a,12
0x6af65bb9f2da15e8fbdd6a735fc912f140dec4d6,38
0x6af65eab6c988d405419e20c182e7c1abe6db28d01d256d99f0b94c59ea7b98d,2
0x6af65ef422ae4d256289dc4cce2706f399963846,2
0x6af65f51c59d8bb88f05c30b38923ab179905c89,33
0x6af66351beee3e7be42f080eb737185d6e4e4f88,2
0x6af6675da88f3603fd7e94b330e4d8b800ef1f67,1
0x6af67419b627050c86f4186a3e6ce5df62fa5150,60
0x6af6760056f2e49a280f8d77241ab8a90c6e6331,1
0x6af6800ea87a9be435225c6571bb4a75a5d67bbc,26
0x6af684d2127a6f95b39fbaa3fedb9955a0910a9b,14
0x6af6853f313e9c7010d5e58084fbbd09e6c4547e,12
0x6af687e60d9e71bb5793c3e0699005ce210a70e3,45
0x6af688cdf7876547cb865acc98753d0910305f08,3
0x6af689b68a3e2401751f7b4819feddb8ed636343,5
0x6af691d2fd1106421ae3b8a22c1efa0fced65720,20
0x6af69452d4adda4795fc8380fc05e1ad4914ba64,3
0x6af6945a76585f26ccd8b7893c2d282515a6537c9a51fed210b389f110b2b2cb,1
0x6af69cf7ff1ed452855edef6599aa4e6cca811c77e66db1193d8bbfa1be56ef8,1
0x6af69deecabebc841c8b8ebe72d3342de5f410e8,1
0x6af69ebb072748b64c1fa124b9171865f8a9c2287fb0767a68268459abb0ce12,1
0x6af6a200020d37531b433a101b91ab1129dfc4f5,3
0x6af6a24300c2d6aaf12f8f5d3b4d9243c01356e2,1
0x6af6a6d6693af4b6bc1e7f45e4234ea3c155d7da,1
0x6af6aa5bd1f52de8211fc6cf91db0a65c1d9cbce,6
0x6af6ab745b01c327606ddddbd3c8a49b2b368f74,13
0x6af6b34096c1bf4c6df68fdfbe0efdf4512ebcec,2
0x6af6b60b9896f97fa955c1ecf03aa577b209474321f673af1f1dda83f164fbc1,1
0x6af6b616d567fe561cd4ce9313bb0f724ed8fdab,57
0x6af6b76949d59ed6d47a9e31f19c40deccc68a07,6
0x6af6b9905ffc118e42492ec36abc4440f48940b3695eb3b16cf12f4c325e6a6d,1
0x6af6bd05bb733b63af68d4229f22078ee35feba9,35
0x6af6bf8466a55533e63d87a8c73b718d76d9c4ef,13
0x6af6c2f6cdd2267a124818bbbabc8023c1872c4f,48
0x6af6ca2f2983005fa7f36909220819fc801a5aca,43
0x6af6cb57760cc2303932bf7d982f450e96a092f0,53
0x6af6cc6e2b44e478c7353e12fe64a7a78b9cb8860bd07c8ad81f49bdd7c13235,4
0x6af6cdb51dabc1ea5dd40e44728a8f83a751e59c,27
0x6af6cf33feaef1cca470c9521dd155aa8c870c00,9
0x6af6d19a04a3cb955706e3686a0b1982c709fe5477a02742f599b683ee8ca487,1
0x6af6d4c57b3d48d614ecc52f6c25242783dec71a,165
0x6af6d5507d6aa84d8e1fd7afd6cff55df39766ca,1
0x6af6d5ca7db7ad0b868cc38e96a1d5df52e22fcb,80
0x6af6de4776017b56d7e1e97208b1f858f19ebb58,24
0x6af6de7a8f75fc04524df02d677e1568c63af974edf833ac77e73a465a4f6089,1
0x6af6e0e3ff9dd77eef879a5d66a85785ec0de41c,26
0x6af6e4b41170582e8fc4b5c3abbeb9660f3efab3,2
0x6af6e4dc90e2ffa3390b13858ce00c89a80e247b,1
0x6af6e747e3032b99c48aa45b939b6aceff3f595d,58
0x6af6e83afeb8ca3d763b0baa934868999b6d90b9,24
0x6af6e90887f41ed4ab2cca763976329bf9df6249,2
0x6af6ee250efc6c82423ff4b37e7272c6e91d19cc,6
0x6af6f130f86a361019f67df688525a2b4251b51f,2
0x6af6f16c19f20a11cc7f247afcb8aa702c18627abdef8433b056d7781d3e9194,2
0x6af6f61bf923b1f48339e82404b0e0e776b4e98b1241f35292fe49d358f7604b,1
0x6af6f981b2beb24f9c48f302bd1656bfd2be578f,12
0x6af6ff2447b0e2bcd36db339a902987634052855,1
0x6af7015ab084d61962e9f098e09f8af6bd9aa4b7,26
0x6af702b6bbf816c8bdd9482b66f4a2bba6da6426,25
0x6af7064ab484e40eb83f254eb9b795a3b8a82cd6,9
0x6af70ad80edc823bd2820f973a21d4af0eb22825a7d7896873d9155b4c022ea6,9
0x6af70d8999f0aea93e6275579ef0c55ca4271cb5,3
0x6af71193d1baf1b6f4bd8f47edfb55343ecba3c2,13
0x6af712d37ac7e55ea74f16b778e3883ca3cad512,1
0x6af7157e04de0e230dd5e0fc185ca2c51b721a3f,1
0x6af7198a4f33025512db8e970b177d3756bcc583,14
0x6af71be721620b65bd7b446dd13c857772f3aab60720445ee89323bd922e8815,3
0x6af71c3e547e1d5206920fe5c62d5187d1a0b817d1df180b4ef14841b1702ca8,3
0x6af71d20429c1003b07e9444af6dcb6370d76460,2
0x6af722984123afa1658facadf4f5277fd28024c4,1
0x6af72d5b86d2511885c21a82bc0ddf10bcc1228a,10
0x6af732213efcff6202697bdf3af02753a999a604,63
0x6af7342aa6db002b9f518f3a7fc1539f88b67818,1
0x6af7342d5fafa27394e9a1c3e29e389ac89d557f,1
0x6af73642e76fd12aff2a1f16bd9216620c763a7b,1
0x6af73a74db9c93bdd092ccf6b36ec8f02a56e156eb001b95bc95b9787bb3045c,2
0x6af73c0e7721b1edbdb39b4e52b1d1e81e99955c,7
0x6af73db4a5a91e3a4c78ea634eef4f68dafd4105,39
0x6af740061308503f41073370ba02f1df97c9dcba,1
0x6af7437ba976f8f367bafa14911294fe4e30c7b3,12
0x6af7457c11dd4c15cdf8d0ca80026d0fadd8817ee4e5c528c31ab0eb6d0d7891,1
0x6af7464850b0a7be32236083ca35e22ea1b48543,102
0x6af74fce6716b826638e0d429d9556d74a94bc62,1
0x6af75047e34be35a40fcc8444e44376e4046de5c,3
0x6af7551a4e74004109134026ea6f1cb6bb77556a,1
0x6af7559ad1fe085ba739cef631e1794c34aa3680588c2cad991a82b6a0fb5d39,1
0x6af7562253438cde90ca24c35f963f6528e9726d,70
0x6af7598499565a7d9b4d580d6ef2c98333cc9cf6c166aff63dccd18d97d244cd,1
0x6af75a11666bc05a98d6986b944a275b131310e7,41
0x6af75b618d229c0f6aea3da83cb0e2d285fe9557,1
0x6af75bfade3301ddfbb9d27d80c602d1ae74301f,1
0x6af75d114f5f293aae3ac9a87d2fe0151c310ab5,1
0x6af75eba56af76775be682818eebde5f404497bd,25
0x6af76683757806415b99961a724eb3b5a6fc4d77,19
0x6af767376cf82f6c9f73c1e5dde49ccf632e91cb,4
0x6af769e833f7c442bcbddd5a7547441aa721fe4bc60e650ab0214f71128cbd9a,1
0x6af769faf4644604164ca0538e36f2d64e713ab5,2
0x6af76a09fd7cf75ecd0b30c7d275f48ed3c332a5,1
0x6af76dd76678c50e297c7180d5950eaa112b8017b522766c2fdb34f8bba7510f,1
0x6af7714d74a28e1db6a9413fda4d07ccee86598d,14
0x6af771b80c596a5321f9468a559b666beba4fc84,5
0x6af771e7118adc2cc65a073c597c5b70200e56b5,3
0x6af772b6b81fc3c42ec59fe88e1135c350213589,2
0x6af776b0c5faf64cd385474ab2f475ce66bff822,3
0x6af77abd2f230c41d660d2d9a1f3e3d274c5245f,28
0x6af77c6bb0f6226fa121b1bde7f1632ac373c26a,29
0x6af77c9d8f2734daa7c84b427987b02858924490,55
0x6af780a856f569fff4804bf03bb9862232ee65ae,27
0x6af785a0d2027241266c4291c5892ad612ab379d,18
0x6af78799b3ac1f3370801d041ef7804c206c27a1,55
0x6af78a4ad15df25164cb2f4c6c8b3d2039b3c842,30
0x6af78bd44d465774e52ea35ed85c70b830b7ff80,1
0x6af78d0357616307f4c7c5952fba92fb42c25c56,25
0x6af7914428da191b7a6317c3d58962dbc4d1c98d,53
0x6af7931a1500c20bc7bf51586063946e83458282,31
0x6af7a57cb5030f8e2cc90859e9c69a3684cb91d7,6
0x6af7aa3fec13da937c2899559ab35c15ce69122a,2
0x6af7ace94ce528c66b999f2b0b950640316cdf61,1
0x6af7aec3f465760013243867ecbad35cb2169488,101
0x6af7affe3c92a45befe53dd2edb233f6b28e4bf2,1
0x6af7b05b98957802f7ad3e09df679989e0f6af510c3350530ee199d6dacc7eed,1
0x6af7b58aba31b72ac80bfa10fe86dcdc62a2cc02,5
0x6af7ba4ed7221b9c1c37b9b73abede8db42ce96e17ae980802cc9c81697f59e1,4
0x6af7bc83210787dc485f434d5b9d3e91f53b9335,2
0x6af7bf332cec0039115651875f665260c2438f70,10
0x6af7c1abfa66b1626552866842133abd40720c37,1
0x6af7c2679c275780495d87264da06f064d74e05c,27
0x6af7c2ece1ddef9f8717d5bca59d87b847ac99a6,9
0x6af7c2f5f1756357763d2ae5ea92ceef82ecafa5,30
0x6af7c34b25f70757fc38bb23160efefd48ce505f,60
0x6af7c647f87a6bb21c157fa60e6de70830dac6de,1
0x6af7c6c5895415621cc0e3c56f03577ddb719999912fb08409d9f6dfa977d9ac,2
0x6af7c8433a2e415d908cebe943e125d484acd7de,1
0x6af7cb46914ab1993fc0ef70858d382d28c1c49a,112
0x6af7d0d1080446d8da79e3ef1aecdf0fcbfb1744,42
0x6af7d4091656d901a346fb6e81ecebc001528a34,58
0x6af7d90be30efe54d78dcb8306da1e6a08d3db63,1
0x6af7e0f42dccab64d21caeb0a0f75b2686c13dec,2
0x6af7e5a7fb829e0502ee9115faaa1a357ba66852,1
0x6af7e982ddf2b96b590a91a512c719633dd141b2,3
0x6af7e9f9af00fe9917fa4984332466b53bda8fde,50
0x6af7ef0da7c87840dfb03ad9c3d258600c96bffe,1
0x6af7ef8e74fae643c2f3b34148db0bc5b9dd58c6,4
0x6af7f5d00a6ff836f45deeeae4b204c53c3fff91,35
0x6af7f8230a1501655a603a418d2d7c6a2f3971a9,5
0x6af7fa6ac44379aa8a05989e7899b284345ae1dd,14
0x6af7faf059fcba0e3e02ed9a42472b74c79f687b0195d4205d8d3f418e9f6c04,1
0x6af7fc65d8fd96cac112a70a29d38c305ebe9dd8,37
0x6af7ff0dcf9415a9c53e02f232375e15e6810be2,8
0x6af801707ab71069ccfd3191cbee7d37e9cd8fe9,1
0x6af8022c9ee1ea4fac7b5e093f69f84f09aa67fb,6
0x6af8098904e1fe4642e80c4087885fe7d0e19591,1
0x6af810493a7fc09a7514c4b80865b0cf447677b2,22
0x6af8108d3854c626352f736a70083326509e4ef6,34
0x6af813b7157a304163496c5378d35602a348eee5,17
0x6af81e9a9a91d7d1777ef3cd7342026a5db473d0,1
0x6af81efb629de7e5058adbe302f587f22aa5a65f,192
0x6af81f792af3d6fdcfb067be264b524d2f34bde9,81
0x6af82081c41fded8bdbbe153f3fa2c3d610eb2db,40
0x6af8240306ba6c0f00d694b54b1930053c4bbe50,55
0x6af825cbb4d6afbd8373b71514ad863875482c6e,4
0x6af827e5c08cbc13d15f2adac5db95d85fe9a6cf,29
0x6af82eb64d55721b0c88d8a5c65a8b1035662bff,4
0x6af838414f05f57cdb3547bdbf41d4751f355c5e,1
0x6af83a838ee1588abb281290dc0fc51eb66004b1,17
0x6af83cd9599796893721a5b3c742daaf77efb35b29510547389cb346b0fae328,1
0x6af83d672065d9c0da0b59e18055bcdb0e74b53f,34
0x6af83e718176887173359148be2f771453f26cae,70
0x6af84002716954ac578a851cce08e442098773b5,28
0x6af84105a44558e21ac5c416b89e0a9941d0eaef65d02b8a99bed9e2e761cfd1,1
0x6af84826e734d9d39972ed53593ca1be8c0acbed,3
0x6af84915456007daa4e3fee646aa5e0660f7febf,5
0x6af84fc0780813a35815875b8f37a116704edc14,8
0x6af85203216fb844da2e32ed6f8f3ae7fb1fed49,62
0x6af85209deb3c85271fc19bbd5bac004e463e974,74
0x6af85233500eb7b02b7c512b2af999d2b3a708f7,84
0x6af85581f276bef25572c0f7efa6b69f696ff399,4
0x6af85845d76579afbd1ab8e603458db9913193d6,1
0x6af859bd509d33469a4be7922defa208fcca050c,1
0x6af85b327cda947e5b6644d58e228a948f780cd1,1
0x6af86592b82028893c29033c8f57553d352772fb,11
0x6af86c66c984053215da7d51c5757cb15c4c9109,4
0x6af86fa784b139ed659d3c47fa70104c42867016161d49414ce1ab49f0a79c6f,2
0x6af8703f1de5e2c694bdf1d99398c001303593dd,63
0x6af87213198108910a481a16d338215fe87f9e83,2
0x6af87be0982fdc0575d02f8eaaa46463eeaf5d4c,21
0x6af87cde4262d76206ccfa1525b821750312f8d3,13
0x6af880420268e499eee83e0c3e1ab1bec0017462,59
0x6af8831a0f6330e69e9efbdd33348320f6dd6765,1
0x6af8839a8a16ed96fe92a49e3fcd32b171636bc6,1
0x6af886c3a3ad69598695ef057632eba94bf429bd3bc5eb7c128e5cb98a58b13e,2
0x6af88e85cad40185c514398b43d1da91c144d3b2,32
0x6af89095bba84f1f09ebf41a3a5aca04aa3f3b63,21
0x6af891e7416788a9d87bc468e0f94ae4969add9e,4
0x6af896ef12e75d773e251861456479f6748719ab,1
0x6af8a01c01e1a15a4a931f97b47746c898932f48,1
0x6af8a2a80d01784981078fa9176260f1c6985368,1
0x6af8a327523e94a669ada33fdbdd56715b45aace,3
0x6af8aadfdd5c760ef9163410556967fce58f4fbe,1
0x6af8af74629b18e8d24f85d95005e9bc3a2e2dab,4
0x6af8b4051efe419d4b0c6d96c85ea921550dcf6cc9bad2d8a0a4b37fd2609a14,1
0x6af8b5ad2c74ffc6f75412e8230f00be22ec1230,1
0x6af8b766939779efad8eacf6aa12ba63e5b3d59281ffa2f38d014a3cbf492fcf,13
0x6af8b8045ddf307d5d7623915090ce739275f6cf,6
0x6af8b82219e91abcc1baab20a8de96fb3866c80d,43
0x6af8ba4661165b059199618d727fc199947035bc,75
0x6af8bb8e000a175001db5183aa6503ee3f8e133c,2
0x6af8bb935e61b269342a1737b5937b840f52c853becd217afb1e8b68ba93a6ea,7
0x6af8bccd0ed47e9a41413602aa06804fe6d95f14,1
0x6af8c1f8464e6a0cc0ea0d53f94a4df830affdfb,1
0x6af8ca83c787f8ad342519093e24557e0d53f044,6
0x6af8cb8069c53b5ecece40625db95de153ec89de,44
0x6af8d61c5adb503ae3d97fe152f1e2b873767e1b,5
0x6af8db07ec86b057aa3307cafb1daa715ad83469,2
0x6af8ddc0527cce07a29b934cb0629953f63159ba,4
0x6af8de84073ea57aa448cce583dd571d50d58b45,3
0x6af8e219c960fa96df4479711436d89bfa5c81a15537d12b786c7633de27437d,1
0x6af8e3c7db006321b46c32af5acf79dc350197c6,14
0x6af8e7bbed3a466d509c35e84daa377cd9762a95,1
0x6af8f535166968f688d5bec000add30627086868bdf2dead35b44d98dbb47e58,3
0x6af8f647fbf8b959c90cc867035fcda2341ac30c1f5710daec6f25d778ae59b6,1
0x6af8f801758955a813a4b2b9d554d8392dffd677,2
0x6af8ff062e1ccbf9624c41dfcaa630310bbee8ad,163
0x6af901f5456b46f586a3ee2723439cb40d5a1304,7
0x6af90271ad8ab0d9163b12963098a4d7e17287dd,19
0x6af9040feb5418e1ffc4531530b204e12f1f588a,3
0x6af904daf7514f823bce6236660603d1d0569ce5,12
0x6af9056427bbd9a85b2706ab3dea1ce26c6a8085,41
0x6af90d3108e5a2591b0d384895b538bf91f1e6a1,2
0x6af9196d2486c8deca10e3be91565f128021af50,3
0x6af91be5bfca03f1e4f7c4c76f2d75c624b031cdc2a620474fb58dbe076e0b60,1
0x6af927f8c9cbf4d9a8003ab229b001311cc5e365,2
0x6af9326dec4ccdac9691d2499908151caa61afc4754c2867b27ff5d0c69e89b0,1
0x6af93610578edf963b1c0e9457737d8758a4ff91,3
0x6af939626ad67bea16e3dbc9daa47ffad2aa9025,84
0x6af9399c45ea52f3aee13fe47f20c94922cd0c59,6
0x6af93caf9fdcc0b8436df14baa4b66e96619b22d,17
0x6af94a4db6535294e6f35adcfb7654db91fa2ae3,14
0x6af951654d9a31547fbf2f162d54e6378ec0fcb8,7
0x6af952247f97e04809512a8323ac9aaa34b0d0da,28
0x6af95a5bd091dccfc0449d311902c98c97dfad6c,1
0x6af95af5d9759ea478c4284a00a604349c863b4ba0faf5a3a23caa5a08aeff4f,52
0x6af95d5dc0d4c545c5e5daf57150fbfe6fc965fa,42
0x6af95e98f362602860c91bb37b2a4cccd3d80a48,61
0x6af95fa74b37332940acab4c9599da598875438c,2
0x6af961755a7010873409f19902ae1c562e12d04e1c1649318f0bc2fe3b11a48e,3
0x6af96554e4d9f05dcaf2ebb62206f2ad24f7f66f,43
0x6af9683f512d65792378e04672abd0a37fe2b666,128
0x6af9692dd243c9e35cd026c5b935cdc0a2201866,31
0x6af9696c96b097cbabbb2b5124a1c5a8006af207,2
0x6af96afa15dfb95fa889bbfa85b84c9fdbcba44b,28
0x6af96bc212e805710cba3ac3a8cb693d578338c7,10
0x6af96d34db0a0ec55df2bfaf62b163c84fb76bfd,1
0x6af96fe1d99a7bae7ecf9c8ae93b78d8dadac15b,1
0x6af9719e8feb733b185999043b2e11d93994b281,66
0x6af97251ed9adaa653af4481a47f26a62e4f659b,1
0x6af9739e7f0592e65b5d674871a32bedbd67ac9fbcfed7f0bc1d2ccc93c5fc3e,1
0x6af97b801cde5842d6be65ffc763c70682f28e2fe57c884128835e57dd943a8b,31
0x6af97f1d83f1ce71fa97a4d84f1f273d5e9bd132,1
0x6af98013dbee061f612a8b03fafd94a9a56f8891,1
0x6af98082c9813b2d0b2e632a257db33416eb2f6e,2
0x6af987f06aee1ac3b21911a3654f94b8620334d1,2
0x6af98b287f5e4dee3068fec2955d8b94cd26cb051e03b7a1a0cff520e2de734f,2
0x6af98ecdda112b72bacea32efab652ba5f0dc695,13
0x6af9924074618b3c15a5c98da3bd28adebfd44b7c11266afd7693206b44571a2,73
0x6af99510855ab59bb52b6063b47807dcb2c99ea9,67
0x6af9968fb31189245deac052ef6c736fc7535d0c,45
0x6af997efcae1f8a04c102e6667677421b53c0b39,46
0x6af99bc23b85483bbb8069c1361a5070ffb07976,65
0x6af99d330132699b3182fc94a4935f144525f471,1
0x6af9a2c9deb9609a13987b6ba4c2101b370db7da,2
0x6af9a451a33dc834052d2754ce4beb9859ee115f,2
0x6af9a48f57935d96556eec4fabc26223ba7f7021,1
0x6af9a760f617eda8193b0c4bc13352074b90c846,2
0x6af9aa1c5304f59fe80e3ecb1cf546c0dc34cff1,31
0x6af9aafb6a9dd9512aec3283e59a74ed112bafc3,10
0x6af9ad412ebecacd30a2b6ef74221d822e5ac675,12
0x6af9b377c1a79bbd5a40d782c7cc1e0bb245bba7,3
0x6af9b4135723cc63cb356ef3b0069c1ed9569ae8,29
0x6af9b5bb3daf07438cc6f51904772d8022f40459,38
0x6af9b68a92db4ecf2b5f9e925cf0292de8225fae,1
0x6af9b8d228c650c2aef575a9370c5d4a23c52f97,58
0x6af9bce380ec148e4d390de6c208831a9740863d,19
0x6af9bced19c1f96d6e6fb46e03a009c60467fbdb65a0d2b9fc11edb3c4273a5f,1
0x6af9bf1093992846ca22b4e23f2b529e40b3b9e66312df4c8edf84295446ddc9,1
0x6af9c4a064a0f35c1406e94e3cbc470d915d53c4,1
0x6af9c67d9a40ed05ca81e5dffaf98c7c24496cea,40
0x6af9c75afc43c47ed18b57c68dba2afa327e7f80,4
0x6af9c9b3bb6ca0295ec5522073fbbac374ecff54,111
0x6af9cb39918a57ef1fa85513a3fff1d26a52d165,4
0x6af9cd86b678d0036f1b14d29ed62bfdb2bb196c,39
0x6af9cdd2e4866046e8a620e7a675b0862f59e721,9
0x6af9cf5dc738df6928099b06812fd1ac4a076477,2
0x6af9cfd2e8ed2b602c02c739b4792cf3f47f1c62,3
0x6af9d2dde5b6668d3fb18040adae5c82021e9100,1
0x6af9d43d62bba30319d2450ca0286b96006e1a76,7
0x6af9d6c5d998af58155f4ee2de40647d356acf19,1
0x6af9d7b531b086013eb331e7ec00f3c7fc2ce929,1
0x6af9dca08a267a6116602cd6e650e4505b5baea4,1
0x6af9e046110a8c3b1d46356df6799f7e5b2f226a,8
0x6af9e2e01a1a2fa393f03aae4d9ea1fb0efb88cf,5
0x6af9e44223f8b085b5a22d5e8441b8628701cbeb,1
0x6af9e8f049a29d76ca1ceeca8de572512026a228dfa58c45c6cccc0120fe38d,1
0x6af9e90f491ea196e445b9ec77b21dbf6f3eab37,1
0x6af9eb57292ae5ab9432d1d562e049df1bc6466d,1
0x6af9ec7b02f295c669217a1e5600abc0f8facc2a,1
0x6af9ec87556dcd0ea76b4e7abc2a1c6a0ed2537c,59
0x6af9f1e9d731fdb5071f34c14facfcf2d447cacc,1
0x6af9f4c1da16709193200190aad09ddf11ca96798924d6b8ce4cddd6b6251083,1
0x6af9f6c841ed4d3bcc4de7a17c11c74a8da94abb,4
0x6af9f7b26f4790d730e53e2122715400d76d64d8,1
0x6af9f87ead4362eb7f8926eceefe7e97986fe59b,7
0x6af9fed62bb9011a12cb8aa69e771c1bd0ad988e,2
0x6afa006f87331c05ea61fc6bf989f29594642c67,48
0x6afa03fc614296bae3bae16955c5a8950d6d33f4,1
0x6afa0588cb820e5c18b6f490e0eea1b5c7ce3266,33
0x6afa05ab2d8ba56abd9597f76be95f87b6d42ee8a678e2bfcf470d60ff6d7c6f,2
0x6afa05ecddf3d84b1e09aa264d53194c731007b5,74
0x6afa071f8db21fcd3dabe3564e4932320c95b688,8
0x6afa0b99f3534ccdc7a6b103a81ff68514a86cba,14
0x6afa0d0d503757081ef8939c3602bbc110929df3,82
0x6afa111b401c1c4c3faa034d61cf65b3ae268069,2
0x6afa14128b032f8d1f0fc0e6b75dc8e4142ee02f,23
0x6afa17ba3cbd5f970616391acfb96cdc2d97cd1d,1
0x6afa17dff079a089a3df4b2e4921cb24bd1c006d,23
0x6afa1ea3aa8f20aef3ab088c8abb08b24ce1a30d,1
0x6afa1f9b751aa4c472eb696449836f355f41b448,23
0x6afa203e4c455c29f6004dd7c84dd2b1dc8ba047,57
0x6afa20c40f0577dad005deb3c328f54c2bdfff96edfe178fbe8ab740912280fd,1
0x6afa2450399a658790041ea66433ff50804fb200,23
0x6afa26050385199b1357747c9482dc764752a055,26
0x6afa29ef653d52f131ec2f32d01fe0b725ad2b84840419c4b982d7532a089b13,4
0x6afa2df512fc7a75fd3146e31013e5807aad0b3c,115
0x6afa31f714ea311e13d55d547449d0b6028ce7f1,110
0x6afa33d971ce5f3d9f06ac443e627966b1abd4d0663810cf9863b8ba048f9bdd,1
0x6afa368b19ee4bab7001dee7c1cb0a5fa86c728c70d0faf777f5c9142b846fce,1
0x6afa36b8867a118587f1c62a74a210a1c56002fed79852a2e5b237a542c9beb0,1
0x6afa3b98fb820c6bfe530353b4eed30c24096a2c,44
0x6afa3c65e3df44338327e8688372d8f02641431c,1
0x6afa3dc203e4d1599447071a36b117b30f132a7fddb30f1bb360666d21a31aa5,2
0x6afa3e0ea3cff7f9027a7e89938d512603d694e4,2
0x6afa3f37854a323b09818e174ee10abda7ae036f,8
0x6afa43b22b87f33311a33071438ddf3a1147b1d2,54
0x6afa43eb5ceff0f10720f33caa6f15b5ee8abc29,1
0x6afa4c480aad3f97a392fdc36e87e45111a50df8,2089
0x6afa4cab0ef7ae5b7f876d9deb12d0f4022633bf,1
0x6afa4e49d621d5b7c9b0d3dc3f3772106c441434,60
0x6afa55e0e6bd78ceb5234fba220e6d172691066c,57
0x6afa567c0ee1354c676d86ccd91d281e44ae0415,1
0x6afa5b05702f59df219c705df8da3acf3c48d35c,4
0x6afa5eb1c44959d99a2a6ac8643c7b5c56208cb0,2
0x6afa608105e8e4781850f179084e7cc5f023900b,9
0x6afa653100aae9f01d40d55be1b05d095eee430d,2
0x6afa68f9a0d5c109864d8c473f76fb8537608678,40
0x6afa6a5ff54ff01811b213d429358e2f3ac2d2c8,1
0x6afa6e90865deda8be844ec9fe81be8566c33392,1
0x6afa73172fb7ea9f593b68572cc699ff23c8bef0,2
0x6afa73edd586d91cf97e5ba80b2c9c1902a159b2,3
0x6afa7995514c25df23b9ac0a656e395f1143abc7f24dfbf5e855ff3dfe185fb6,1
0x6afa7a8fe4ef63b07bd9b91d5100b18fa488b7c3,80
0x6afa7aa6cd2a4d4eb3b452717bd0aca1ecef9b89,3
0x6afa81e0ac609eaca17750e1492a0d279987b72060b287b6fd10f987c910f35c,1
0x6afa87418cc26cd5ac82e88553567e465efea535,73
0x6afa8988b53728a672c26cda694de55a3b0af18a,1
0x6afa8ab8b1cef386cc31e5ac1e619a2a9523a300,59
0x6afa8b7181998de432e7f8e49609523c579498b0,17
0x6afa8bc1780f64d49e5b438632b79e4fe2777709,2
0x6afa8e6a8ca05d0d7e3522b9b725ae2a2a400e2f,52
0x6afa8fe8653bef36c829f9ad2ce7b85702849237,2
0x6afa91b089ea4113c94086994e7f21f495036c4f,1
0x6afa93f4fdd86e278019b53f1d1e5871429cd93a,39
0x6afa94b3c7744dba061bdfa1b6dbea7358ca0345,21
0x6afa94e1075556095e630d52eab3cabcb1f8636f,16
0x6afa95929c087bd4f455d995d4f312b690fb5dee,432
0x6afa960e4a5911c1541300f1be3717361e22f9f2,1
0x6afa96db95cebd726539fadf1152fd3f16275771,10
0x6afa976ca65c7e4f20579b3775b331ef940377540321d88ff77d2a73f96ef116,3
0x6afa9a784f0f1c6681da02112c5f0a45d129f459,2
0x6afa9cacb325d9429b8818a062adea9e7e7e74bc,1
0x6afaa1038e0247442da47c0337ebbfd3090924d1,62
0x6afaa4a549ee7ab3cf4cc0aba8704cb7f7de7de0,3
0x6afaa6ebf4bee758012a6d84ec2ff548d55b6618,7
0x6afaa74235d081d0d90ba215a248308fc29499ee,29
0x6afaa8578a86adfcb8558e167c028aa847be3f7eb0ad560b0fb2f407b8317057,1
0x6afaad496f8803afdaf26da0b3573f5bb9d384e6,46
0x6afaafd30c56d04033211b7971bddf8415010501,3
0x6afab48f73049010598ea6453a0aa13191342064,61
0x6afab801c1818a311d2f80ab4715b93d8f53d559,1
0x6afabb72f926528aee0222315893a622e541a5b1,63
0x6afabbefeacd0659056bd5dfde42768d15896b7e,26
0x6afabe27ab13124fcca7c5cc22f7f488a98fdb14,2
0x6afac3b6255c8724fbf7b98566e0ffc2ecaca60b,1
0x6afac44c4815fd5bbc6ac61e6c9bac19e4fba598,128
0x6afac6628e27c6f98232378a6dd1bba1bb0608b0,32
0x6afac67e6f70fd73ab4c0a57d6e5fea2ebaadc7a,30
0x6afac829faf354a08d0a34214f104a101b1e4725,3
0x6afacc13855c6d27489f1af670da6b0e95083132,21
0x6afad0aec9138df33e3c493b6bf8059ad4d8bbf4,1
0x6afad4d26bc6df5b7c9413db7697d91754bd82b7a92853813648b70a86373b38,1
0x6afad862ea683f94f65d3afc04c70f97f020258a,6
0x6afad871be51887ff05744c46167a9f0580a147026873297e83e2e3a182ad9ac,1
0x6afadf2029eba3ddda37c7086fc7fb80b90ebae7,28
0x6afae69fc22f879a8ca3470f8897e8c8f7727d23,126
0x6afae90037a9e02ccd72ceeb1781d0d190172c84,2
0x6afaef9dfea5e638b5e0418492017dab099133fd,1
0x6afaf510ee78c45bfe2846405c36cb4369154ba9,32
0x6afaf5f4cc88ba76fc109a29e995445d490f176240e6fbeb54ef993d67b45941,1
0x6afaf8f7b3fe561babbb2eb5ced2311ec271a5b0,157
0x6afafa270eb4a0d1e14db7ebe3406297b9cb4a5d,3
0x6afafb7b1b858f619da32f2b572826441d0b81cbe262bcff08b740a289a2b48c,54
0x6afb055d3b05781d7ef1c5c1db876dc87bf196e6b6c09ebc96fc76b5ddd8b589,1
0x6afb05a23703decd9285edc23df001de46ce00ae,61
0x6afb05bc555048f8992b1bddbbefa6de319684d3,2
0x6afb076e9b2879a12153013ec30b5e92b3a84ecb,1
0x6afb085040cd2b403fc2916c28b897126ea753d0a96defcd5f96126a5e9d24dd,2
0x6afb0977f6b0d16f4b49f9e76e9738c8028bef02,1
0x6afb1276ce7fb6536d55b5ddba612174dd87053839d04c71ea5645f6adef2f16,1
0x6afb12ee75e9f62d4ad0771577a30a21bd32f30c,2
0x6afb151fcd17d10173d9a06f6c289d63a64e63f9,2
0x6afb1604f08aaf430b153f0b8cfdcd043758b5e8,42
0x6afb16e00a13231ae1d158ce920ebc6efb590d64,1
0x6afb19400d84bef888e40e86d9f0213a77f3b8b8,1
0x6afb1e584e4881c1fd47a84a3c299bca67d58044,1
0x6afb1e66db22e70dde11288076551f13228b40c3,22
0x6afb1ebbf25932d7566c5d6a4d8fa6dda2659c6e,1
0x6afb1fa4bb3c5e51e74141646d2e03d3beb22979,63
0x6afb2035f54f6a2b97c53363f51ff049bbd7b13c,4
0x6afb2141c6186cc5a571243e553825fc561ced6221110de4d60e85ea4459fdbc,1
0x6afb264047a6c67778da2efab49e240f18109bcb,5
0x6afb26ad040c034892aa78498ac56ff2b81a0d01,2
0x6afb2cfeaf5554dc75ac3ebbd2d7e01e6911996b,1
0x6afb2d37ab6d5621cb5e78e05bd65c54260773d2,33
0x6afb2e0c2f59f8302d0a41e2046ea1398bc2d6a7,46
0x6afb33c0cd44cda1d3d47ea742683978df633632,65
0x6afb3cd07b4cf83ef923a5406c4a44be26ff72a5,2
0x6afb3fbf12f6a1df2f715a159e90bd9c49a6152c,26
0x6afb488d1274cb689aabd8744427392142179180,2
0x6afb4bbd5044f0ba0ef1ee98c73fc20554a156e0,2
0x6afb514ca1342aa05d7813807ee2d28145e2b6ac,2
0x6afb53859df3a9900783c0aaa98887378359d53f,29
0x6afb57d36211fd64e57c9a737e4f8d82197499eb,34
0x6afb5c668dad2f96dedbce808328fdcb3d157bf1,1
0x6afb5dcd82e7f69bb9606a9a753e24009b1a2849,1
0x6afb5f3858b9542b275a87b555a46dbec5f152e4,58
0x6afb6004abdda81cf8af378e8d2b4e70b93a274c,39
0x6afb608b0d36a2c3532c087883c5c54ee91363c1,8
0x6afb675e10ce4808ea39b3ebd08ac8d7b38f0cad126128df7c03b8e46db8af20,1
0x6afb6a536e4399bf6dfa804f50a3e135169edca6,7
0x6afb6b4511201d62c228317ee992ee3c8306360d,66
0x6afb6bd4fd5dabb0ec4caae34636cea90249f081,17
0x6afb757fe428cadb1da2ba04fd565b8eec94cd66,79
0x6afb7715bb48fb01325b403ba8bcd445e9603686,1
0x6afb77abec63eeffb14814381d83968bda6ca65a,12
0x6afb77e70844c978bd7d65b94e7bd09218693659,2
0x6afb7a312fd7c5fc7c8c1575d9d476f5d58a7c41,1
0x6afb7abebfdf18a28f916e973df115c94e4fc84f,33
0x6afb7cd57ed0e1eb9ce3b864845bcd5fc65b68ee,1
0x6afb82a6b423ea2c7e4fed5ab2a8e53f2eab27f0,4
0x6afb85fcb196a405a8dd7e2270899f45b71d8c8be9c7a8354ec253cab262ec53,2
0x6afb8cf54ce1d3a655a3ccc20662a639f45f98e2,1
0x6afb8d9a613c845518355050c60b177ca34946ba,34
0x6afb8f3dc95ded90fbc8366c0291198056f8b7c9,30
0x6afb92c5a66f618988e8d0576addebdc56b501395a1bb8a9295e304e6decafee,1
0x6afb940edaf1289671f2a83eced08eeb0b0624fe,1
0x6afb969484b4e0f75e9194d954481f9db21797025f6df30e773a4a99158bb8b9,1
0x6afb9dad199d87d00b8931669f281942505e7794,1
0x6afb9e9b7a297bd96c8e7d370496dbd813c44d1e,2
0x6afba1ba9373c1bc2ab7a636a50d8d3fb3921f16,8
0x6afba36806158a7589d9afa915cc7fe764bbf1c4,5
0x6afba901b5e7e93e16ff1717e683c7c670e6f68c,33
0x6afba92dd13eb5f71524aea71075b9b53de75f5781bb3a9d39029ad0880b2931,2
0x6afbaac774e761c6685c4225087a291781f17d7b,1
0x6afbaba740c973cb6fc568e14c5c9c44ab7cb446,1
0x6afbabd050ee883a2e8125d367e5f7f410172e57,77
0x6afbb0cec5c9ec4009714fdb96a4204d72d545b2,1
0x6afbb5a2f7af77d0f11a747d9fa7d8e425711253,2
0x6afbb5d3a9c3c3224c213838f8afc040cec88c95,2
0x6afbb6de351b10eb8bf1f5f201671c96326db106cd46428a1afd7528102a169,1
0x6afbb755a0b773ecb5852155aac28d7127f60ad3,22
0x6afbbf18d4fa1f66ace447a47096196ba98e1498,3
0x6afbc2da8c3dc7d0b918b60cef5c573c679e0b4b,30
0x6afbc428dcde09679592b330a9164247e9614bd3,10
0x6afbc705df2ce086a5962c850e73ae587e605e77e6afa7681e84c150b00dd48a,1
0x6afbc905695bdafa503b62d78f62a6f79d65cea9,3
0x6afbcd3daaad06e75934adc4219543052b65a84849fd0e14729e70b670f34dfc,1
0x6afbd0783af56f1a439ed0f3900e7006b3a6d013,6
0x6afbd07cef8eac5ec496ed9eb5075aa300b7681884f35a94ef4874008b2412ce,2
0x6afbd1f981aad5fe2c61a8d57e95d7efb31b76cc,3
0x6afbd88091e8f8bcc3c6f9b0e246f5bc3ed62b70,3
0x6afbd8a276d5591c125ca101da97f798c4563508,7
0x6afbdaa5bc1ec0e3de8bfb7f12f276460fc9eab4,3
0x6afbdb6cfc6cc01fe83382b80f464629a067c9653f79d7dd81ae1100b3ff5920,6
0x6afbdee790486b9244ee32f42a67d1646613a6e8,129
0x6afbe131409b4ab1d2e80facad1fe4520aae00fa,1
0x6afbe7482cf93d7f4e0dca2eb6a86ceb3bbad3c5,4
0x6afbeecfffa09c3a69fc0311b4bf828298201130,5
0x6afbefda82e2c9820d86ecfdf0c0644d28b70358,26
0x6afbefdb8f9eaa05445f6311f09955ead7bb3dad,62
0x6afbf3f39b896c28f89e7f50b3b703504848c15ea67cba2a5ad14f2c870b4151,3
0x6afbf8aa09380c5f53538bb1b4970c64248f7a5a,1
0x6afbfd47fb4079360d19114212f4094dad687c5d,1
0x6afc0273588267f8dcae6b7196c6082ea3fa3961,6
0x6afc03ab56af6fe9e60a7dd445c1d2fa8a510d4d,1
0x6afc04abffae921b37a14f0e2a386a7fa054a49d5ab5c8174dd6d857fc8ff74a,11
0x6afc062befb681dfb077318ea600c158e9d833df,16
0x6afc079f31a3a240f82cef754cd88a5ac596ba4a,4
0x6afc086bb14713dd49c67b60f978bdf395c623a3150fc7f468385416a45565ff,1
0x6afc0a7fbb7fcbbc3d98f5f9c3ad19e1c80a8dc1,31
0x6afc0fb46402557659d9c33f7d9b8f2031333d3d,69
0x6afc0fe293e72e6375357ba610410b0f37a3ab54,1
0x6afc11c4be62f5024e30b04fafcf4d03f69f51cd,2
0x6afc126547d7eb942ee9f13819e17162130d04ff3ed64db932f8f80d1b60a401,3
0x6afc1405ad5b841fad0484e74688381bfe0aa871,1
0x6afc15b19ddeed5eb95a60010496723aa224c8f5,92
0x6afc1db1e69a01bc3e3514bcff08a6a4ad2944a1,56
0x6afc2116bb3ed9291241039835cb77f957c062ed,1
0x6afc23615844f83c51d061f515f8b14aa49e7a5d,1
0x6afc23e0cc3d15bb8ef8a95622c9a05433304400fa0a7338c9b4e921f10a6f50,1
0x6afc24e3b85d8f4203017190fabfe42a30999ed9,3
0x6afc2a65d86234656baa835bd28e421a9c74be13,1
0x6afc2a67a3a226d653c71ebad253652f1be35e7d,17
0x6afc35545b1cc4ca2be80222cb0f3fb4639bf398,1
0x6afc377cc25ce4787b4195cd1cd13997aca26175,1
0x6afc3ca9f23334192c2de3dfd93114094cea5b1c,1
0x6afc3d46ec5941050302daae389d0bc943d0643c,12
0x6afc3e85d00ac208f6b113fe5f63f262e1e46022,5
0x6afc406e614516e33d9123ca626c6c3300f9f8ae9c4a2c199d382a87cd73c1f,2
0x6afc460c4df80d779f9d969a680e8d239a9479778cac99938b7cfdf227e10c04,3
0x6afc466846b1ff83499e485a2cd4e670c35e677d,1
0x6afc484c18b6c20bd68f638de168a8bfea804c5e,1
0x6afc4fef5060ddc5d3624497f20ca4c554d66077,34
0x6afc59e83786e69fecafb67ad8e1bbf3b46cb89f,42
0x6afc5a5576f702ec29ecba6ecd16db31adb81d42f8615db87fc48ecdaae994ab,4
0x6afc60c68f0711c8b1ef70bf8ea0e06a44ee9079bfe0decd6d852c7522d3b222,9
0x6afc6818eba444765e8b610c4942fb13e14136d5,1
0x6afc686bf603666f208ee43fe5755535e0824f06,13
0x6afc6c9691641c8ba3607bf70e7adc5d88f5fd2b,38
0x6afc734801dbeb81e06f5bc5dfe34fbb65f99bee,75
0x6afc77da60c4e30acda268ed84848d700faacd26,25
0x6afc78beac058c7ada31152d76f6a64541021f73,1
0x6afc79885bd576b9e5887bff4d8888fff9e4d9ad,2
0x6afc7b36811eea32b6f99547ffe22cadf4ce9211,20
0x6afc7be0610e0f0dd39191e5ae0e7923bd14a11e,1
0x6afc7be7732b6a80f0e2bd2ae72cf42b64dd12f9,42
0x6afc7da534e3ef9588e9939009f347c5cdce10fe76cc4a888ed825fb3495ddd0,1
0x6afc820717e8a67e3e0f59898b14ffcee819d8e7,13
0x6afc8775a69aff02c112244cf238b1ff4092d16864340a03684a4d3058465c69,3
0x6afc8918bf93f24e8f0e71e8815d5d6d54e19185,1
0x6afc8b7a75757cd3053d59e7f3b6bb52c68438ec,1
0x6afc8dd64225d4f29c1560e34429b3f2fc1d6e8550ff7cca9c518d0817084aa1,2
0x6afc908fd3362fb1c3b4195e903c0a1863d71b9f,16
0x6afc91bf43b17f5f5145f06eb88f88697c4af786f0839b67a86374042e3cea35,1
0x6afc9298616b00e6ea5e5da88719b740a196a41c,25
0x6afc95fcb3966682d6109bbdb732b3a30aa3ce64,30
0x6afc96f605214d32e7871e55ae8735b0e2df0dfc,8
0x6afc9b3bfd9d1bd7495822f236f57a2dce501842,14
0x6afca199cb7f003e2577757a1b9729a1a902d26d,10
0x6afca902f2af8ff0e598c5f9f14dcf2653b2866e,2
0x6afcab068c2b827803b49c2ea9cb84b7a3777dc1,34
0x6afcabf94be5d3d5d38e431b4d60e18465611311,43
0x6afcad5cd967bfae94522767a0eed398def48d67,1
0x6afcb5a8aafe55d9514fb30fe0b4e2b9758507ea,67
0x6afcb76657132e856d09d817e64ef14b5231f1d8,6
0x6afcbae9fde732cef57d1739af4932c5d2c94e70783ac02ab75429c38cd1063f,1
0x6afcbd267d0631a0eb947d7a8f7d26db0bd945a7,30
0x6afcbdcb85c6c37be9105d12a0184c14df315811d9f48981cc51bd3b38ea85d9,1
0x6afcc53818ed79d0ec8ea5ad48833b1bc03ab786,40
0x6afcc56c94a103dcdc18a37607bcb79da74e0b2d,1
0x6afcc75a7117a5270473193a551509cd4fb94dfa,20
0x6afcc96e2e13b31d70f011ede8202157a5f73889,3
0x6afccdbd33809b26b56f4635d55b9c77efaac23e,14
0x6afcce1f032d23d9937879c79fb9897de33958d7670c00f2c3bb4dc9989e9162,1
0x6afccf21de45a75d29bd3f34ef6e99ab2aceafbf,3
0x6afcd29549c4a6178aada81792b39f51a04586fe,17
0x6afce21e403b40fbda4c20fd44e286e846d292a6,12
0x6afce94891692e52dbb2f875cba131195ef76e61,1
0x6afcec0f789630b82dc69533f8eb54718d626daa,55
0x6afced921a9af12c1b0f415661a79d3a74af5e29,30
0x6afceed7b46529f35232436f52ee2efe85f8414d,53
0x6afcf0209023a6eee8fe726d22d49a67f3fa8a4f,25
0x6afcf25bfbc827484a3c6959b87930a66bd295b2,1
0x6afcf26ff046889c41fe2d039e2100d176c61177,31
0x6afcf2dc6523710587d16e125b327ec84c05a172,130
0x6afcf6030ae1350f104f9b5e3c75d903fd7dcaf3381d4b7bfed3225cd68b37c2,1
0x6afcf8b3a0f2d5f565145d1e77fa097c89303fa7,39
0x6afcfa84d30fe597cee309264ebb151bbaf520ab,1
0x6afcfbc84ecd05fbd4bc538165d155b35141360a,44
0x6afcfbd60fbcc6aa4e5b23dc252ac372b1acb32c,49
0x6afcfef3f6389f2aa0f591de89768b24c74f649679415f9e3b70607697e138be,1
0x6afd05b0aa232024b948d41aa396f48b8c761663,29
0x6afd06bc519b6352724b56683af188c6b20e8fe5,92
0x6afd08f7a3562baf8e3d59609f9231e9d9c11f042bd7b527def0501e83fb3138,31
0x6afd0be5b024087afc6044b9a11e1086f8c746c3,26
0x6afd0cf9e929bf7c46b8b729233697bc22607888,69
0x6afd0db61f42f73068dd292f9e82707f584caf75,13
0x6afd102c5a4e07e5d968c52958bb1baac249d043,65
0x6afd1113bc5e68997bc9fdd0c2313eb1cac77fd4,10
0x6afd12b2ad6c05105fd33900119c7fcb82ed77cb,37
0x6afd16d5e59c7dc97c0e10f13354f8e8d10fc81f,1
0x6afd18baecdca9b372c0ebb46d77c69c9fed50f5,78
0x6afd1b76f6296d01d618662a451fcb5f24d2979d,18
0x6afd1e97084f438de41658538edec5d7e1a60142,15
0x6afd2b4f43b417ca1b758fab170a1b72d7f52e6a,3
0x6afd31419bc20aba1fbcc0c056c03a699ff716aae1598eeea4dbebc9fa3e156e,2
0x6afd35e15a216ed1ddcdc400f4e480b14d1270c0,78
0x6afd3c2d1275fd30ea54ecfac3282f5b6b538e3e,1
0x6afd3e6465934e10a123433fad10e038e0d35f4d,1
0x6afd415fbe04a0cb779d12d45db3aec616d098ff,1
0x6afd421586052ac35ea50495ae61ac6e5da01503,2
0x6afd42d5488f453f78d490aeafd9963b372d6580,1
0x6afd434f26d6182d8587df5090d1e05f01f11470,1
0x6afd48c95f81512e3c6a64aaeefdc7d1eb44d6924145e347fe9a5d175cc0d725,2
0x6afd4acb7716264bbecd314c5713c32d415a795a,60
0x6afd4b8eda83233a44bc0d5a5bece9af5155abe4,2
0x6afd50af34ded5b7fbad70fab4add8d6561780aa318feb09a49089f5776a456,1
0x6afd5119a64aae8b857896c80e4dfb884843a54fb9c8cece06c48aeb8e5fc07e,2
0x6afd54199126a0fa16ec53322c5a66f68cae29fc,9
0x6afd56c4ed009a5e09b9f44a525ab7d1740a6968,35
0x6afd59ad45f032e0a2334b144ba70d20a0785ac2,1
0x6afd59ef2b229a12f9e958f160c7687d20a3f1537ed31cc4aeff03261e7bdcd6,1
0x6afd5f1e482cda6c868bfcff0483a388a2830738,5
0x6afd5fbac299447f0ac69cb93827e39041206136656fab960c124017402970ce,1
0x6afd60361d7066d01f2c2df2f0fea89cf4e1ba60,2
0x6afd63a736a43a9d1e6053832ee4ff82a243b95a,25
0x6afd64db72f96ef881523c7eb8ecea881b0ea3d0,28
0x6afd657c60cfcbafddb20be31294dd86f39c23e1,28
0x6afd660b5c980e18d9cffdd86cb851d0c910dd3f4fa4c1c44f6a2ea6769c226f,6
0x6afd66b877d24fe7baf68af4c7a1882e513a329745986314c53fab267c67baad,1
0x6afd6a0127061ca422f1a660114f3dc108164c579a1fbcccbcf0d1f3f291e00,1
0x6afd6df34fcc84d9b129a0f609795c6fa44ef181,58
0x6afd74ef91cd1819ec882fb87346a5d52cf06677,1
0x6afd7acd61d1f5c199dae6b4705164423ad779b9,74
0x6afd7b499aa802caca783e6b872f29d9c48e3a87,49
0x6afd7ded4c1bdc7726356f7b0c1751aa9d791e26,27
0x6afd7e1727fc79549b2b28d0f6d4ac957c627a78,131
0x6afd84df9d3c69fd79fc0682ae74913b5190b6f9,31
0x6afd8659a18f58835f6a84f24c5696ac609fcb9d,8
0x6afd86938f8c6970b6fe02e615df7c52e3c53760,1
0x6afd8b45ae531d5bdb0160157b42abc69e5afc95b4bb37fa46516ce452733648,2
0x6afd92be3f027407b4ee7b91d934e118e9504dec20c0254d52ea15bfef3af5fa,1
0x6afd92cd77bf8702b3ba96be550745d5a4e02d294661cac3b7d714f176bc2c04,1
0x6afd941544641022261f15d257efd016784a8ecc,52
0x6afd97a73a84e79f1af6503cfd0913e96db261fd,12
0x6afd98fabff063711aa72000de25dc650022f0f8,1
0x6afd9a2b7f727dd134866d454d8493a7d9b9a7ae,3
0x6afd9c0d300d2e569f5135affe5c3fce1ab6952e772e63d308f04bcdec54b83f,1
0x6afda1ac42f504145c16b60c4389c2ce49e5a32a5782ac5b746c4afcf77a69c,10
0x6afda29c173f601a5dded810bee3516799b54e90,8
0x6afda423beb56e8cf965b8374ebcdf706c223ee0,2
0x6afda67b0e9a9a4b91fe253ba5e5a8ecd988e97c,44
0x6afdb154d82e5b70517942ec926455e8f0c5bff6,4
0x6afdb60ef6231100ea030b69402e55d52fa5b8d2,24
0x6afdb6666646bccd88777f19b63ccce561484739,63
0x6afdb786ba4b9044aff9d5d85a4dcffa00c8d7cd,2
0x6afdbb09598b0bacf601028a57186bc5ef190f7a,3
0x6afdbb13247e4f2131e094fceb5ef1ce1cdc93c9,32
0x6afdc1c82ed770c46b36a9fb6bc3e176ade01edc,24
0x6afdc2ac2ddb2736056ddd741d30e4505fbf3b45b9cff0100bb026f0948e119,2
0x6afdc3ca2b55ec7294842b040938d65b66a492b4,8
0x6afdc3cafa8daed92573e12073c0b09abb9b1056,1
0x6afdc6cc1a28ed549eb69c08d4869bb295b59447,3
0x6afdca0bfae74dfafde704d9e397d27ed7e0507f,44
0x6afdcbee7f09e9ca747ad531baa1456431c486e1,72
0x6afdd42d5b99aed12e3fd87950d6c508b210800d,45
0x6afdd536e8129dd55a3de15e10b257df6e1f2e4d,2
0x6afddb9bebd741c416101da01cb4227e0937afb84d5e41f7126d3f3873835d3f,2
0x6afde0ec1a5dd00d99d96544a894ac672d389379,1
0x6afde44557ffe29bbf588c34c8817d6c231c820e,15
0x6afde689a8031a3cb21990f43f5ff6da7cdfd995,40
0x6afde9f03357a3efebfd781fcb081a05b8271567,17
0x6afdf7b07cb13f14eb766854d1593c6d3bf0774b,21
0x6afdf83f5654df18bef7e55905ee6720a1b6cfa7,22
0x6afdfa2debd144a204db0e7794e3aeb8f0874091,27
0x6afdfb70a98b4309a76f96fbd596e3a41561c3ed,47
0x6afdfc9241cd8916078f47e165a6323614ecfd1ec30cf19aaa7ee6fbabec0856,8
0x6afe05bf46351e181837f4e05d6c1f4ddffc2c08,3
0x6afe05dfbe10a3931eb39774bc38a422c0816c4d,6
0x6afe0937b834e1b2575655b811665016454db237,7
0x6afe0e466a9b4f11b6b4a9985e50e1274bc40596634a7f51833baa6d38bdb670,2
0x6afe114724c391293ed08d7abe1adf0b1af3229c,62
0x6afe135c46a03fdd86a22c47de6b7801e3867b21,3
0x6afe1465b7058c213c9b940aa0d18983789f1d92,1
0x6afe1bcdc8dc3f7d178273f900d92fbc63a1d55c,62
0x6afe1db19900b26d795e6fdf9b38b880f2b96c47,1
0x6afe2588ab046ae607c4cf4420e964652d1fd255,54
0x6afe26348bc7c2672fc2a142b1f278c6a7e4b460,1
0x6afe26557d6fad2c0ba5257e252f8b05d50b21ca,68
0x6afe280a39cda2f9f59ed4dcab9e9ecbf4de00f5,1
0x6afe2de021ba8ac079220f2e0c55c2fbe0b8cba2,38
0x6afe2e78c9c0eb2e4b5fa1ece3e0b9f51d2c5874,3
0x6afe2f1ee718c90bc6f594c0f5e9361dd3500948,2
0x6afe302f8382f398eb287a61b0c997fc673a80f1,3
0x6afe34e0bafe291c55dd52f641364e3c9c4dc520,71
0x6afe34ef84a37a6e4d8ab6b93c4b4f580dd47d67,13
0x6afe357c01576f470e536453820d555b01c75b1c,71
0x6afe3677cd3bc029f50a38d875b7d50f928fb4fb,16
0x6afe3943a7503d06f6489777b4db4523f5225cac,22
0x6afe44a7adc0317ea0605c2e6333622437f61bd7,1
0x6afe455d16f84cfd14b541dd21c98f5c8195b49f30eeca09bf1245a42e374b80,1
0x6afe46d98a68039a5eb8361a927bcf0a5e5e6dcc,29
0x6afe47651f431dd57841789317344a8bdef40d1b,1
0x6afe4859798e975bf4d93bf5700554178debbf7d,59
0x6afe4ba18a1b5c4521c883d54394e22abb2b31f82ea931c4048a7db37b44c67f,3
0x6afe4c90c8d9cbfd50ff8fd0ceae669b97cf79fd,1
0x6afe521c7dde6ea7beb0d5664ff642cc4f4d82aa,1
0x6afe53ff861cb10ec477b6e41c625cc8159d8166,1
0x6afe586ec1decdb0cb6e08be2845603253f59eed,1
0x6afe5afaa3a7a260e9bbf31fe8c93832b654857b,18
0x6afe5b28eb7199ea87917dde27ba1abd89a1e321,8
0x6afe5c3bbaa7a53d4e317cfd26e8753122cf452c,68
0x6afe5f343a24bf25100674d5a9ce07d158f14294,20
0x6afe5f512f610cf4be0b2384fc244f0cbd6577ca,16
0x6afe602c8bdea9e844246d87662617c417b0766e,5
0x6afe6555618ed97502c1ca4b4e8219f531bee4ea,122
0x6afe68797fd8bc196ebe2c62b584cda09f164157c59f27f0658e02123840cfe8,1
0x6afe68acb359e14e9877a8e1d243238f5746c357f0d5d98faaf4d084ebd89d10,1
0x6afe68e8e1154f80dc2932d08c52147b100e4f90d9a22ced0c7933cd6663c984,1
0x6afe6a8bf307e109c8392cb64fcde1231cfbeb28,15
0x6afe6c0d3a075869efd8a15bc102b1bba0a9cda3,1
0x6afe7198114ed97de5d2d5d1912243df65c1724d,17
0x6afe744f7e90e4a5b518cd4285349c71f422e123,3
0x6afe773db2aba9e97395818c43d8d2f57d12567b,16
0x6afe81be6a366fa21ec24ab8cfd45e8dda0d491d,3
0x6afe837f4c1476effe73ca250814cd3703075fe2,2
0x6afe88b7361a493cd57cf4097dc25f9ff0828693,90
0x6afe8fa97eedea757c01172d9e54e8db8674cef2,1
0x6afe90fc92170d849ff15f5296eebea068cf5f5b,71
0x6afe9606b0906cd18229c03d0934627a775b3863,53
0x6afea25befe8ed26e144f1f2cdb99c0e88664fe2,25
0x6afea8f4280a008554e332575680bb4467ec23ce,35
0x6afeabc7802278078d2612a5ec6cb275b9735587,53
0x6afeae149e399c45d1bc190c7dd3467ee0d6998e,84
0x6afeaef72cd28fdfb43cf89cf4b7f2b6b1216173,11
0x6afeb0fd827b12f4f98281aa2828c5992694f428,1
0x6afeb33a225d5cb7af9ed99b6d237de1e68020e7,59
0x6afeb4deed2135b9c3b8e00c9fb6a818290cc17f59143c054b6b2cdd95c4857e,2
0x6afeb5731419b0d156b1c340b7dead3952f63139,4
0x6afeb77b07a588099139149a9899b2dc7eb9adab,39
0x6afeb878356dbaa5ef4483d1edee9a9120ffb02c,1
0x6afeba6266718611e72218b6a3984105f4b4b200,8
0x6afec6bc5032ebfa91d881fc6bee80afb976e95b,2
0x6afec8c23cb5ca4b8538926a0a6aece73ea2ee791bf4a78466d001b34c8cc6f4,1
0x6afec9b7a248b64df6fe0b42713061b8c9fb0a5d,1
0x6afed2b3fca12151940cb8550e09a3aa92434b36,60
0x6afed2d90c11cef2277386ba69f09e40b2d7273efae0bb5806901f198a1aa9a0,1
0x6afed3cf81118bdd1252d8db992d077bdfcb057e,2
0x6afed9d2cb3c36f045f9e4fa69036d5495df67c2,5
0x6afedfb1d3f4615a8ade0e73a985b48890040a9d,13
0x6afee051fede17e065797def74e90b9cbbdcd5cb,41
0x6afee08a6f8c6b153d033257eb4a93a1e4f1ed56d0bdd8a75ba8059479a507b,7
0x6afee75bb85ad18624a2d9ff5309b6168cfcd9f0,1
0x6afee96e5c2bb37140a56020f5dc592e3623a065,26
0x6afef325949d89314ad51adeb2e811358d78dd07,33
0x6afef33c9c20dafdaa9c764c31dce61045528c10,42
0x6afef3ad00fe23abb3a36a6eb4111771c2762f87,38
0x6afef54a493666af78bc6be0ec737f502d081b9f,13
0x6afef9d093b47d2f5714fa5c214a9af61b0d7ce3,104
0x6afefab8ed8178cbc52563011cd9144211fb3b8e,30
0x6afefc903966b5eb4aaaefcc04e96f6a9e009229,9
0x6afefe1e8bf046465414a229369b5433c9d667b0,83
0x6aff00e64fe49d86ff08559c7d86e8c26f2b7013,30
0x6aff082dff8a10f89f8effc1ad9115562c3f7667,51
0x6aff090fea4f525b2462e6fad66a3097cde8a1d3,1
0x6aff091bd11bea8145509516d8110962a2afdfee,1
0x6aff0df27c78fc845aafc915e44605413f14febd,9
0x6aff0df930365d93e15e55ef8b42ece31b0efed2,3
0x6aff0e3a03beee1daae0b59b216316efcdb0f5d7,79
0x6aff0f0a6f201333644158cc1a61509597f28ae1,42
0x6aff121b46b487ba934d41f64514477a59b87531,1
0x6aff146900a4051c4187077076099c6673e09029,16
0x6aff17e31a454b6b3e0a3a0d44490bfb2e93cee6de6b3d344111081e27dc625c,1
0x6aff1aace1fc6fb673df25297afb4764a56c7ff1,72
0x6aff1c19ee95b28261abd403afdec27cd1a82e62,29
0x6aff1ed9bf688bfe2bd2e939696115d344ab5826,21
0x6aff1f1abeb0157f7c9ff5e10f80d9b9ae8d15c1,42
0x6aff2031b4bb08ef72aa88b15b3b874b057532b6,2
0x6aff21b3baac099cbfdb1629aed7329042716108,36
0x6aff22ec086b658b21a55f59975a3cfefe7e6922,1
0x6aff24fac283d2784be0486bba24438d9e5be595,44
0x6aff2655f0a111fa8b87aab960409bed0b374b4f,45
0x6aff285a1a30fa6463af5a35e50b1c319b9a619a46cae166e797b3e0574478c6,1
0x6aff2bb25fa4ef60c9fd51b9a7f161ee7679801c,5
0x6aff2d5b169099ff89e35ef1a03bbf4d398e0b3f,1
0x6aff2fc90526b11b0f5caa82b2fe40e2a807ec23,2
0x6aff343e4cda0cc97e91c1bbe737c08ed076daba,31
0x6aff34e530c5ff870c7f8dc011c7d3cb15e349c1d3eb7286c345c174bad866cd,1
0x6aff3661f5116e4e2f3a59755c8f2e8fa7accc97,71
0x6aff387c57ed453f28c528c3ad25b868ff6044f8,2
0x6aff38e2caf2363bd66ea0b061e54980b4f3e16d,6
0x6aff3a885259d52e19ef70ceaf4b516afddc8366,66
0x6aff3d326d1821366b3aed9c3dd03b003ad21368,4
0x6aff4281b15176a102a155bcb52520dfb0eb7c2a,12
0x6aff43ba80bc2f80390a15498650ae582b8196beb408aab63f5b48c01958119d,1
0x6aff4643f1992db260701f7c71b9e58cc3c70b44,40
0x6aff4675c43a5af76577dc77dd3a91ac0a26299d,35
0x6aff489e1faaff3faa7703e245632767ba269d343df4bb3907f6e895ecb7a7f4,1
0x6aff4ad04f226bce745312e9aaee4ca70f16bd96,9
0x6aff4c61413c8e316931b0a57fc53cb3db7778dfa7c0b161cbcde226c3912e70,3
0x6aff4f55f3bd8d4f266547cd4681c7e5568ad2defcb028b2db143080061023d3,2
0x6aff51015b51464032198e259a0c2607f7c567a4,97
0x6aff51c1c5bdd5eb0f2b23f123e7f7dfe8c54152,1
0x6aff618ccf552f3966aa1d64a8b095f798c8f7cf,59
0x6aff6987902f41a435316dd7d3ef0a049d55719f,35
0x6aff6d10f271d968ba5c66465c5898062fd84e2b,3
0x6aff6e98b7c96d51602f3ff2357e54bb8a787343,48
0x6aff7684334e35831359976bc9ee14ac12c8a5af,84
0x6aff7be61f4b4f5071effc131370c668db873742,33
0x6aff84b44d009c410fe93f9afe22d00faef3a91b,1
0x6aff84cc981db2bea26c275af7ea154cf5f1eb4f,56
0x6aff876883eb5a395a42d3d94b23f31fe6017bfd,36
0x6aff88c8f51441fadf34b68635e337c19d3dae000d4d6eb92e990196f3741769,2
0x6aff8fabfc8d751788b93edb010e5c2aeadb43435a3f435746ec953056331b3b,3
0x6aff927b53195d3d08249425dd0e2e6fedb62440,1
0x6aff92f84625ae8843eda86933cce042c31d5e1e,11
0x6aff97bba46f547dd8a0ae9a1b82b72c0853a65f,1
0x6aff97cc613c9458417369e930fba846cea2a016,10
0x6affa2334ecca8daebd277e1f8c121905cccf7f4,2
0x6affa3b59317b79ba636f623e247965f516a1126,1
0x6affa8e9d48e0c80e6235efb34888ba5f2abf462,47
0x6affad6e3cb919a94ab79cf0843412ef5178cfaa,1
0x6affae82864580d7cda00e94919a578866bc7ee1,19
0x6affb23a5053db49c740e3eac8374ae061d760e1,56
0x6affb2a841a02eccbf8062d49c45eec4ba019e54,1
0x6affb2f8e1f885b2cc43841ed64b0ea5fc607026,58
0x6affb8d232261a7d581fde175898d35c021a50c4,50
0x6affbc8d52405ea6fc141bc1a22e4e26a7717242,1
0x6affbeaf16b2f92053d98a92d3a7a9d68b8f8c54,20
0x6affc141f50f4860f4943318caf9dcfe79cb4d1f,8
0x6affccff65f6ab6d799a163cff7d0284d0d6cbcc,4
0x6affcec7813f38ff9bd883f9bc39a2711261bf70,13
0x6affd43403cb2ea9b11ff14cc30bfe648c75dc61,99
0x6affd7f8a437376b30f3d51bb0bf3bc71279a92b,28
0x6affd85d77b1d3ad3b1f0bcb9f60a62a64b02f70,94
0x6affe32ebfebf7d53dcf38ba5f0f48b6155cea29,45
0x6affe6fd929dc93e0b19a85bd1a9b2127321b9fa,4
0x6affe9eeac71cdd0a127c65013532ea6889960c8,1
0x6affeae425a6331f259e87cbfe96698af98827291822e2786c9d7ab3b07d0d28,1
0x6affeb25f79378e7d01d8dd783c0781e6484f889,19
0x6affede7dde6a791a34363f1aefb7ab4b5fcb420c3f04b2a6fbf8035725cf5c7,1
0x6affef8a439b0ea669219a2fd615e066c33ec05e,2
0x6affefd8e198769efb436d130290379a57ca5efa65c1c55de42f7195564aa2ed,1
0x6afff510f3eee22dd66c5590c9eb546c317f7d80,1
0x6afffc030669dde7d3116c07b83376ec6f9a32c4,41
